13.7753,12.9399,13.3511,
13.8835,12.6893,13.1954,
13.8293,12.9906,13.3511,
13.8835,12.7889,13.1954,
13.7216,12.6893,13.299,
13.7216,12.739,13.299,
13.7216,12.7889,13.5086,
13.8293,12.9399,13.4034,
13.668,12.8894,13.4559,
13.8835,12.9399,13.2471,
13.7216,12.8894,13.3511,
13.7753,12.8391,13.1954,
13.8835,13.0415,13.2471,
13.668,12.8894,13.5086,
13.8293,12.9399,13.4034,
13.8293,13.2471,13.2471,
13.7216,13.6147,13.299,
13.7753,14.1578,13.299,
13.7753,14.7811,13.5086,
13.8835,14.8975,13.4559,
13.8835,15.5552,14.0474,
13.668,16.1804,13.668,
13.668,16.5032,13.5615,
13.9379,17.1024,13.6147,
13.668,17.2388,14.1578,
13.7753,17.3075,13.9926,
13.8293,17.5154,13.8835,
13.7216,17.7971,14.2133,
13.7753,17.9399,14.0474,
13.8293,18.3026,14.1025,
13.8835,18.3026,13.1439,
13.7753,18.3026,13.4034,
13.8835,18.0117,13.4034,
13.8835,18.1565,13.5615,
13.9379,18.5988,13.0415,
13.7753,18.45,13.2471,
13.9379,18.5242,13.1439,
13.9926,18.6738,13.3511,
13.7216,18.8247,13.299,
13.7216,18.6738,13.2471,
13.8835,18.8247,13.0926,
13.7753,18.7491,13.8835,
14.0474,18.8247,14.6657,
13.9379,19.1309,14.1025,
13.9379,18.7491,13.9926,
13.9379,18.45,13.9926,
13.7753,18.5988,14.2691,
13.7216,18.3026,14.2691,
13.8835,18.3026,14.2691,
13.7216,17.7262,13.5086,
13.9926,17.5854,13.5615,
13.9379,17.3765,13.6147,
13.8293,17.3765,13.7216,
13.9379,17.3075,13.668,
13.9379,17.1705,13.7216,
13.9379,16.9672,13.8835,
13.8293,16.7666,13.7216,
13.8293,16.5686,13.9379,
13.8293,16.3086,14.0474,
13.9926,16.3086,14.1025,
13.8293,16.1804,15.3728,
13.7216,15.9271,16.0532,
13.9379,15.6781,14.9561,
14.0474,15.5552,15.0149,
13.8293,15.4334,16.1166,
13.7216,15.2525,16.9,
13.9379,15.3126,14.7233,
13.8293,14.9561,16.6343,
13.9926,14.7233,16.5032,
13.9379,14.8392,16.7003,
13.7216,14.4377,16.9672,
13.8293,14.2691,16.438,
13.7753,14.2691,16.9672,
13.7753,14.1025,15.6781,
13.9926,13.9379,15.6781,
13.9379,13.8293,16.1166,
13.7216,13.668,15.99,
13.7753,13.5615,16.7003,
13.7753,13.4559,18.8247,
13.7753,13.4034,17.9399,
13.9926,13.4034,16.0532,
13.9379,13.2471,16.0532,
13.7216,13.0415,14.8975,
13.7216,13.0926,18.0839,
13.7216,13.0415,18.45,
13.7216,13.0415,14.7811,
13.8835,13.2471,14.1025,
14.0474,13.1439,13.9926,
13.8293,12.8391,13.7753,
13.7753,12.7889,13.9379,
13.668,12.8391,14.0474,
13.668,12.9399,15.2525,
13.7753,12.7889,16.2444,
13.9379,12.8894,15.8021,
13.8293,12.739,15.0149,
13.9379,12.8391,15.3728,
13.9379,12.9399,14.3251,
13.8293,12.6893,14.2133,
13.8835,12.8391,14.1578,
13.7216,12.8894,14.0474,
13.668,12.8391,14.0474,
13.8835,12.6893,14.0474,
13.7753,12.6893,14.1578,
13.7753,12.739,14.1578,
13.9379,12.739,13.9926,
