14.4377,13.0926,15.1332,
14.3251,13.2471,15.2525,
14.3812,13.2471,15.3126,
14.3812,13.299,15.2525,
14.4377,13.1954,15.3126,
14.4943,13.2471,15.0739,
14.4377,13.299,15.1332,
14.3812,13.1439,15.2525,
14.4943,13.1954,15.1332,
14.3812,13.3511,15.3728,
14.3812,13.2471,15.2525,
14.4377,13.5086,15.1332,
14.3812,13.4034,15.1927,
14.6084,13.3511,15.0739,
14.5512,13.5615,15.0739,
14.4377,13.7216,15.3126,
14.5512,14.0474,15.1927,
14.5512,14.5512,15.0739,
14.3812,14.8975,15.2525,
14.4943,14.9561,15.1927,
14.6084,15.2525,15.0739,
14.6084,15.5552,15.0149,
14.4377,15.99,15.1927,
14.5512,16.5686,15.2525,
14.6084,16.9,15.1332,
14.7811,17.1024,15.1927,
14.6657,17.1024,15.3126,
14.4943,17.5854,15.2525,
14.6084,17.6556,15.1332,
14.5512,18.0839,15.3126,
14.7233,18.45,15.3728,
14.7811,18.5242,15.2525,
14.8392,18.5242,15.1927,
14.7233,18.5242,15.1332,
14.7233,18.5242,15.3728,
14.7811,18.6738,15.1927,
14.8392,18.9007,15.2525,
14.7811,19.1309,16.0532,
14.8392,19.1309,16.1166,
14.6657,19.0538,15.74,
14.8392,19.0538,15.74,
14.7811,19.1309,16.5686,
14.7233,18.7491,16.438,
14.8975,19.0538,16.6343,
14.7811,19.1309,15.8021,
14.8392,18.9771,15.8021,
14.9561,18.9007,15.9271,
14.7233,18.9007,15.99,
14.8975,18.45,15.6781,
14.7233,18.3761,15.8021,
14.7811,17.7971,15.6166,
14.7811,17.4458,15.6166,
14.6657,17.4458,15.6166,
14.8392,17.3075,15.6166,
14.6084,17.0346,15.5552,
14.6657,16.8331,15.4942,
14.6657,16.9,15.3126,
14.6657,16.7666,15.3728,
14.8392,16.5032,15.2525,
14.7811,16.5032,15.1332,
14.6084,16.3086,15.5552,
14.6657,16.0532,15.3728,
14.6084,16.0532,15.3126,
14.6084,15.8645,15.4334,
14.6657,15.6781,15.2525,
14.6657,15.4942,15.1927,
14.6657,15.1927,15.4334,
14.7811,15.1332,15.3126,
14.6657,14.8975,15.1927,
14.6084,15.0149,15.3126,
14.7811,14.6657,15.0739,
14.6657,14.7233,15.1927,
14.7811,14.4943,15.3126,
14.6084,14.3812,15.3126,
14.4943,14.3812,15.2525,
14.6084,14.1025,15.0739,
14.6657,14.1578,15.1332,
14.7233,13.9379,15.0739,
14.6657,13.9926,15.1927,
14.5512,13.8835,15.2525,
14.6657,13.8293,15.3728,
14.5512,13.8293,15.2525,
14.6084,13.5615,15.4334,
14.7233,13.6147,15.1332,
14.5512,13.3511,15.0739,
14.4377,13.3511,15.2525,
14.6084,13.3511,15.2525,
14.6084,13.4559,15.3126,
14.6084,13.299,15.1332,
14.4943,13.4034,15.3126,
14.6084,13.2471,15.1927,
14.6084,13.299,15.0149,
14.6084,13.299,15.2525,
14.5512,13.299,15.3126,
14.5512,13.3511,15.3728,
14.4943,13.299,15.3126,
14.5512,13.1439,15.3126,
14.4943,13.2471,15.1927,
14.5512,13.0926,15.1332,
14.3812,13.2471,15.1927,
14.5512,13.3511,15.1927,
14.5512,13.1954,15.1927,
14.6657,13.2471,15.1332,
14.6084,13.0415,15.1332,
14.6657,12.9906,15.3126,
14.4377,12.9399,15.3728,
14.4943,12.9399,17.0346,
14.4943,13.1439,15.3126,
14.4943,13.0926,16.3732,
14.6084,12.9906,15.8645,
14.6084,12.9906,15.1332,
14.3812,12.9906,18.1565,
14.3812,12.8391,16.9,
