15.74,14.0474,17.7971,
15.74,14.1025,17.7262,
15.74,14.1025,17.7262,
15.74,14.0474,17.6556,
15.6781,14.0474,17.7262,
15.74,14.0474,17.7262,
15.74,14.1025,17.7262,
15.74,14.1025,17.7262,
15.74,14.1025,17.7971,
15.74,14.1025,17.7262,
15.6781,14.0474,17.7262,
15.74,14.1578,17.8683,
15.8021,14.1578,17.7971,
15.8645,14.2133,17.7971,
15.9271,14.3812,18.0117,
16.0532,14.6084,18.0117,
16.0532,14.7233,18.0117,
15.9271,14.7811,17.9399,
15.8645,14.8975,17.7971,
15.8645,15.1927,17.8683,
15.99,15.8645,18.0839,
15.99,16.0532,17.9399,
16.1166,16.3086,18.1565,
16.1804,16.5686,18.2293,
16.2444,16.9,18.3026,
16.5032,17.3765,18.3761,
16.5686,17.9399,18.5988,
16.5032,18.0117,18.5242,
16.5032,18.2293,18.5242,
16.5686,18.5242,18.5988,
16.5686,18.7491,18.5988,
16.438,18.9771,18.45,
16.3086,18.9771,18.2293,
15.74,18.5988,17.7262,
15.74,18.7491,17.7262,
15.6781,18.7491,17.5854,
15.8021,19.0538,17.7971,
15.99,19.443,18.0117,
16.2444,19.9225,18.2293,
16.2444,20.0855,18.3026,
16.3086,20.1676,18.3761,
16.3086,20.333,18.3761,
16.3732,20.333,18.45,
16.3086,20.5,18.3761,
16.2444,20.5841,18.3761,
16.2444,20.5841,18.3026,
16.2444,20.6687,18.3026,
16.2444,20.7537,18.3761,
16.1804,20.7537,18.2293,
16.1166,20.8391,18.2293,
16.1804,21.0112,18.3026,
16.1804,21.0979,18.3026,
16.1804,21.0112,18.2293,
16.1804,21.0979,18.2293,
16.1166,21.0979,18.2293,
16.1804,21.0979,18.2293,
16.1166,21.0979,18.1565,
16.0532,21.0112,18.2293,
15.99,21.0112,18.0839,
16.1166,21.0979,18.3026,
16.2444,21.1851,18.45,
16.2444,21.2727,18.5242,
16.3086,21.3607,18.5988,
16.1804,21.0112,18.5242,
16.2444,21.0979,18.5242,
16.3086,21.0112,18.45,
16.1804,20.8391,18.3761,
16.0532,20.5,18.3026,
16.0532,20.333,18.1565,
15.9271,19.9225,18.0117,
15.9271,19.7611,17.9399,
15.4334,19.0538,17.4458,
15.3728,18.8247,17.4458,
14.7233,17.9399,16.7003,
14.8975,17.8683,16.9,
14.8392,17.4458,16.8331,
14.8392,17.1705,16.8331,
14.8392,16.9672,16.7666,
14.7233,16.7003,16.6343,
14.7233,16.5686,16.7003,
14.7233,16.3732,16.6343,
14.7233,16.3086,16.7003,
14.7811,16.1804,16.7003,
14.7233,16.0532,16.6343,
14.7811,15.9271,16.6343,
14.7811,15.8021,16.6343,
14.7811,15.6781,16.7003,
14.7811,15.6166,16.7003,
14.8392,15.6166,16.7666,
14.8392,15.5552,16.7666,
14.8392,15.4942,16.8331,
14.8975,15.4334,16.8331,
14.8975,15.3126,16.8331,
14.8975,15.3126,16.8331,
15.0739,15.3126,17.0346,
15.1927,15.3126,17.1024,
15.1927,15.1927,17.1024,
15.1332,15.0739,17.1024,
15.1332,14.9561,17.0346,
15.1927,14.8975,17.1024,
15.1332,14.7811,17.1024,
15.2525,14.7233,17.1705,
15.1927,14.6084,17.1024,
15.3728,14.7233,17.3075,
14.9561,14.2133,16.9,
15.3126,14.4377,17.2388,
15.6166,14.6657,17.5854,
15.0149,13.9926,16.9672,
14.6084,13.5615,16.5032,
14.5512,13.4034,16.438,
14.4943,13.3511,16.3732,
14.4377,13.1954,16.3086,
14.3251,13.0926,16.2444,
14.3251,13.0415,16.1804,
14.3251,13.0415,16.2444,
14.3251,13.0415,16.1804,
14.3251,12.9906,16.2444,
14.3251,12.9399,16.1804,
14.2691,12.9399,16.1804,
14.2691,12.8894,16.1804,
14.2691,12.9399,16.1804,
14.2691,12.9399,16.1804,
14.2691,12.8894,16.1804,
14.2691,12.8894,16.1804,
14.2133,12.8391,16.1166,
14.2133,12.8894,16.1166,
14.2133,12.8894,16.1804,
