16.1166,14.3251,18.2293,
16.1166,14.3251,18.3026,
16.1166,14.3812,18.3026,
16.1166,14.3251,18.3026,
16.1166,14.3812,18.3026,
16.1166,14.3812,18.3026,
16.1166,14.3251,18.2293,
16.1804,14.3812,18.3026,
16.1166,14.3812,18.3026,
16.1166,14.3251,18.3026,
16.1166,14.3812,18.2293,
16.1166,14.3812,18.2293,
16.1166,14.4377,18.2293,
16.1804,14.5512,18.1565,
16.1166,14.8975,18.2293,
16.1166,15.1927,18.1565,
16.1166,15.3728,18.1565,
16.0532,15.3728,18.1565,
16.0532,15.4942,18.1565,
16.1166,15.6166,18.0839,
16.0532,15.74,18.0839,
16.0532,15.9271,18.0839,
16.0532,16.0532,18.1565,
16.0532,16.3086,18.0839,
16.0532,16.5032,18.0839,
16.0532,16.7003,18.0839,
16.0532,16.9672,18.0839,
15.99,17.1705,18.0839,
16.0532,17.3075,18.0117,
16.0532,17.5854,18.0839,
15.99,17.7971,18.0117,
15.9271,17.9399,17.9399,
15.9271,18.1565,17.9399,
15.8645,18.1565,17.9399,
15.9271,18.3026,17.9399,
15.8645,18.45,17.9399,
15.8645,18.5988,17.8683,
15.8645,18.8247,17.9399,
15.99,18.9007,18.0117,
15.9271,19.0538,17.9399,
15.99,19.1309,18.0117,
15.99,19.2862,17.9399,
15.9271,19.2862,17.9399,
15.8645,19.2862,17.8683,
15.8645,19.3644,17.8683,
15.74,19.443,17.8683,
15.74,19.443,17.7971,
15.74,19.6013,17.7971,
15.8021,19.6013,17.7971,
15.74,19.7611,17.8683,
15.8021,19.8416,17.8683,
15.8021,20.0038,17.9399,
15.8645,20.0855,17.8683,
15.8645,20.2501,17.9399,
15.8645,20.2501,17.9399,
15.8645,20.4163,17.9399,
15.9271,20.5841,17.9399,
15.9271,20.5841,17.9399,
15.9271,20.7537,18.0117,
15.9271,20.6687,18.0117,
15.8645,20.7537,18.0839,
15.9271,20.6687,18.0117,
15.9271,20.7537,18.0117,
15.8645,20.7537,18.0117,
15.8645,20.7537,18.0117,
15.8645,20.6687,18.0117,
15.8021,20.6687,18.0117,
15.8645,20.5841,18.0117,
15.8021,20.6687,18.0117,
15.8645,20.5,18.0117,
15.9271,20.2501,17.9399,
15.9271,20.1676,18.0117,
15.8645,19.9225,18.0117,
15.9271,19.7611,18.0117,
15.9271,19.6013,18.0117,
15.8645,19.443,17.9399,
15.9271,19.2862,18.0117,
15.9271,19.1309,18.0117,
15.99,18.9771,17.9399,
15.9271,18.7491,18.0117,
15.9271,18.5988,17.9399,
15.9271,18.3761,18.0117,
15.9271,18.2293,18.0839,
15.9271,18.0117,18.0117,
15.9271,18.0117,18.0839,
15.9271,17.7971,18.0839,
15.99,17.6556,18.0839,
15.99,17.3765,18.0839,
15.99,17.1705,18.0839,
15.99,16.9672,18.0117,
15.99,16.7666,18.0839,
15.99,16.5686,18.0839,
15.99,16.3732,18.0839,
15.99,16.2444,18.0839,
15.99,16.0532,18.1565,
15.99,15.8645,18.1565,
15.99,15.8021,18.0839,
15.99,15.6166,18.0839,
15.99,15.4334,18.0839,
15.99,15.3126,18.1565,
15.99,15.2525,18.1565,
15.99,15.1332,18.0839,
15.99,15.0739,18.0839,
16.0532,15.0149,18.1565,
16.0532,15.0149,18.1565,
16.1166,15.0149,18.2293,
16.2444,15.0149,18.3026,
16.5032,15.2525,18.6738,
16.5686,15.2525,18.6738,
16.7666,15.4334,18.9007,
16.7666,15.3126,18.8247,
16.9672,15.5552,19.1309,
16.9672,15.4942,19.0538,
17.1705,15.6781,19.2862,
17.2388,15.6781,19.3644,
16.9,15.3126,18.9007,
16.7003,15.1927,18.9007,
16.6343,15.0739,18.7491,
16.7003,15.1332,18.8247,
16.5032,14.8975,18.5988,
16.3732,14.7811,18.3761,
