16.3086,15.8021,19.1309,
16.3086,15.74,18.9771,
16.3086,15.8021,19.0538,
16.3086,15.8021,19.1309,
16.3086,15.8021,19.0538,
16.3086,15.8021,19.0538,
16.3086,15.74,18.9771,
16.3732,15.8645,18.9771,
16.3732,15.8645,19.2084,
16.3086,15.8021,19.0538,
16.2444,15.8021,18.9771,
16.2444,15.74,18.9771,
16.2444,15.74,18.9771,
16.2444,15.8021,18.9771,
16.2444,15.74,18.9007,
16.1804,15.8021,18.9007,
16.1166,15.99,18.8247,
16.0532,16.3086,18.5988,
15.9271,16.5032,18.5988,
15.8645,16.8331,18.45,
15.9271,17.1705,18.6738,
16.7003,18.2293,19.443,
16.7666,18.9771,19.6013,
16.9,19.443,19.7611,
17.1705,19.9225,19.9225,
16.5686,19.6013,19.2862,
16.7666,20.0038,19.5219,
17.0346,20.5841,19.7611,
16.9672,20.6687,19.681,
15.8645,19.7611,18.5242,
16.3732,20.333,18.9771,
15.3728,19.3644,17.8683,
15.3728,19.6013,18.0117,
14.8392,19.0538,17.3765,
14.4943,18.7491,17.0346,
14.4943,18.9007,17.0346,
14.5512,19.0538,17.0346,
14.6084,19.2084,17.1024,
14.4377,18.9771,16.9,
14.3812,18.9007,16.7666,
14.3812,18.9007,16.7666,
14.3812,18.9007,16.7003,
14.4377,18.8247,16.7666,
14.3812,18.8247,16.7003,
14.3251,18.7491,16.6343,
14.3251,18.7491,16.7003,
14.3251,18.6738,16.7003,
14.2691,18.5242,16.6343,
14.2691,18.3761,16.6343,
14.2133,18.1565,16.5686,
14.2691,18.0117,16.5686,
14.2133,17.8683,16.5686,
14.2691,17.6556,16.5686,
14.2691,17.4458,16.6343,
14.2691,17.2388,16.6343,
14.3251,17.1024,16.7003,
14.2691,16.9,16.6343,
14.3251,16.7003,16.7003,
14.3251,16.5686,16.7666,
14.4943,16.438,16.9,
15.0149,16.7666,17.4458,
15.74,17.3765,18.2293,
15.4942,16.9,17.9399,
16.1166,17.3075,18.5242,
15.9271,16.9672,18.3761,
16.438,17.3765,18.9771,
13.9926,14.6084,16.2444,
16.5686,17.1024,19.0538,
16.2444,16.6343,18.5988,
16.2444,16.438,18.5988,
16.5686,16.6343,18.9771,
17.1705,17.1705,19.6013,
17.3075,17.3075,19.9225,
17.5154,17.2388,20.1676,
16.5032,16.3086,19.1309,
13.9926,13.7216,16.438,
16.1804,15.99,19.5219,
15.5552,15.1332,18.0839,
15.8021,15.3728,18.45,
16.5686,16.0532,19.2862,
16.5686,16.0532,19.3644,
16.9,16.438,19.681,
16.5686,15.99,19.443,
16.8331,16.0532,19.443,
17.2388,16.5032,19.9225,
16.3086,15.6166,18.9007,
16.7003,16.0532,19.3644,
