14.3251,13.9926,16.7666,
14.3251,13.9926,16.7666,
14.3251,13.9379,16.7666,
14.3251,13.9379,16.7666,
14.3251,13.9926,16.7666,
14.3251,13.9926,16.7666,
14.3251,13.9926,16.7666,
14.3251,13.9926,16.8331,
14.3251,13.9926,16.7666,
14.3251,13.9926,16.8331,
14.3251,13.9926,16.7666,
14.2691,13.9926,16.7666,
14.3251,14.1025,16.7003,
14.2691,14.1025,16.7666,
14.2691,14.2133,16.7003,
14.2691,14.3812,16.7666,
14.3251,14.7233,16.7666,
14.3251,14.9561,16.7666,
14.3251,15.1332,16.7666,
14.3251,15.1927,16.7666,
14.2691,15.3126,16.7003,
14.2691,15.5552,16.7666,
14.3251,15.8021,16.7666,
14.2691,16.1166,16.7003,
14.2133,16.3732,16.7003,
14.2691,16.7666,16.7003,
14.2691,16.9,16.7003,
14.2691,17.1024,16.7003,
14.2691,17.2388,16.7003,
14.0474,17.3075,16.438,
14.2133,17.6556,16.6343,
14.2133,17.7971,16.5686,
14.2133,18.0117,16.6343,
14.2133,18.1565,16.6343,
14.2133,18.3026,16.6343,
14.2133,18.45,16.6343,
14.2691,18.5988,16.5686,
14.2691,18.6738,16.7003,
14.2133,18.7491,16.6343,
14.2691,18.9771,16.7003,
14.2691,19.0538,16.6343,
14.2691,19.443,16.7003,
14.2691,19.5219,16.7003,
14.2691,19.5219,16.6343,
14.3251,19.681,16.7003,
14.2691,19.681,16.7003,
14.3251,19.681,16.7003,
14.3251,19.6013,16.7003,
14.3251,19.7611,16.7003,
14.3251,19.681,16.7666,
14.3251,19.6013,16.7666,
14.3251,19.5219,16.7666,
14.3251,19.3644,16.7666,
14.3251,19.2862,16.7666,
14.3812,19.1309,16.7003,
14.3251,18.9771,16.7003,
14.3251,18.8247,16.7666,
14.3251,18.5988,16.7003,
14.3251,18.3761,16.7666,
14.3251,18.2293,16.7003,
14.3251,18.1565,16.7666,
14.3812,17.9399,16.7666,
14.3251,17.7971,16.7003,
14.3812,17.6556,16.7003,
14.3812,17.5154,16.7666,
14.3812,17.3075,16.7003,
14.3812,17.1705,16.7003,
14.3812,17.0346,16.7003,
14.3251,16.9,16.7666,
14.3812,16.7666,16.7003,
14.3812,16.6343,16.7003,
14.3812,16.5686,16.7666,
14.3812,16.3732,16.7666,
14.3812,16.3086,16.7666,
14.3812,16.2444,16.7666,
14.3812,16.1804,16.7666,
14.3812,15.9271,16.7666,
14.3812,15.8645,16.8331,
14.3812,15.8021,16.8331,
14.3812,15.6166,16.7666,
14.3812,15.5552,16.8331,
14.3812,15.4334,16.7666,
14.3812,15.3126,16.8331,
14.3812,15.1927,16.7666,
14.3812,15.0739,16.7666,
14.3812,15.0149,16.8331,
14.4377,14.9561,16.7666,
13.8293,14.2691,16.1804,
13.7216,14.1025,16.0532,
13.5615,13.9379,15.99,
14.4377,14.7233,16.9,
14.4377,14.6657,16.9,
14.4943,14.6084,16.9,
14.4943,14.5512,16.9,
14.5512,14.5512,17.0346,
14.4377,14.3812,16.9,
14.2133,14.1578,16.7003,
14.2133,14.1025,16.7003,
14.2133,14.0474,16.7003,
14.2133,14.0474,16.7003,
14.2691,14.0474,16.7666,
14.2691,14.0474,16.8331,
14.3251,14.0474,16.7666,
14.3812,14.1025,16.9,
14.3812,14.1025,16.9,
14.3251,14.0474,16.8331,
14.3251,14.0474,16.7666,
14.3251,14.0474,16.8331,
14.3812,14.0474,16.8331,
14.3251,14.0474,16.8331,
