16.3732,14.8975,17.7971,
17.1705,15.0149,17.1705,
16.7003,15.1332,16.7003,
16.5032,14.5512,17.1705,
16.9,14.7811,17.9399,
15.99,15.0739,17.7262,
16.3086,15.1927,17.6556,
16.5686,14.3251,17.1024,
16.3086,15.4942,17.1024,
16.3086,14.2133,16.9,
16.9,15.3728,17.3765,
15.6166,14.8392,17.7971,
16.2444,14.8975,18.7491,
17.3765,15.9271,17.4458,
15.3728,15.9271,17.6556,
15.8645,15.6166,16.6343,
15.5552,17.2388,16.9,
16.3086,17.7262,17.6556,
16.438,16.7003,16.9672,
17.5154,17.5854,17.4458,
18.2293,19.7611,17.5854,
17.5154,18.9007,19.2862,
17.3765,20.333,18.2293,
17.6556,19.8416,18.7491,
17.3765,18.8247,18.1565,
16.6343,20.1676,18.9771,
18.0839,20.0038,17.3765,
17.8683,20.6687,18.0839,
17.3765,19.7611,19.443,
16.6343,20.5841,20.5,
16.438,21.2727,20.333,
17.9399,20.9249,18.0117,
17.3765,20.6687,17.3765,
17.0346,19.3644,17.1705,
17.6556,20.6687,17.4458,
17.1705,20.4163,18.9771,
17.3075,22.2663,18.8247,
18.3026,22.7371,17.7971,
18.2293,21.7174,17.1024,
17.7262,20.5841,17.3765,
16.1804,18.7491,16.438,
15.3728,19.9225,16.6343,
16.3732,21.1851,17.2388,
17.3765,19.7611,16.5686,
16.7666,21.0112,16.3086,
16.9,19.5219,17.5154,
17.3765,19.8416,17.1024,
16.6343,19.6013,17.1024,
16.9,18.7491,16.8331,
16.1804,19.2862,17.5854,
15.8645,19.9225,17.8683,
16.3732,18.8247,17.3075,
15.8021,19.1309,17.7262,
15.74,19.2084,17.3765,
17.1024,19.0538,16.7666,
17.0346,18.2293,17.3765,
16.2444,18.5242,18.2293,
16.2444,18.3761,17.9399,
16.0532,18.9771,17.1705,
16.2444,18.3761,17.5154,
17.4458,18.3761,17.0346,
16.8331,18.7491,16.0532,
15.8021,17.1024,16.9,
16.7003,16.9,16.7003,
15.4334,16.8331,16.5686,
15.74,17.1705,17.1705,
16.1804,15.99,16.7003,
15.9271,15.4334,15.6166,
14.8975,15.2525,15.8021,
15.8021,14.4943,16.6343,
15.8021,15.0739,15.3126,
15.0149,14.8392,15.6166,
14.7233,14.1578,16.2444,
14.9561,14.4377,15.6781,
15.0739,14.8975,15.3126,
14.9561,14.7233,15.5552,
15.1332,14.2133,15.2525,
14.8392,13.4559,15.4942,
14.8975,13.5086,14.6657,
15.0149,13.0415,16.2444,
14.2133,13.5615,17.5854,
14.4943,13.8835,15.4334,
15.1332,14.2133,15.9271,
14.2133,13.1954,17.5154,
15.0739,13.7753,20.1676,
15.0149,12.6397,15.74,
14.2133,12.9906,15.9271,
14.4377,12.5412,15.1332,
14.4377,12.3948,15.2525,
14.1025,12.8391,15.6781,
14.9561,13.1954,15.1927,
15.0739,13.0415,14.7811,
14.3812,12.6893,15.6781,
14.2133,12.739,16.1804,
14.1578,12.9399,16.0532,
14.4943,13.0415,15.8645,
14.6084,13.1954,15.8645,
14.2691,12.9399,15.8021,
14.8392,12.9399,15.6166,
15.1927,12.3948,14.8975,
15.3728,12.9399,14.8975,
14.8392,12.25,15.4942,
15.1332,12.25,15.1332,
14.3251,12.25,15.8021,
14.2133,13.0926,15.6166,
14.8975,12.6397,14.3812,
14.8975,12.9399,14.6657,
