12.6893,24.7517,16.7666,
12.6893,24.5402,16.7666,
12.6397,24.8584,16.7666,
12.6397,24.7517,16.6343,
12.6397,24.5402,16.7003,
12.6397,24.331,16.6343,
12.5412,24.331,16.7666,
12.6397,24.331,16.8331,
12.6893,24.6457,16.7666,
12.6397,24.5402,16.7666,
12.6893,24.5402,16.9,
12.739,24.7517,16.8331,
12.6893,24.6457,16.7666,
12.739,24.4353,16.7666,
12.739,24.7517,16.7003,
12.739,24.5402,16.7666,
12.7889,24.7517,16.7003,
12.739,24.7517,16.7666,
12.7889,24.7517,16.7666,
12.8894,24.8584,16.9,
13.1439,24.8584,17.1024,
13.2471,24.9657,17.1024,
13.3511,24.9657,17.0346,
13.668,25.2911,17.2388,
13.8293,24.8584,17.1705,
14.1578,24.9657,17.1024,
14.4943,25.182,17.2388,
14.8392,24.9657,17.3075,
15.3126,25.2911,17.1705,
15.5552,25.182,17.2388,
16.1804,25.0735,17.3075,
16.9,25.0735,17.2388,
17.5154,25.182,17.3075,
18.0839,25.4008,17.2388,
19.0538,25.2911,17.4458,
19.8416,25.0735,17.3075,
20.5,25.182,17.3075,
21.1851,25.4008,17.3765,
22.0814,25.6221,17.3075,
22.3595,24.9657,16.8331,
22.642,24.9657,16.9672,
22.9289,25.182,16.7666,
23.2205,24.9657,16.7666,
23.818,25.0735,16.8331,
24.1241,25.182,16.9,
24.331,24.9657,16.9,
24.4353,24.7517,16.9672,
24.6457,24.9657,16.9,
24.9657,24.7517,16.9672,
25.182,24.7517,16.8331,
25.4008,24.8584,16.8331,
25.4008,24.9657,16.9,
25.4008,24.8584,16.9,
25.2911,25.0735,16.9,
25.4008,25.2911,17.0346,
25.7337,25.2911,16.7003,
25.5111,25.2911,16.7666,
25.4008,25.182,16.7666,
25.6221,25.2911,16.9,
25.6221,25.182,16.7003,
25.4008,24.9657,16.7666,
25.2911,24.8584,16.8331,
25.0735,24.9657,16.7003,
24.7517,25.182,16.9672,
24.6457,24.7517,16.7666,
24.2273,24.9657,16.9,
24.1241,24.7517,16.8331,
23.6167,24.7517,16.7003,
23.1228,24.7517,16.5686,
22.3595,24.4353,16.5686,
21.8077,24.5402,16.6343,
20.7537,24.331,16.7003,
20.0855,24.4353,16.9672,
19.3644,24.2273,16.5686,
18.6738,24.331,16.6343,
18.1565,24.1241,16.5686,
17.5154,24.0215,16.7003,
16.9,24.0215,16.7666,
16.5686,24.0215,16.8331,
16.1166,24.1241,16.7003,
15.74,24.0215,16.7666,
15.3126,23.9195,16.6343,
15.0149,23.818,16.8331,
14.8392,24.1241,16.9672,
14.4943,24.2273,16.8331,
14.2133,23.9195,16.9,
13.9379,23.9195,16.7666,
13.6147,23.818,16.9,
13.4559,23.9195,16.9,
13.3511,23.818,16.7666,
13.2471,23.7171,16.7666,
13.0415,23.7171,16.7003,
12.9399,23.6167,16.8331,
12.8391,23.5168,16.7666,
12.739,23.5168,16.7003,
12.6893,23.6167,16.7666,
12.6397,23.6167,16.7003,
12.5412,23.818,16.7666,
12.4922,23.6167,16.8331,
12.5412,23.818,16.8331,
12.4922,23.818,16.8331,
12.4434,23.818,16.8331,
12.4434,23.7171,16.8331,
12.3948,23.7171,16.8331,
12.3463,23.6167,16.8331,
12.3463,23.7171,16.8331,
12.25,23.7171,16.7666,
12.25,23.818,16.7003,
12.25,23.6167,16.7666,
12.2021,23.6167,16.7666,
12.2021,23.6167,16.7666,
12.25,23.7171,16.6343,
12.2021,23.6167,16.8331,
12.2021,23.7171,16.8331,
12.1544,23.6167,16.9,
12.1069,23.5168,16.8331,
12.0595,23.6167,16.7003,
12.1069,23.5168,16.7666,
12.1544,23.5168,16.7666,
12.2021,23.5168,16.7666,
12.2981,23.5168,16.9,
12.739,24.0215,17.3765,
12.3463,23.6167,16.9672,
12.3463,23.2205,16.7666,
12.2981,22.8328,16.5032,
12.1069,22.5473,16.1804,
12.0595,22.4531,16.3086,
12.25,22.4531,16.5686,
12.6893,23.1228,17.0346,
12.6893,22.8328,16.8331,
13.0926,23.0256,16.9672,
13.7753,23.818,17.7971,
13.9379,23.9195,17.8683,
13.0926,22.1736,17.0346,
13.4034,22.3595,17.1705,
14.2133,23.1228,18.0839,
14.8975,23.4175,18.5988,
13.7216,21.3607,17.1024,
13.5615,21.0979,16.9672,
13.7216,21.0112,17.0346,
13.9926,21.3607,17.3765,
14.6084,21.8077,17.7971,
15.3728,22.5473,18.6738,
14.1578,20.7537,17.1705,
13.6147,19.9225,16.438,
13.4559,19.3644,16.1804,
13.4559,19.443,16.1804,
13.4559,19.2084,16.3086,
13.6147,19.2862,16.3086,
13.8293,19.2084,16.3086,
13.9926,19.6013,16.7003,
14.1578,19.681,16.9,
14.6657,20.0038,17.2388,
15.1927,20.5841,18.0839,
15.6166,20.9249,18.45,
15.8645,21.3607,18.5988,
15.4942,20.7537,18.1565,
15.3728,20.1676,19.681,
15.4942,20.333,18.8247,
15.4942,20.5,18.6738,
15.8021,20.6687,18.7491,
15.5552,20.333,18.1565,
15.8645,20.5841,18.5242,
15.4942,20.1676,18.1565,
15.1927,19.8416,17.7262,
15.4942,20.0855,18.0839,
15.2525,19.7611,17.9399,
15.6781,20.0038,18.3761,
16.3086,20.2501,24.4353,
16.8331,20.8391,23.7171,
16.438,20.1676,18.9771,
17.4458,21.0979,19.9225,
17.5854,21.0979,20.0855,
15.74,19.0538,18.3026,
15.6781,18.8247,18.8247,
15.8021,18.9007,18.2293,
15.9271,19.0538,18.3761,
15.74,18.9007,18.6738,
15.74,18.7491,18.3761,
15.5552,18.8247,18.5988,
15.74,18.9007,18.5242,
15.8645,18.9007,18.5988,
16.0532,19.0538,18.7491,
16.0532,19.2084,19.1309,
16.2444,19.443,19.5219,
16.3732,19.6013,19.2862,
16.6343,19.9225,19.5219,
16.5686,19.9225,19.681,
16.5032,19.7611,19.681,
15.99,19.2084,19.0538,
15.8645,19.1309,18.9007,
16.0532,19.1309,18.9771,
16.0532,19.0538,19.443,
15.9271,19.1309,19.681,
15.99,19.1309,18.9771,
16.0532,19.3644,18.9007,
16.2444,19.681,19.2084,
17.1705,20.5841,20.4163,
15.3728,18.5242,18.5242,
14.8392,18.0839,17.8683,
14.8392,17.9399,17.6556,
14.7233,17.7971,17.4458,
