517,461,473,
518,460,474,
517,460,475,
516,460,474,
517,460,475,
518,461,474,
518,461,475,
518,461,475,
518,462,474,
518,461,473,
517,460,474,
518,462,475,
518,461,474,
519,461,474,
518,461,475,
519,461,473,
517,460,474,
518,460,473,
517,462,474,
518,462,474,
518,461,474,
518,462,474,
518,461,475,
518,460,474,
518,461,474,
517,461,475,
517,461,475,
516,460,475,
515,456,477,
516,450,478,
517,453,480,
517,451,481,
516,453,484,
516,453,487,
517,459,488,
518,458,497,
517,462,496,
517,464,495,
518,461,500,
519,466,560,
519,466,567,
518,467,559,
518,467,554,
519,471,524,
519,473,584,
518,475,550,
519,486,589,
520,495,564,
519,498,569,
519,503,591,
522,507,586,
520,515,543,
521,523,509,
520,513,536,
522,516,551,
524,518,507,
525,515,556,
526,518,568,
526,518,579,
528,519,576,
528,511,560,
530,511,563,
533,513,565,
532,512,565,
532,505,567,
533,502,568,
534,503,571,
533,503,578,
535,505,600,
535,503,587,
535,501,570,
535,500,570,
534,500,576,
532,501,567,
528,496,570,
524,491,569,
523,488,563,
522,484,558,
520,473,550,
516,457,540,
510,440,528,
504,428,515,
505,425,517,
505,421,514,
506,418,510,
506,411,504,
505,407,501,
505,405,496,
507,403,509,
505,397,498,
505,394,482,
504,392,460,
504,390,456,
505,390,447,
506,388,450,
505,387,446,
503,387,447,
503,386,447,
502,386,447,
505,386,438,
503,387,455,
502,386,445,
502,386,445,
502,385,444,
502,385,445,
501,387,444,
501,385,441,
501,385,441,
499,385,445,
499,384,443,
501,385,441,
501,385,445,
502,384,443,
502,385,458,
502,385,504,
502,384,477,
502,384,448,
502,385,440,
502,385,439,
502,384,459,
504,386,453,
503,384,453,
504,385,452,
503,385,452,
504,384,452,
504,384,452,
503,386,454,
503,385,455,
504,384,454,
504,384,453,
502,385,454,
502,385,455,
501,385,453,
500,386,454,
498,384,454,
497,383,448,
497,385,443,
495,385,441,
493,384,438,
489,383,434,
484,384,432,
481,384,385,
478,384,424,
475,383,423,
470,383,426,
467,383,422,
466,383,424,
463,383,423,
461,383,423,
458,384,421,
457,387,420,
454,386,418,
451,387,419,
448,390,423,
448,394,489,
444,394,428,
437,393,463,
423,384,432,
407,374,390,
424,393,405,
429,398,407,
424,396,399,
427,402,395,
418,395,403,
406,384,392,
401,381,382,
401,384,390,
394,378,379,
387,372,371,
388,415,372,
411,432,394,
409,419,387,
408,402,386,
417,404,392,
421,412,397,
422,421,398,
422,422,399,
421,418,394,
424,423,398,
423,425,400,
424,427,401,
427,430,399,
428,433,399,
428,436,402,
428,438,404,
428,443,401,
430,447,389,
430,449,394,
430,451,384,
433,453,400,
433,455,402,
432,457,403,
432,458,403,
433,460,401,
435,462,402,
434,462,405,
434,462,405,
436,465,358,
437,466,405,
437,468,372,
442,472,411,
441,472,412,
442,473,411,
443,475,412,
435,466,406,
436,467,404,
436,468,406,
436,469,407,
436,468,399,
437,469,404,
438,469,399,
440,470,393,
440,472,399,
441,473,410,
448,482,417,
444,476,409,
439,470,403,
438,470,404,
455,486,420,
450,483,416,
442,472,408,
453,486,422,
451,484,421,
454,487,426,
455,487,430,
453,484,431,
457,491,437,
455,487,432,
456,488,432,
452,484,429,
440,471,421,
