499,386,443,
498,385,443,
500,387,444,
501,387,444,
501,389,444,
501,387,443,
501,388,445,
502,388,445,
502,388,444,
502,388,444,
501,389,445,
502,388,444,
502,391,446,
501,389,448,
500,390,448,
502,392,449,
502,392,449,
504,396,430,
503,397,417,
504,398,409,
502,401,463,
504,402,491,
504,406,537,
502,408,525,
499,415,494,
481,416,485,
498,436,497,
505,452,512,
510,467,524,
489,454,502,
484,451,498,
492,462,508,
489,462,512,
485,463,510,
489,464,515,
465,443,487,
481,460,509,
489,468,516,
490,469,516,
491,471,518,
493,473,517,
497,478,524,
484,464,510,
489,461,509,
493,453,506,
493,439,497,
492,421,481,
491,406,490,
495,398,487,
514,406,541,
521,404,569,
497,383,495,
514,394,465,
523,397,455,
521,396,459,
505,384,445,
500,379,438,
492,367,428,
491,366,427,
484,362,421,
488,363,423,
488,367,425,
491,368,429,
490,370,427,
492,371,430,
493,371,429,
493,372,430,
493,375,433,
494,375,436,
496,375,438,
495,375,439,
495,374,442,
495,374,443,
496,376,445,
495,376,445,
522,397,471,
496,378,448,
492,377,447,
491,377,445,
488,376,440,
485,375,439,
478,376,436,
472,376,433,
468,375,430,
476,385,441,
471,387,442,
466,386,439,
463,387,436,
459,386,435,
455,387,435,
453,389,433,
451,391,432,
450,391,426,
435,381,411,
439,387,414,
425,381,404,
436,393,411,
446,406,415,
452,417,424,
450,420,400,
448,421,426,
448,423,426,
446,426,428,
445,429,425,
448,433,424,
446,435,422,
446,437,418,
446,441,418,
446,447,416,
446,451,416,
447,455,415,
449,457,397,
449,461,391,
450,463,419,
450,466,420,
452,471,423,
451,472,426,
452,474,425,
451,476,426,
452,477,426,
453,479,426,
453,480,426,
455,479,425,
455,481,425,
454,482,426,
455,482,427,
456,482,427,
456,482,426,
455,482,428,
456,482,428,
