13.5086,16.8331,13.7753,
13.5086,16.7666,13.7753,
13.5086,16.5686,13.7216,
13.5086,16.7003,13.7216,
13.5615,16.438,13.7216,
13.5086,16.7003,13.7216,
13.4559,16.6343,13.668,
13.4559,16.7666,13.668,
13.4559,16.6343,13.668,
13.4034,16.9672,13.668,
13.4559,16.9,13.668,
13.4034,17.1705,13.7216,
13.4034,16.9,13.668,
13.4034,17.0346,13.7216,
13.4034,17.3765,14.4943,
13.4034,17.3765,13.8293,
13.4034,17.7262,13.7216,
13.4034,17.7971,13.668,
13.3511,17.7262,13.668,
13.299,17.6556,13.668,
12.9906,17.3765,13.668,
13.2471,17.8683,13.668,
13.3511,16.9,13.668,
13.6147,17.1705,13.7216,
13.8293,16.9672,13.7216,
14.3251,16.9672,13.7753,
15.0739,16.9,13.7753,
14.8975,18.3761,13.7753,
17.4458,18.45,13.8293,
18.7491,19.2862,13.8835,
19.6013,20.5841,13.4034,
20.5841,21.2727,10.2181,
21.3607,19.681,13.3511,
21.1851,19.443,14.5512,
22.7371,19.3644,10.2181,
23.4175,19.6013,11.4595,
24.0215,19.9225,14.5512,
24.331,18.5242,12.9906,
24.7517,16.5686,12.2021,
25.182,21.0979,11.6411,
25.4008,21.2727,14.1578,
25.7337,21.7174,15.2525,
26.3014,21.6275,13.668,
26.3014,21.6275,15.74,
26.4169,21.3607,15.9271,
26.3014,19.6013,14.4377,
26.65,19.2862,14.8392,
26.4169,19.681,15.0149,
26.3014,20.0855,14.6084,
26.0723,18.3761,14.3251,
25.8459,19.3644,14.3251,
25.6221,19.3644,14.1025,
25.182,19.5219,14.6657,
24.4353,18.45,14.0474,
23.818,19.3644,13.0415,
23.4175,19.7611,12.5412,
23.3188,19.9225,15.1332,
22.9289,19.2084,15.1332,
21.9897,19.2084,15.74,
21.0112,18.5988,11.5046,
20.0038,18.1565,14.2691,
19.1309,17.2388,11.9185,
18.1565,16.7666,14.8392,
17.4458,15.6166,16.0532,
17.0346,17.1705,17.7262,
16.6343,17.6556,15.8021,
16.1166,13.9926,12.7889,
15.9271,24.6457,15.74,
15.6166,23.818,15.74,
15.3728,20.4163,14.0474,
15.0739,18.45,12.4434,
15.0149,18.0117,12.2981,
14.8392,15.0149,12.7889,
14.7233,22.642,12.5412,
14.4943,22.8328,13.4559,
14.4943,22.9289,12.7889,
14.3812,22.4531,12.4922,
14.2691,21.6275,14.7233,
14.2691,21.2727,15.4942,
14.2691,20.8391,12.8894,
14.2133,20.6687,13.5086,
14.2133,20.333,13.6147,
14.1578,20.0855,13.6147,
14.1025,19.7611,13.8835,
14.0474,18.8247,15.0149,
13.8835,18.9771,15.0149,
14.0474,17.5154,14.7233,
14.0474,18.6738,15.0149,
14.0474,14.6657,15.0739,
14.1025,14.9561,15.0149,
14.1578,15.4334,15.1927,
14.1578,15.3126,15.1332,
14.2133,15.2525,15.0739,
14.2133,15.1927,15.0739,
14.2133,15.4334,15.0739,
14.2133,14.8392,15.0739,
14.2691,14.4943,14.7233,
14.2691,14.1578,14.1578,
14.3251,13.9379,13.6147,
14.3812,13.5086,12.9399,
14.3812,13.5086,12.6397,
14.4377,13.5086,12.0123,
14.4377,13.5615,13.0415,
14.4377,13.5615,12.4434,
14.3812,13.1439,12.9399,
14.3812,13.7753,11.4145,
14.4377,13.5086,13.6147,
14.4943,13.0415,15.6166,
14.4943,12.9399,13.4034,
14.4943,12.739,14.4943,
14.4377,12.7889,14.0474,
14.4943,12.2981,14.2133,
14.5512,12.6397,13.5086,
14.6657,12.4922,12.3948,
14.7233,11.779,12.3948,
14.8392,14.2133,12.8391,
14.8975,14.1025,14.7811,
15.0149,14.7233,15.0149,
15.0739,14.3251,15.1927,
15.1332,14.3812,16.3086,
15.1927,14.3251,17.7971,
15.1927,14.0474,17.8683,
15.1927,12.2021,17.7262,
15.1332,11.9653,17.5854,
15.1332,16.8331,17.4458,
15.1332,16.7666,16.8331,
15.1332,16.7003,16.438,
15.1332,16.6343,16.438,
15.1332,16.5032,16.438,
15.0739,16.438,16.438,
15.0739,15.6781,16.438,
