13.9926,21.2727,18.45,
13.9379,21.8077,18.45,
13.9379,21.9897,18.45,
13.9926,21.9897,18.5242,
13.9379,22.5473,18.3761,
13.8835,24.8584,18.45,
13.9379,25.7337,18.45,
13.8293,25.8459,18.45,
13.8293,25.4008,18.45,
13.8293,22.4531,18.45,
13.8293,22.5473,18.3761,
13.8293,23.0256,18.3761,
13.7753,22.9289,18.3026,
13.8293,23.1228,18.3761,
13.8835,23.0256,18.3761,
13.8293,23.1228,18.3761,
13.8293,22.9289,18.3761,
13.8835,24.4353,18.3026,
13.9379,27.8577,18.3761,
14.0474,28.618,18.3761,
14.2691,28.3615,18.3761,
15.0739,28.3615,18.45,
16.1804,28.2344,18.5242,
17.3075,21.1851,18.5988,
18.45,21.4492,18.5988,
19.6013,25.5111,18.7491,
20.9249,26.3014,18.8247,
21.9897,22.642,18.8247,
22.8328,18.0117,18.9007,
24.1241,30.7898,18.9771,
24.9657,30.0873,18.9771,
25.7337,27.366,18.9771,
26.0723,23.2205,19.0538,
26.5331,25.0735,18.9007,
26.65,22.3595,19.0538,
26.5331,22.3595,19.0538,
24.0215,21.8077,18.9771,
27.2449,21.3607,18.9771,
26.65,20.2501,18.9771,
27.0048,20.5,19.0538,
26.8858,22.8328,19.0538,
26.65,20.0038,18.9771,
26.65,19.9225,18.9771,
26.4169,18.3026,18.8247,
25.7337,15.3126,18.7491,
25.5111,26.5331,18.7491,
25.0735,26.1865,18.8247,
24.4353,26.3014,18.8247,
23.7171,26.0723,18.7491,
23.0256,26.65,18.7491,
22.0814,27.8577,18.5988,
21.0979,25.6221,18.6738,
20.0855,26.3014,18.7491,
19.2862,25.5111,18.5242,
18.5242,20.7537,18.45,
17.9399,15.6781,18.5242,
16.5032,17.2388,18.45,
16.7003,19.443,18.3761,
15.9271,16.5032,18.3761,
15.6166,16.2444,18.3761,
15.0739,17.4458,18.45,
15.3126,17.8683,18.3761,
15.3126,22.4531,18.3761,
15.0739,21.9897,18.3761,
15.0149,22.2663,18.5242,
14.9561,22.5473,19.1309,
14.8392,24.1241,22.0814,
14.7811,24.2273,18.7491,
14.6657,24.4353,18.45,
14.5512,24.4353,18.5988,
14.4943,24.331,18.45,
14.3812,24.2273,18.3761,
14.4377,20.9249,18.3761,
14.3812,21.2727,18.3761,
14.3812,23.7171,18.3026,
14.3812,26.3014,18.3026,
14.3251,23.9195,18.3761,
14.2691,23.7171,18.3761,
14.2691,23.6167,18.3026,
14.3251,23.2205,18.3761,
14.3251,22.9289,18.3761,
14.3812,22.7371,18.3761,
14.4377,22.642,18.3761,
14.5512,22.7371,18.6738,
14.6084,22.5473,18.45,
14.6657,22.4531,18.5988,
14.7233,22.3595,22.8328,
15.0149,22.3595,18.5242,
15.1332,21.8984,22.5473,
15.3126,21.8077,18.5242,
15.4942,22.5473,18.6738,
15.6781,21.0979,18.1565,
15.8645,21.4492,18.0117,
15.99,21.2727,18.7491,
15.99,20.2501,18.2293,
15.9271,22.1736,18.2293,
15.9271,19.681,18.1565,
15.99,18.2293,21.9897,
15.4942,18.3026,18.2293,
15.9271,19.443,18.1565,
15.3728,19.2862,18.0839,
15.5552,20.5,20.9249,
15.8021,19.7611,23.7171,
15.99,16.9,20.1676,
15.8645,15.99,21.2727,
15.8021,17.3075,17.9399,
16.0532,17.7262,23.5168,
16.9672,18.7491,21.2727,
17.1705,18.9007,21.7174,
17.2388,17.9399,21.8984,
17.5154,17.3765,21.2727,
17.7971,17.7971,20.0038,
18.0839,18.1565,19.5219,
18.2293,18.1565,19.1309,
17.9399,17.2388,22.0814,
18.2293,17.7971,20.0038,
18.2293,19.6013,20.2501,
18.2293,19.5219,20.2501,
18.0839,19.2084,21.5381,
18.1565,19.0538,22.0814,
18.0839,17.4458,20.2501,
