14.7811,26.1865,19.9225,
14.7811,26.1865,19.9225,
14.7811,26.0723,19.9225,
14.7811,26.0723,19.8416,
14.7811,26.1865,19.8416,
14.7811,26.0723,19.9225,
14.7233,26.0723,19.9225,
14.7233,25.9588,19.8416,
14.7233,25.8459,19.8416,
14.7233,25.8459,19.9225,
14.7233,25.6221,19.8416,
14.7233,25.4008,19.8416,
14.6657,24.7517,19.8416,
14.7233,23.3188,19.8416,
14.7233,23.5168,19.9225,
14.7233,23.0256,19.9225,
14.7233,23.4175,19.8416,
14.9561,23.6167,19.8416,
15.3728,23.7171,19.8416,
15.9271,24.5402,19.8416,
17.4458,25.7337,19.9225,
18.9771,26.1865,19.9225,
21.1851,26.3014,20.0038,
22.642,25.6221,20.0855,
24.2273,30.226,20.0038,
25.8459,31.2223,20.0855,
26.7676,31.3684,20.0855,
27.2449,25.6221,20.2501,
27.6104,25.7337,20.0855,
27.9825,20.7537,20.1676,
28.1081,19.6013,20.0855,
28.618,32.7273,20.2501,
28.7475,32.7273,20.1676,
28.2344,32.2652,20.0855,
26.7676,31.3684,20.0038,
27.6104,27.366,19.9225,
27.1245,30.7898,20.0038,
26.5331,32.2652,19.9225,
25.7337,32.4182,19.9225,
24.2273,33.0406,19.9225,
23.0256,33.1988,19.8416,
22.1736,27.0048,19.9225,
21.6275,32.7273,19.8416,
20.5,27.4878,19.681,
19.5219,26.1865,19.8416,
19.2084,28.618,19.7611,
18.45,25.6221,19.7611,
18.3026,25.8459,19.8416,
17.7971,24.0215,19.7611,
17.4458,21.8984,19.7611,
16.9,16.5032,19.681,
16.8331,15.99,19.681,
16.7666,24.4353,19.8416,
16.5686,24.7517,19.8416,
16.1166,26.7676,19.8416,
16.1166,26.5331,20.0855,
15.8645,25.6221,22.642,
15.74,17.6556,20.0855,
15.4334,18.45,20.0038,
15.4942,18.45,20.0038,
15.4942,25.0735,20.0855,
15.1927,24.4353,20.0038,
15.3126,24.1241,22.0814,
15.1332,19.8416,19.9225,
15.0149,19.2862,19.9225,
14.9561,20.6687,21.0979,
14.9561,19.1309,19.8416,
14.8975,18.3761,19.7611,
14.8392,18.3026,19.8416,
14.8392,18.0839,19.7611,
14.7811,17.7971,19.7611,
14.7811,17.5854,19.8416,
14.7233,18.3761,19.7611,
14.7233,17.6556,19.7611,
14.7811,17.6556,19.7611,
14.9561,17.5854,19.8416,
14.2691,16.6343,19.2084,
13.6147,16.2444,18.5242,
13.668,16.2444,18.3026,
13.6147,18.3026,18.3761,
13.7216,20.7537,18.45,
13.6147,20.6687,19.2862,
13.4034,20.333,22.1736,
13.7753,20.333,18.5242,
13.8835,20.2501,22.8328,
13.9926,20.6687,22.642,
14.0474,25.0735,19.0538,
14.1578,24.8584,18.6738,
14.2691,24.6457,18.0839,
14.3812,21.5381,18.0117,
14.3251,24.1241,18.0839,
14.2133,23.6167,18.1565,
14.4377,18.3026,18.1565,
14.4943,18.3761,18.2293,
14.4377,18.8247,18.1565,
14.4943,18.8247,18.3026,
14.5512,21.4492,18.2293,
14.4377,17.4458,18.3026,
14.5512,18.5242,19.2862,
14.6657,18.5242,23.6167,
14.8392,17.5154,18.6738,
14.8975,16.7666,18.45,
14.8975,17.1705,18.3026,
14.8975,17.0346,22.9289,
14.8975,15.99,19.1309,
15.0149,15.8021,18.3026,
14.8975,19.7611,18.3026,
14.8975,18.3026,18.2293,
14.9561,17.1705,18.3761,
15.1332,16.1166,20.5,
15.0739,15.9271,18.9007,
15.0739,15.8021,18.6738,
15.0149,15.8021,18.45,
15.0149,15.99,18.7491,
14.9561,16.438,18.6738,
14.8975,16.3732,18.6738,
14.8975,16.3732,18.6738,
14.8392,16.1804,18.6738,
14.8392,15.74,18.5988,
14.8392,17.9399,18.6738,
14.8392,16.9,18.5988,
