13.4034,16.6343,18.5988,
13.3511,16.7666,18.5988,
13.3511,17.1705,19.5219,
13.3511,17.2388,19.5219,
13.3511,18.8247,20.0855,
13.3511,18.9771,20.5841,
13.3511,18.9007,20.4163,
13.299,19.1309,20.2501,
13.299,19.1309,20.7537,
13.299,19.443,20.9249,
13.299,18.9007,23.2205,
13.299,18.9007,19.8416,
13.299,18.9007,19.2084,
13.299,18.9771,19.7611,
13.299,18.6738,21.3607,
13.299,18.7491,20.2501,
13.299,18.6738,20.6687,
13.4034,18.8247,21.5381,
13.668,18.7491,21.9897,
14.1578,18.8247,21.3607,
15.0739,18.6738,21.4492,
16.3732,18.7491,21.8984,
17.7971,18.7491,19.443,
19.0538,18.9771,22.0814,
20.1676,18.9771,18.0117,
21.3607,19.1309,17.8683,
22.2663,18.3026,18.0839,
23.4175,18.5988,18.0839,
24.2273,18.8247,18.0839,
24.9657,18.6738,18.0839,
25.4008,18.45,18.1565,
25.8459,18.0839,18.1565,
26.3014,17.3075,18.1565,
26.5331,16.3086,18.1565,
26.7676,14.6084,18.1565,
26.8858,26.4169,18.2293,
26.8858,26.4169,18.2293,
26.7676,26.4169,18.3026,
26.65,25.8459,18.3026,
26.5331,22.7371,18.2293,
26.1865,23.5168,18.1565,
26.1865,22.9289,18.1565,
25.7337,23.3188,18.1565,
25.182,21.9897,18.0839,
24.7517,21.5381,18.0117,
24.1241,21.6275,17.9399,
23.7171,21.5381,17.9399,
22.642,21.8077,17.8683,
21.4492,22.8328,17.8683,
20.5,23.0256,17.8683,
19.7611,22.9289,17.7971,
18.8247,22.9289,17.7971,
18.0117,22.8328,17.7262,
17.3765,22.8328,17.7971,
16.9,22.8328,17.7262,
16.5032,21.8077,17.7262,
16.1804,20.4163,17.7262,
15.8645,20.2501,17.7262,
15.6166,24.4353,17.6556,
15.3126,23.818,17.6556,
15.0739,22.7371,17.6556,
14.9561,20.0855,17.6556,
14.8392,16.8331,17.7262,
14.7233,15.4334,17.7971,
14.5512,16.3732,17.7971,
14.3812,16.0532,17.5854,
14.2691,17.3765,18.5242,
14.1578,17.3075,17.6556,
14.0474,17.7262,17.7262,
13.9926,17.9399,17.7262,
13.9379,18.0117,18.45,
13.8293,17.8683,17.8683,
13.8293,18.0117,17.7971,
13.7753,17.7971,17.7971,
13.7753,18.0117,17.7971,
13.7216,18.5988,18.2293,
13.668,18.1565,22.2663,
13.6147,17.7262,17.9399,
13.6147,17.0346,18.2293,
13.5615,16.6343,17.9399,
13.5615,16.5032,17.7262,
13.5615,16.0532,17.7971,
13.6147,15.99,17.7262,
13.5615,15.74,17.7971,
13.6147,15.74,17.7262,
13.5615,15.5552,17.6556,
13.6147,16.8331,17.6556,
13.6147,17.0346,21.7174,
13.668,17.1024,21.5381,
13.7753,17.1705,19.2862,
13.8293,17.1705,24.0215,
13.9379,17.1705,17.8683,
14.0474,17.0346,20.0855,
14.1025,16.8331,17.7262,
14.1578,16.7666,17.5854,
14.2133,16.5686,17.5854,
14.2691,16.5032,17.4458,
14.3251,16.1804,17.4458,
14.3812,16.0532,18.6738,
14.4377,15.74,17.5154,
14.4377,15.1332,18.2293,
14.4377,14.2691,18.1565,
14.4377,14.2691,20.1676,
14.4943,13.8835,18.5988,
14.4943,14.2133,17.6556,
14.4943,14.8975,20.6687,
14.4943,15.1332,17.7262,
14.4943,14.8392,17.7262,
14.4943,14.9561,19.1309,
14.4943,14.6657,19.2862,
14.4377,13.8835,20.4163,
14.4943,13.7216,18.0839,
14.4943,13.9379,18.45,
14.4377,13.8293,17.5854,
14.4943,13.6147,22.1736,
14.4377,12.0595,17.8683,
14.4377,12.0595,17.5854,
14.4377,13.1954,17.7971,
14.4377,11.5954,17.6556,
14.4377,12.8391,17.6556,
14.4377,11.9185,17.5854,
14.4377,14.2691,18.0117,
14.4377,14.2133,19.2862,
14.4377,14.2133,19.443,
14.4377,14.0474,19.681,
14.4377,13.8835,19.681,
14.3812,14.5512,19.8416,
14.3812,14.7811,19.9225,
14.3812,14.3251,20.0038,
14.3812,14.2133,20.0855,
14.3812,14.5512,20.0855,
14.3812,14.6657,20.2501,
14.3812,14.3812,20.333,
14.3812,14.3812,20.4163,
14.3812,14.3251,20.5,
14.3812,14.2691,20.5,
14.3812,14.4377,20.5,
14.3812,14.5512,20.5,
14.3251,14.6084,20.5,
14.3251,14.7233,20.2501,
