13.9926,26.7676,16.5032,
13.9379,26.7676,16.5032,
13.9379,26.7676,16.5686,
13.9379,26.65,16.5032,
13.9379,26.65,16.5032,
13.9379,26.5331,16.5032,
13.8835,26.4169,16.5032,
13.8835,25.9588,16.5032,
13.8835,21.8984,16.3732,
13.8835,21.8077,16.438,
13.8835,23.2205,16.3732,
13.8835,22.4531,16.3732,
13.8835,22.4531,16.3732,
13.8835,22.1736,16.3086,
13.8835,22.1736,16.3086,
13.8835,23.0256,16.3086,
13.8835,22.9289,16.3086,
14.0474,22.9289,16.3086,
14.2133,23.0256,16.3732,
14.6657,27.2449,16.3732,
15.3728,27.366,16.3086,
16.438,24.2273,16.3732,
17.5154,22.3595,16.438,
18.6738,24.331,16.438,
19.681,24.2273,16.5032,
20.8391,24.0215,16.5032,
21.8077,21.8984,16.5686,
23.0256,21.7174,16.3732,
23.818,26.7676,16.438,
24.7517,22.642,16.9672,
25.182,17.1024,17.1024,
25.5111,22.642,16.9,
25.8459,20.4163,14.6657,
25.9588,21.7174,14.6084,
25.8459,24.1241,14.2691,
26.0723,24.9657,14.1578,
25.8459,24.7517,14.2691,
25.6221,24.1241,14.2691,
24.9657,21.3607,14.2691,
24.331,21.4492,14.2691,
23.5168,20.9249,14.2133,
22.7371,21.0112,14.2691,
21.8984,21.2727,14.1578,
20.8391,21.5381,14.1578,
20.0038,22.8328,17.3075,
19.2084,23.0256,14.4943,
18.3761,23.1228,14.2691,
17.7971,22.8328,14.1025,
17.4458,22.4531,14.1025,
17.1024,23.1228,14.1578,
16.8331,23.2205,14.1578,
16.5032,23.1228,15.1927,
16.2444,22.0814,15.99,
15.99,22.0814,14.2133,
15.8021,22.0814,14.2133,
15.5552,22.3595,14.4377,
15.3728,23.0256,14.2133,
15.1927,23.1228,14.3812,
15.0739,23.5168,14.3251,
14.8975,25.5111,14.3251,
14.7811,24.7517,14.3251,
14.6657,22.0814,16.7003,
14.4943,21.5381,20.333,
14.4377,21.3607,17.4458,
14.3812,22.5473,15.5552,
14.3251,21.3607,16.8331,
14.2133,22.3595,16.5032,
14.2133,22.3595,16.9,
14.1578,22.642,16.0532,
14.1025,26.3014,16.3086,
14.1025,27.366,16.7666,
14.0474,27.366,15.4942,
14.0474,27.366,15.74,
13.9926,27.366,15.3126,
13.9926,27.1245,14.6084,
13.9926,27.1245,15.74,
13.9926,27.0048,17.5154,
13.9926,26.8858,17.7971,
14.0474,25.9588,17.8683,
14.1025,25.7337,17.7971,
14.1578,26.3014,18.5988,
14.1578,26.3014,17.6556,
14.2133,23.818,17.5854,
14.2133,23.7171,17.6556,
14.2691,23.4175,21.0979,
14.3812,23.4175,17.5154,
14.4377,23.0256,17.4458,
14.5512,22.9289,17.5854,
14.5512,22.8328,18.3761,
14.6084,22.7371,17.3075,
14.6657,22.2663,18.0117,
14.7233,22.1736,17.6556,
14.7233,23.3188,18.6738,
14.7811,22.3595,20.4163,
14.7811,23.3188,20.8391,
14.8392,22.4531,16.9672,
14.8392,21.1851,16.9672,
14.8392,20.9249,17.0346,
14.8975,20.5,18.5242,
14.9561,20.7537,18.45,
14.8975,21.0979,19.443,
14.9561,20.0855,21.3607,
14.9561,20.5,23.6167,
14.9561,22.0814,17.3075,
15.0149,20.4163,17.0346,
15.0149,21.5381,17.0346,
15.0149,21.8077,17.0346,
15.0149,21.8077,17.0346,
15.0149,21.4492,18.5988,
15.0149,19.7611,20.8391,
15.0739,19.5219,17.3075,
15.0739,19.3644,16.9,
15.0149,19.9225,16.7666,
15.0149,20.2501,21.8984,
15.0739,19.2862,17.1705,
15.0739,18.3026,16.7003,
15.0739,18.2293,14.5512,
15.0149,18.9007,13.8293,
14.8975,18.9007,13.4559,
15.0149,18.6738,13.8835,
15.0739,17.8683,14.8975,
15.0149,17.3765,15.3126,
15.0739,14.6657,15.1927,
15.0739,15.0149,15.3126,
15.0739,15.0149,15.4334,
15.0739,14.9561,15.4942,
15.0739,14.9561,15.6166,
15.0739,14.1578,15.6166,
15.0739,14.7811,15.6166,
15.0739,15.2525,15.6166,
15.0739,15.3126,15.5552,
15.0739,15.74,15.6166,
15.0739,15.6781,15.6166,
15.0739,15.5552,15.6166,
15.0739,15.5552,15.5552,
15.0739,15.6166,15.5552,
15.0739,15.4942,15.5552,
