13.8835,25.4008,18.2293,
13.8835,25.5111,18.2293,
13.8293,25.4008,18.2293,
13.8293,25.4008,18.2293,
13.8293,25.5111,18.2293,
13.8293,25.4008,18.2293,
13.8835,25.4008,18.2293,
13.8835,25.4008,18.1565,
13.8835,25.2911,18.2293,
13.8293,25.182,18.1565,
13.8835,25.2911,18.1565,
13.8293,25.2911,18.1565,
13.8293,25.2911,18.2293,
13.8293,25.2911,18.1565,
13.8293,25.2911,18.1565,
13.8293,25.182,18.1565,
13.8835,25.4008,18.1565,
14.1025,25.5111,18.1565,
14.6084,25.7337,18.1565,
15.4942,25.7337,18.1565,
16.7666,25.5111,18.2293,
18.1565,25.7337,18.2293,
19.5219,25.8459,18.2293,
20.9249,25.7337,18.3026,
21.9897,21.5381,18.3761,
23.1228,20.7537,18.45,
23.9195,13.1439,18.5242,
24.7517,20.0855,18.3761,
25.0735,17.7971,18.6738,
25.6221,21.0979,18.0839,
26.1865,20.2501,18.1565,
26.1865,20.4163,18.1565,
26.3014,22.1736,18.5988,
24.8584,19.8416,18.45,
26.3014,20.333,18.1565,
26.4169,23.5168,18.0117,
26.3014,25.2911,18.0839,
25.7337,26.4169,18.2293,
25.5111,26.5331,17.7971,
25.4008,26.3014,17.7971,
24.7517,26.3014,17.7262,
24.331,25.5111,17.6556,
23.4175,22.4531,17.0346,
22.2663,22.8328,17.5854,
19.9225,21.5381,18.2293,
20.5841,25.6221,18.1565,
19.7611,25.7337,16.7003,
19.2084,25.6221,16.7003,
18.45,24.7517,16.7003,
17.9399,19.681,16.7666,
17.4458,19.3644,16.7666,
17.1024,21.8077,17.3075,
16.8331,21.0979,16.9,
16.5686,21.0112,18.0839,
16.3086,21.0112,18.1565,
16.0532,19.9225,18.0839,
15.8645,21.8077,18.1565,
15.74,23.0256,18.0839,
15.4942,22.9289,17.9399,
15.3728,21.3607,17.3075,
15.1927,21.2727,17.6556,
15.0149,21.0112,17.6556,
14.8975,21.1851,17.5154,
14.7811,22.642,16.9672,
14.7233,21.8077,17.1024,
14.5512,21.8984,17.1024,
14.4943,22.642,17.1024,
14.4377,24.6457,17.1705,
14.3812,24.5402,17.5854,
14.3251,24.2273,17.7262,
14.2133,24.5402,17.7971,
14.2133,23.5168,17.7262,
14.1578,23.3188,17.7262,
14.1578,24.6457,17.7262,
14.1578,24.7517,17.7971,
14.1025,24.6457,17.7262,
14.1025,24.4353,17.7262,
14.1025,24.5402,17.7262,
14.1025,24.331,17.5854,
14.1025,24.2273,17.3765,
14.2133,24.4353,17.5854,
14.1578,24.2273,17.2388,
14.2691,24.331,17.2388,
14.2691,24.1241,17.1024,
14.3251,24.1241,17.1024,
14.3251,24.0215,17.0346,
14.3251,23.2205,16.9672,
14.3812,22.9289,16.8331,
14.4377,22.7371,16.7666,
14.4377,22.4531,20.5841,
14.4377,22.1736,16.9672,
14.4377,21.8984,16.7666,
14.4943,21.5381,16.6343,
14.5512,21.2727,16.5686,
14.6657,21.0112,16.5686,
14.7233,20.7537,16.438,
14.7233,20.5841,17.2388,
14.7811,20.7537,16.7003,
14.8392,20.333,16.8331,
14.8392,19.9225,17.1024,
14.8975,19.681,18.9007,
14.8975,17.4458,17.9399,
14.8975,16.2444,19.0538,
14.9561,16.3732,18.1565,
14.9561,16.2444,16.2444,
14.9561,17.8683,19.3644,
15.0149,17.8683,16.3086,
14.9561,19.443,16.9672,
14.9561,19.8416,17.7262,
14.8975,19.3644,16.1804,
14.8975,17.1024,16.8331,
14.8975,16.3732,16.2444,
14.8975,16.2444,16.1804,
14.8392,16.9,16.1804,
14.8392,17.0346,16.1166,
14.8392,16.8331,16.1166,
14.8392,16.7666,16.1166,
14.8392,16.438,16.1804,
14.8392,16.7666,16.1166,
14.8392,16.8331,16.1804,
14.8392,16.8331,16.1166,
14.8392,16.7003,16.1166,
14.8392,16.5032,16.1804,
14.8392,16.3086,16.1166,
14.8392,16.1166,16.0532,
14.8392,15.5552,16.0532,
14.7811,15.6166,16.0532,
14.7811,15.0739,16.0532,
14.7811,14.7233,16.0532,
14.7811,18.0839,16.0532,
