13.3511,19.9225,17.9399,
13.3511,19.8416,17.8683,
13.3511,19.6013,17.9399,
13.3511,19.2084,17.9399,
13.299,18.3761,17.8683,
13.299,19.0538,17.8683,
13.299,19.3644,17.8683,
13.299,20.0855,17.8683,
13.2471,18.8247,17.8683,
13.2471,18.5988,17.7971,
13.2471,23.6167,17.8683,
13.299,23.5168,17.7971,
13.2471,23.4175,17.7971,
13.299,23.4175,17.7971,
13.2471,23.4175,17.7971,
13.3511,23.4175,17.7971,
13.5086,23.6167,17.8683,
13.7753,23.5168,17.8683,
13.8835,23.5168,17.9399,
14.7233,23.6167,17.8683,
15.3126,23.7171,17.8683,
17.0346,23.4175,17.8683,
18.3026,22.5473,18.0117,
19.5219,22.642,18.0839,
20.5841,18.9007,19.2084,
21.5381,16.438,19.2862,
22.7371,15.8021,21.5381,
23.4175,15.3728,23.1228,
24.2273,15.3126,22.1736,
24.7517,13.9926,18.7491,
24.9657,19.9225,22.5473,
25.2911,19.681,25.0735,
25.5111,20.0855,22.4531,
25.7337,16.6343,23.7171,
25.9588,14.6084,21.4492,
26.0723,14.8392,22.7371,
26.1865,13.3511,23.6167,
26.1865,23.6167,23.7171,
26.1865,23.6167,24.0215,
26.0723,23.6167,22.4531,
25.9588,23.5168,20.9249,
25.7337,23.2205,21.4492,
25.6221,21.8077,21.4492,
25.4008,26.7676,21.3607,
25.182,26.4169,21.0979,
24.7517,26.0723,21.4492,
23.9195,25.182,21.6275,
23.1228,24.7517,19.7611,
21.9897,24.9657,20.2501,
20.9249,25.5111,18.7491,
19.7611,25.6221,18.7491,
18.9007,25.2911,18.8247,
18.3026,23.7171,18.8247,
17.5854,15.5552,18.6738,
17.1705,18.0839,18.7491,
16.7003,15.8021,22.2663,
16.3086,14.3812,23.2205,
15.99,23.1228,21.3607,
15.6166,20.5,21.2727,
15.3728,24.2273,23.0256,
15.1927,23.1228,19.6013,
14.9561,22.4531,20.333,
14.7811,20.9249,19.9225,
14.6657,22.8328,18.8247,
14.4943,22.7371,17.9399,
14.3812,21.4492,18.1565,
14.2691,21.8077,19.5219,
14.1578,21.7174,18.0117,
14.0474,13.9379,17.9399,
13.9926,15.0739,19.5219,
13.9379,15.6166,18.0117,
13.8835,15.1927,18.0839,
13.8293,15.2525,18.0839,
13.7753,15.8021,18.0117,
13.7753,15.3126,18.0117,
13.7216,15.1332,17.8683,
13.7216,15.4334,17.9399,
13.668,14.7233,17.9399,
13.668,15.4334,17.8683,
13.6147,15.3728,17.8683,
13.6147,15.2525,17.8683,
13.6147,15.1332,17.8683,
13.5615,15.2525,17.7971,
13.5086,15.0739,17.7971,
13.5086,14.6657,17.7262,
13.5086,14.8975,17.7262,
13.5086,14.0474,17.6556,
13.4034,16.2444,17.5854,
13.4559,16.1166,17.6556,
13.5086,16.3732,17.5854,
13.5615,15.8645,17.5854,
13.668,15.6781,17.5154,
13.7216,18.0117,17.4458,
13.8293,17.3765,17.4458,
13.8835,17.0346,17.3765,
13.9379,15.5552,17.3765,
13.9926,14.6657,17.3765,
14.0474,14.4943,17.4458,
14.1025,15.0739,17.4458,
14.1025,14.8975,17.5154,
14.1578,14.2133,17.5154,
14.1578,13.9926,17.5854,
14.1578,14.0474,17.5154,
14.2133,14.1578,19.5219,
14.2133,13.8293,23.4175,
14.2133,13.5086,17.7262,
14.1578,13.8835,20.6687,
14.1578,13.668,17.7971,
14.2133,13.7216,18.3761,
14.2133,13.5615,21.3607,
14.2133,13.4559,17.7971,
14.1578,12.25,20.0855,
14.2133,13.4034,18.9007,
14.2691,16.9672,18.3026,
14.2691,16.9672,17.8683,
14.2691,17.0346,17.7262,
14.2691,17.1024,17.7262,
14.2691,17.3075,17.7262,
14.2691,17.3075,17.7971,
14.2691,17.2388,17.7971,
14.2691,17.2388,17.7971,
14.2691,17.2388,17.7971,
14.2691,17.1705,17.9399,
14.2691,17.1705,19.1309,
14.2691,17.1024,17.9399,
14.2691,17.1024,17.8683,
14.2691,16.9672,17.9399,
14.2691,16.9,18.2293,
14.2691,16.9672,20.5,
14.2691,16.9,18.9771,
