13.7216,18.45,18.2293,
13.668,16.9,18.1565,
13.668,16.5032,18.1565,
13.668,17.0346,18.0839,
13.668,16.2444,18.0839,
13.668,23.3188,18.0839,
13.668,23.3188,18.0839,
13.668,23.4175,18.0117,
13.6147,23.6167,18.0117,
13.6147,23.4175,18.0117,
13.6147,23.6167,18.0117,
13.6147,23.4175,18.0117,
13.668,21.2727,18.0117,
13.8293,21.3607,18.0117,
14.1578,21.2727,17.9399,
15.2525,21.7174,18.1565,
16.5686,22.3595,18.6738,
18.45,22.5473,18.3026,
20.0855,20.8391,18.0839,
21.5381,25.6221,18.2293,
23.3188,22.2663,18.9007,
24.5402,19.5219,21.1851,
25.4008,20.1676,18.3761,
25.9588,17.1705,18.3761,
26.5331,18.7491,24.1241,
26.7676,15.9271,18.45,
27.0048,16.6343,18.45,
27.1245,16.3086,18.5242,
27.4878,17.0346,18.5242,
27.366,16.8331,18.5242,
27.2449,16.7666,18.45,
27.0048,16.1804,18.45,
26.7676,15.74,18.3761,
26.65,15.74,18.3761,
26.4169,15.8645,18.3026,
25.9588,19.2862,18.3026,
25.182,19.2084,18.2293,
24.5402,15.3126,18.2293,
24.1241,16.5032,18.1565,
23.7171,16.7003,18.1565,
22.7371,16.438,18.2293,
21.6275,16.7003,20.7537,
20.7537,16.6343,18.3026,
19.7611,17.0346,18.2293,
18.9007,17.1024,18.9771,
18.1565,16.9672,18.1565,
17.5854,16.9,18.3761,
17.0346,17.2388,20.0855,
16.6343,17.1024,21.2727,
16.2444,17.1024,21.0979,
15.8645,17.4458,21.7174,
15.6166,17.3075,20.6687,
15.3728,17.3765,22.3595,
15.1927,19.8416,22.1736,
14.9561,14.1025,23.3188,
14.7811,15.4942,18.0117,
14.6657,15.6166,19.3644,
14.5512,15.4334,23.0256,
14.4377,14.2133,17.9399,
14.4377,20.7537,17.9399,
14.3812,21.1851,17.9399,
14.3251,20.0855,17.8683,
14.2691,19.5219,17.7971,
14.2691,19.2084,17.7971,
14.2133,20.2501,17.7262,
14.2691,19.5219,17.6556,
14.3812,18.5242,17.6556,
14.5512,19.2084,17.6556,
14.8392,16.1166,17.8683,
15.0739,15.6781,17.8683,
15.3126,15.3728,19.5219,
15.4942,15.3126,18.2293,
15.6166,14.8392,18.6738,
15.6781,15.0149,19.5219,
15.74,14.9561,17.7971,
15.8021,14.5512,17.6556,
15.74,14.5512,17.6556,
15.6781,14.3251,19.8416,
15.6781,14.0474,18.9007,
15.6781,14.1025,17.8683,
15.6781,14.2133,17.5854,
15.6781,14.2133,17.7262,
15.6166,14.0474,20.2501,
15.5552,13.7216,18.9007,
15.4942,13.7216,17.5154,
15.4334,13.2471,19.0538,
15.4334,12.9399,17.5854,
15.6166,15.1332,17.7262,
15.4942,13.0415,20.1676,
15.4942,12.7889,17.7971,
15.4942,13.299,23.2205,
15.4942,13.6147,17.7971,
15.4942,13.7216,17.7262,
15.5552,13.6147,18.0117,
15.6166,13.2471,19.7611,
15.6166,12.7889,18.1565,
15.6166,12.739,19.0538,
15.6166,12.8894,18.6738,
15.6166,13.1439,20.0038,
15.5552,13.0926,20.8391,
15.6166,15.3126,18.45,
15.6166,15.0149,19.2862,
15.6166,14.4943,19.5219,
15.6166,14.1578,20.333,
15.6166,14.3251,20.4163,
15.6166,16.3086,20.1676,
15.5552,16.3732,20.0038,
15.6166,16.5032,19.443,
