13.5086,21.6275,18.0839,
13.4559,21.4492,18.0839,
13.4559,21.4492,18.0117,
13.4559,21.2727,18.0839,
13.4559,21.1851,18.0839,
13.4559,21.0979,18.0839,
13.4559,21.3607,18.0839,
13.4559,21.0979,18.0839,
13.4034,20.8391,18.1565,
13.4034,20.7537,18.0839,
13.4034,20.0855,18.0839,
13.4034,18.8247,18.0117,
13.4034,18.6738,18.0117,
13.4034,20.6687,18.0117,
13.4034,20.1676,17.9399,
13.4034,24.5402,18.0117,
13.4559,24.4353,17.9399,
13.668,24.5402,17.8683,
14.2133,24.6457,17.9399,
14.8392,24.6457,18.0117,
16.0532,24.6457,18.0839,
17.1024,24.6457,18.2293,
18.2293,20.0038,18.3761,
19.5219,20.2501,18.3761,
20.4163,20.0855,18.5988,
21.5381,21.0112,18.3761,
22.5473,21.3607,18.2293,
23.3188,18.2293,18.1565,
24.2273,22.642,18.2293,
24.7517,25.5111,18.2293,
25.0735,25.9588,18.2293,
25.4008,24.5402,18.2293,
25.7337,23.1228,18.3026,
25.8459,23.0256,18.3026,
25.9588,21.0112,18.45,
26.1865,21.8984,18.45,
26.1865,21.9897,18.5242,
26.3014,21.9897,18.45,
26.3014,21.6275,18.45,
26.0723,18.5988,18.45,
25.8459,21.7174,18.3761,
25.7337,19.681,18.3026,
25.5111,19.3644,18.3026,
25.0735,21.7174,18.2293,
24.5402,21.4492,18.2293,
23.7171,21.0112,18.0839,
22.7371,20.9249,18.0117,
21.8077,21.0112,17.9399,
20.5841,20.8391,17.9399,
19.681,21.1851,17.9399,
18.7491,21.4492,17.9399,
17.9399,21.6275,17.9399,
17.3075,21.4492,17.8683,
16.9,21.3607,17.9399,
16.438,21.2727,17.8683,
16.0532,20.6687,17.8683,
15.74,18.5242,17.9399,
15.4942,19.2084,18.0839,
15.2525,19.2862,17.9399,
15.1927,19.443,17.9399,
14.8975,19.8416,18.2293,
14.7811,19.443,17.8683,
14.6657,20.1676,18.0839,
14.4377,19.0538,18.2293,
14.4377,17.7262,17.8683,
14.3251,15.3728,18.0117,
14.2691,15.8021,19.2862,
14.1578,16.7003,17.9399,
13.9926,16.5032,17.9399,
13.7216,16.3732,17.9399,
13.668,16.438,18.2293,
13.5615,17.5854,17.9399,
13.5086,16.7666,17.9399,
13.5615,15.0739,17.9399,
10.8443,14.9561,18.5242,
11.6869,14.4943,18.0117,
11.8718,18.5988,18.2293,
12.0123,18.7491,18.2293,
11.148,18.8247,18.0117,
11.0169,20.0038,17.7971,
13.1954,19.9225,17.8683,
13.299,19.7611,17.8683,
13.3511,19.681,18.3026,
13.3511,19.2862,19.0538,
11.55,19.2084,18.6738,
13.5086,18.9771,18.0117,
13.5615,18.7491,17.9399,
13.6147,18.1565,18.0117,
13.668,18.8247,20.5,
13.7753,18.5242,19.9225,
13.8293,20.6687,19.1309,
13.9379,20.5841,19.2084,
13.8835,20.4163,18.9771,
14.0474,20.1676,18.3761,
14.1578,20.0038,18.2293,
14.1025,19.681,18.0839,
13.1954,19.2862,17.9399,
14.1025,19.1309,18.0839,
14.2133,18.8247,18.0839,
14.2691,18.5988,18.5988,
12.6893,18.5242,18.0839,
11.8253,18.3761,18.0839,
12.6397,18.3761,17.9399,
13.668,18.3026,18.9771,
12.8391,18.0839,19.2084,
12.739,17.9399,19.2084,
13.668,17.5854,18.0117,
12.6893,16.9672,18.0839,
12.4434,15.99,23.818,
12.5904,15.8021,18.6738,
13.1439,13.8835,18.1565,
15.1332,13.4034,17.9399,
15.0739,13.7753,17.9399,
14.8975,13.7753,18.3761,
15.1927,15.8021,17.9399,
14.8975,15.74,18.0117,
14.6657,15.4942,18.3026,
14.3251,15.1332,21.4492,
13.5086,15.1332,17.9399,
14.3812,15.4942,17.9399,
14.3251,15.3728,18.0839,
14.3251,15.74,18.0117,
14.3812,15.6781,17.9399,
14.3812,15.6166,17.8683,
14.3812,15.8021,17.8683,
14.3812,15.6781,17.7971,
14.3812,15.4334,17.7971,
14.7233,15.5552,17.7971,
14.7811,15.1332,17.7971,
