13.5615,22.1736,19.3644,
13.5615,21.8077,19.2862,
13.5615,21.4492,19.2084,
13.5086,21.1851,19.2084,
13.5086,21.1851,19.2084,
13.5086,21.0112,19.2084,
13.4559,20.9249,19.1309,
13.4034,20.9249,19.1309,
13.4034,20.6687,19.0538,
13.3511,19.0538,19.0538,
13.4559,20.6687,19.0538,
13.668,21.0112,19.3644,
13.9379,20.0038,19.681,
14.1578,27.366,19.8416,
14.5512,27.7337,20.0038,
16.1804,29.4069,21.4492,
17.9399,30.7898,22.2663,
19.7611,30.7898,22.5473,
21.4492,30.7898,22.5473,
22.9289,29.5413,22.5473,
24.5402,27.8577,22.4531,
25.7337,22.4531,22.5473,
27.2449,25.8459,22.2663,
28.618,26.65,22.2663,
29.2734,22.8328,22.4531,
30.0873,19.443,22.3595,
29.6765,30.933,23.0256,
29.0088,26.7676,21.0979,
30.0873,25.7337,22.2663,
29.5413,24.7517,21.5381,
29.9495,26.7676,21.9897,
32.2652,28.2344,23.9195,
28.4893,24.1241,21.0112,
28.1081,25.4008,20.9249,
29.0088,26.3014,21.8984,
28.4893,21.8984,22.0814,
27.4878,21.6275,21.9897,
26.7676,20.7537,21.8077,
25.6221,23.818,21.7174,
24.0215,23.5168,21.5381,
22.4531,19.8416,20.9249,
21.7174,24.4353,20.8391,
20.5841,18.0839,20.7537,
19.7611,18.5988,20.6687,
19.0538,17.9399,22.9289,
18.5242,18.2293,24.6457,
18.1565,17.4458,23.0256,
17.7971,25.182,21.2727,
17.3075,24.331,21.0112,
16.9672,27.7337,23.0256,
16.5686,27.8577,24.6457,
16.438,27.7337,20.333,
16.1804,23.9195,20.6687,
16.0532,24.331,20.4163,
15.8021,23.6167,20.2501,
15.74,23.3188,23.3188,
15.6166,24.1241,20.4163,
15.5552,24.0215,20.4163,
15.4334,24.0215,20.333,
15.3728,24.1241,20.4163,
15.3126,24.2273,20.4163,
15.3126,23.818,20.5,
15.2525,22.3595,20.8391,
15.1927,22.2663,20.6687,
15.1927,22.1736,20.7537,
15.0739,17.4458,20.5,
15.0739,17.7971,20.2501,
14.6657,17.2388,19.681,
14.4943,16.7666,19.3644,
14.3812,16.5686,19.1309,
14.2691,16.3732,18.9007,
14.4377,16.2444,19.0538,
15.0739,16.7666,19.5219,
15.3728,16.7003,19.7611,
15.4334,16.3732,19.8416,
15.4334,15.74,19.6013,
15.6781,18.1565,19.8416,
15.74,18.45,19.681,
15.8645,18.0117,19.6013,
16.0532,18.6738,19.681,
15.6781,17.6556,19.2084,
15.4942,16.8331,19.2084,
15.5552,16.0532,19.443,
16.5032,16.7003,20.6687,
15.5552,16.0532,20.5,
16.0532,16.0532,20.5,
16.0532,17.3075,20.4163,
14.8392,15.8645,18.9007,
15.9271,17.3075,20.5,
13.8835,15.99,19.6013,
12.8391,15.6781,18.3761,
13.0415,15.9271,18.5988,
14.2691,16.1166,20.2501,
14.4943,17.3765,20.4163,
16.2444,19.3644,22.1736,
14.2691,21.8077,22.2663,
14.3251,20.0038,20.2501,
14.4377,18.8247,20.0038,
14.3812,17.3075,20.1676,
14.4943,18.0117,20.1676,
14.3812,17.4458,20.1676,
14.4377,17.2388,20.0855,
14.3812,16.3086,20.0855,
14.3812,17.3765,20.0038,
14.3251,19.681,19.9225,
13.8293,19.0538,19.2862,
13.6147,18.7491,19.0538,
13.5086,18.5988,18.9007,
13.5086,18.6738,18.9007,
