13.6147,26.4169,16.5032,
13.6147,26.5331,16.5032,
13.6147,26.5331,16.5032,
13.6147,26.5331,16.5686,
13.6147,26.4169,16.5032,
13.5615,26.4169,16.438,
13.5615,26.1865,16.438,
13.5615,26.3014,16.3732,
13.5615,26.3014,16.3732,
13.5615,26.3014,16.3086,
13.5615,26.3014,16.3086,
13.5086,26.0723,16.2444,
13.5086,25.9588,16.2444,
13.5086,25.6221,16.1804,
13.5086,24.9657,16.1166,
13.5086,21.5381,16.1166,
13.5086,24.4353,16.0532,
13.5615,24.331,15.99,
13.6147,24.2273,15.8645,
13.7216,24.4353,15.74,
13.9926,24.6457,15.6781,
14.4377,24.7517,15.5552,
15.1927,24.6457,15.3728,
16.3086,24.8584,15.2525,
17.5854,25.182,15.1332,
18.5988,26.4169,14.7811,
19.5219,26.65,14.2133,
20.333,26.4169,16.3086,
21.1851,26.5331,17.7971,
21.8984,26.3014,14.4377,
22.8328,26.0723,15.4942,
23.6167,26.8858,17.4458,
24.331,26.7676,18.0839,
24.6457,20.6687,14.3251,
25.182,22.5473,18.9771,
25.8459,27.1245,15.2525,
25.9588,26.8858,13.299,
26.1865,27.366,15.3126,
26.5331,27.6104,18.9771,
26.5331,24.9657,19.2862,
26.5331,25.2911,18.9771,
26.7676,23.5168,16.6343,
26.65,21.8984,15.6781,
26.4169,25.6221,11.779,
26.4169,23.818,11.8253,
26.0723,22.2663,11.8718,
25.8459,18.0839,12.9906,
25.5111,22.4531,12.739,
24.8584,19.443,12.4434,
24.6457,20.0038,12.3463,
24.5402,19.8416,12.2981,
24.1241,20.0855,12.25,
23.7171,19.3644,12.5904,
22.7371,20.2501,16.2444,
21.8984,19.6013,18.5988,
21.0979,20.333,18.5988,
20.4163,20.1676,18.5242,
19.7611,20.5,13.6147,
19.0538,21.2727,12.0595,
18.45,21.2727,12.0595,
17.9399,21.2727,12.0123,
17.5154,21.3607,11.9653,
17.2388,21.3607,11.9185,
16.9,21.0979,11.9185,
16.6343,22.0814,11.9185,
16.438,25.2911,11.9185,
16.1166,25.2911,11.9185,
15.8645,25.5111,14.8975,
15.6781,25.7337,11.8718,
15.4334,25.7337,11.8718,
15.1927,25.4008,11.8253,
15.0149,21.7174,11.8253,
14.8392,25.2911,11.7329,
14.6657,24.8584,11.8253,
14.5512,21.0979,13.299,
14.3812,24.4353,12.1069,
14.2691,20.0855,13.0415,
14.1578,21.8984,12.9399,
14.0474,20.8391,13.7753,
13.9926,20.1676,15.4334,
13.9379,20.2501,15.6166,
13.8293,20.0855,15.99,
13.7753,19.9225,16.2444,
13.7753,19.5219,16.0532,
13.7216,19.3644,15.9271,
13.7216,18.9007,15.74,
13.668,21.4492,15.5552,
13.668,22.7371,15.1927,
13.6147,22.642,15.0739,
13.6147,22.1736,14.7233,
13.5615,20.9249,14.5512,
13.5615,22.4531,17.0346,
13.6147,23.0256,17.7971,
13.5615,23.1228,16.7666,
13.5615,22.8328,16.6343,
13.5615,22.0814,16.5686,
13.5615,20.5841,16.5032,
13.6147,20.1676,16.438,
13.668,20.7537,16.3732,
13.7216,22.1736,16.5686,
13.7753,22.1736,16.6343,
13.7753,22.0814,16.2444,
13.8293,21.5381,19.6013,
13.8835,21.3607,15.8021,
13.9379,20.8391,15.99,
13.9926,20.6687,14.6657,
14.0474,20.333,13.4559,
14.0474,20.0038,16.1804,
14.1025,19.7611,15.2525,
14.1025,19.7611,15.4334,
14.1578,19.5219,13.6147,
14.2133,19.3644,13.668,
14.2133,19.2862,14.4943,
14.2133,19.1309,15.6166,
14.2133,19.443,14.9561,
14.2133,19.6013,14.2133,
14.2691,19.6013,14.1578,
14.3251,19.5219,15.4334,
14.3251,18.8247,15.3728,
14.2691,18.5242,14.8392,
14.3251,18.0839,13.668,
14.3251,17.1705,13.668,
14.3251,16.3086,16.438,
14.3251,16.1804,13.9379,
14.3251,16.1166,15.0149,
14.3812,17.5154,14.1578,
14.3251,18.0839,17.5154,
14.3812,17.4458,13.8293,
14.3812,17.0346,14.0474,
14.3812,17.5854,16.5686,
14.3812,15.8021,16.9,
14.4377,16.7003,14.6084,
14.4377,17.1024,14.7811,
14.3812,17.3075,13.6147,
14.3812,17.3075,13.668,
14.3812,17.4458,13.668,
14.3812,17.5154,13.7216,
14.3812,17.5154,13.668,
14.3812,17.5154,13.6147,
14.3812,17.5154,13.9379,
14.4377,17.5154,13.9926,
14.4377,17.5154,14.2133,
14.4377,17.5154,14.1578,
