13.4034,20.4163,18.0839,
13.4034,20.0038,18.0839,
13.4034,19.6013,18.0117,
13.3511,19.2862,18.0117,
13.3511,19.681,18.0117,
13.4034,19.443,17.9399,
13.3511,19.8416,17.9399,
13.3511,19.7611,17.9399,
13.3511,19.5219,17.7971,
13.3511,19.3644,17.7971,
13.3511,18.8247,17.7262,
13.3511,19.2862,17.7971,
13.3511,18.9007,17.7262,
13.3511,20.0038,17.7971,
13.3511,19.1309,17.7262,
13.3511,18.9007,17.7971,
13.4034,19.7611,17.7262,
13.4559,19.9225,17.7971,
13.2471,19.8416,17.7971,
13.7753,19.9225,17.7971,
13.1954,19.681,17.7971,
15.1332,20.0038,17.8683,
14.2691,19.3644,17.8683,
14.9561,20.4163,17.8683,
18.0839,20.5841,17.9399,
18.3026,21.8984,18.0117,
20.5,18.7491,18.0839,
21.7174,16.5032,18.0839,
22.642,20.4163,18.1565,
23.3188,16.3732,18.0839,
23.4175,20.0038,18.2293,
24.2273,21.0112,18.7491,
25.182,15.4942,18.45,
21.0112,13.9926,18.1565,
25.7337,16.5032,18.3026,
26.1865,11.5046,18.0839,
25.9588,26.4169,17.1705,
26.3014,21.1851,14.3812,
26.4169,21.6275,14.1025,
25.8459,22.642,15.3126,
25.9588,26.1865,15.5552,
25.5111,25.8459,16.8331,
25.0735,25.6221,12.9399,
24.6457,25.5111,14.4377,
23.0256,25.5111,10.2181,
23.0256,25.4008,18.3026,
22.2663,25.2911,18.3026,
21.4492,25.2911,18.2293,
20.5841,25.182,18.1565,
20.0855,25.2911,18.1565,
19.2084,25.2911,18.0839,
18.7491,25.182,17.9399,
17.9399,24.8584,17.8683,
17.2388,24.6457,17.6556,
16.9672,24.8584,17.5154,
16.6343,21.0112,17.1705,
16.3086,20.333,18.1565,
15.99,22.5473,18.6738,
15.6781,21.2727,18.7491,
15.3728,19.9225,18.7491,
15.1927,19.7611,18.8247,
15.0149,18.5988,18.8247,
14.8975,19.2862,18.3026,
14.7233,18.7491,16.438,
14.6084,19.3644,17.6556,
14.5512,18.3026,14.7811,
14.4943,18.1565,15.4334,
14.3812,19.1309,15.5552,
14.3812,17.3765,15.5552,
14.3251,18.3026,15.5552,
14.3251,17.5854,15.3126,
14.2691,15.8021,15.4334,
14.2691,16.1166,15.4942,
14.2691,14.8975,15.5552,
14.2691,14.2691,15.6166,
14.2691,15.5552,15.6781,
14.3251,15.2525,15.9271,
14.4943,14.9561,15.74,
14.4377,14.8392,15.6781,
14.5512,14.6657,15.6166,
14.6084,14.5512,15.8021,
14.6657,14.4943,15.8021,
14.7233,14.7233,15.8645,
14.7811,14.6084,20.2501,
14.8392,14.1578,15.8021,
14.8975,14.2133,15.6781,
14.8975,13.668,15.6781,
14.8975,13.5615,15.6781,
14.9561,16.2444,15.6781,
14.9561,16.2444,15.6781,
15.0149,15.9271,15.74,
15.0739,15.99,15.74,
15.1332,15.8645,15.8021,
15.1927,15.4334,15.8645,
15.2525,15.3126,17.5154,
15.3126,19.9225,16.6343,
15.4334,19.3644,15.74,
15.4942,18.1565,16.2444,
15.5552,17.2388,22.3595,
15.5552,16.6343,18.6738,
15.6166,15.4334,14.3251,
15.6781,12.2021,15.3126,
15.8021,13.7216,16.9672,
15.8645,13.8293,18.8247,
15.8645,16.0532,18.7491,
15.8645,15.8021,18.3026,
15.8021,15.1332,13.0415,
15.8021,18.9771,15.6781,
15.8021,18.9771,15.99,
15.8021,19.0538,15.99,
15.8021,19.1309,15.74,
15.74,19.1309,15.8645,
15.74,19.1309,15.8645,
15.74,19.1309,15.8645,
15.74,19.1309,15.8645,
15.6781,19.0538,15.8645,
