13.5615,25.2911,18.5988,
13.5615,25.0735,18.5242,
13.5615,24.8584,18.5242,
13.5086,24.2273,18.5242,
13.4559,23.2205,18.5242,
13.5086,24.4353,18.5242,
13.5086,24.5402,18.45,
13.5086,24.5402,18.5242,
13.5086,24.6457,18.45,
13.5086,24.5402,18.45,
13.5086,24.4353,18.45,
13.5086,24.331,18.45,
13.5086,22.9289,18.3761,
13.5615,21.6275,18.3761,
13.6147,22.3595,18.3026,
13.7216,22.1736,18.3761,
13.7753,22.0814,18.3761,
14.7811,22.2663,18.3761,
15.74,23.5168,18.45,
15.99,24.9657,18.45,
18.2293,25.2911,18.5242,
19.5219,22.7371,18.6738,
20.6687,17.7262,18.7491,
21.7174,18.9007,18.8247,
22.9289,19.0538,18.7491,
23.9195,20.333,19.1309,
24.9657,22.9289,19.2862,
25.6221,23.5168,18.9771,
26.0723,20.6687,19.5219,
26.4169,23.6167,19.0538,
26.4169,21.1851,19.0538,
26.8858,18.45,19.1309,
26.4169,22.1736,19.0538,
26.7676,21.8077,19.0538,
26.5331,20.9249,18.9007,
26.0723,19.8416,18.9007,
26.1865,32.5722,18.9007,
25.6221,32.5722,18.9007,
24.9657,32.5722,18.8247,
24.5402,32.2652,18.7491,
24.1241,32.4182,18.7491,
23.818,31.2223,18.7491,
23.1228,31.5154,18.6738,
21.9897,31.0772,18.6738,
21.0979,30.7898,18.5988,
20.1676,29.0088,18.5242,
19.3644,30.3656,18.5242,
18.45,30.6475,18.5242,
17.9399,26.65,18.5242,
17.4458,26.0723,18.5242,
17.0346,26.0723,18.5242,
16.6343,25.9588,18.45,
16.2444,25.6221,18.3761,
15.9271,24.9657,18.3761,
15.74,24.331,18.3761,
15.4942,22.5473,18.45,
15.2525,25.8459,18.45,
15.1332,25.9588,18.5242,
14.9561,25.7337,18.9771,
14.8392,25.8459,18.8247,
14.6657,25.7337,20.2501,
14.4943,25.4008,18.5242,
14.3812,22.642,18.6738,
14.2691,25.7337,18.5242,
14.1578,25.7337,18.6738,
14.1025,25.8459,18.45,
14.1025,25.7337,18.5242,
14.0474,25.6221,18.45,
13.9926,25.6221,18.3761,
13.9926,25.4008,18.3761,
14.1025,25.5111,18.5242,
14.4943,26.1865,19.0538,
14.7233,26.3014,19.2862,
14.8975,26.4169,19.443,
14.7811,26.1865,19.3644,
14.8392,26.0723,19.443,
15.0739,26.1865,19.5219,
15.2525,26.3014,19.7611,
15.4942,26.3014,19.8416,
15.0739,27.6104,19.2862,
15.2525,25.9588,19.2084,
15.3728,25.5111,19.3644,
15.4942,25.2911,19.443,
15.5552,25.8459,19.443,
15.3728,28.1081,20.0038,
15.4334,27.2449,19.2862,
15.3126,26.5331,18.9007,
15.3126,26.1865,18.9007,
15.3126,25.7337,18.9771,
15.3728,25.4008,18.9007,
15.3126,24.7517,18.8247,
15.3126,24.331,18.7491,
15.3126,21.7174,18.8247,
15.3126,22.3595,18.7491,
15.2525,21.3607,18.7491,
15.2525,21.9897,18.6738,
15.3728,21.9897,18.7491,
15.3728,21.6275,18.9771,
15.2525,22.8328,18.9771,
15.2525,22.1736,18.6738,
15.4334,22.8328,18.8247,
15.4334,22.9289,18.9771,
15.3126,21.0112,18.7491,
15.2525,19.5219,18.7491,
15.1927,20.0038,18.5242,
15.0149,18.3761,18.7491,
14.8975,16.438,22.5473,
14.8975,17.1024,18.3761,
14.8975,17.1024,18.3026,
14.8975,19.1309,18.3026,
14.8392,18.5988,18.2293,
14.7233,18.1565,18.0839,
14.6657,17.9399,18.1565,
14.5512,17.7971,18.0839,
14.5512,17.1705,18.0117,
14.5512,13.5086,17.9399,
14.5512,12.8894,17.9399,
14.5512,14.0474,17.9399,
14.4943,14.2133,17.8683,
14.4943,13.1439,17.8683,
14.4943,13.3511,17.7971,
