15.99,23.818,20.9249,
16.1804,23.1228,21.1851,
16.3732,23.2205,21.3607,
16.3732,22.5473,21.3607,
17.3765,23.6167,22.4531,
17.0346,23.5168,22.0814,
16.9,24.9657,21.8984,
16.9,24.5402,21.8077,
16.7666,24.0215,21.7174,
16.7003,25.4008,21.5381,
16.5686,23.0256,21.2727,
16.5032,23.5168,21.1851,
16.438,23.5168,21.0979,
16.438,23.2205,21.0112,
16.3732,22.7371,20.9249,
16.438,23.4175,20.8391,
16.7003,23.818,21.0112,
17.0346,24.0215,21.0979,
17.6556,25.182,21.0979,
18.6738,25.0735,21.0979,
19.9225,24.7517,21.0979,
21.0112,24.5402,21.1851,
22.4531,29.9495,21.4492,
23.9195,30.0873,21.3607,
24.2273,29.6765,24.9657,
25.9588,23.6167,23.818,
27.1245,23.2205,24.1241,
27.8577,24.9657,21.6275,
29.1407,25.8459,21.4492,
29.0088,30.7898,21.0112,
29.8126,30.6475,21.0979,
30.0873,29.0088,21.1851,
30.226,30.5061,21.4492,
30.0873,30.226,21.5381,
29.9495,28.4893,20.8391,
29.8126,22.1736,20.7537,
29.5413,24.6457,20.7537,
28.8777,28.1081,20.7537,
28.7475,28.618,20.7537,
27.9825,30.5061,20.7537,
27.2449,29.9495,20.7537,
26.1865,30.226,20.8391,
25.5111,30.226,20.8391,
24.2273,29.6765,20.8391,
22.642,29.9495,20.9249,
21.8984,29.1407,20.8391,
21.1851,26.8858,21.0979,
20.5841,25.9588,21.3607,
20.0038,18.9007,20.9249,
19.443,17.4458,21.0979,
19.0538,18.5988,20.5841,
18.5242,24.6457,20.8391,
18.1565,24.1241,20.7537,
18.0117,24.4353,20.8391,
17.6556,16.9672,20.6687,
17.4458,16.5686,20.7537,
17.3765,23.2205,20.9249,
17.1705,23.1228,20.9249,
16.9672,22.4531,21.0112,
16.9672,28.3615,21.0979,
16.8331,29.0088,21.0112,
16.9672,29.0088,21.0979,
16.6343,28.618,22.1736,
16.6343,28.3615,24.4353,
16.6343,26.3014,21.1851,
16.5686,28.8777,21.5381,
16.5686,29.2734,21.5381,
16.438,29.1407,21.6275,
16.1166,29.1407,21.7174,
16.3732,29.0088,21.8077,
16.438,28.7475,21.8077,
16.3086,28.7475,24.7517,
16.7003,28.618,21.9897,
17.1705,28.618,21.5381,
17.3075,28.618,21.6275,
17.4458,28.618,21.6275,
17.3075,28.3615,21.4492,
17.3075,27.8577,21.4492,
17.3075,27.4878,21.8077,
17.5154,27.2449,21.7174,
17.5854,27.366,22.642,
17.6556,27.366,24.9657,
17.8683,26.65,20.9249,
18.0117,21.5381,20.9249,
18.0839,21.8077,20.9249,
17.5854,20.333,20.8391,
17.0346,19.681,20.1676,
16.3732,19.8416,19.1309,
16.3732,19.443,19.0538,
16.9,18.6738,19.8416,
18.0117,19.0538,22.0814,
17.6556,18.0839,20.5,
17.8683,15.3728,21.0112,
17.8683,15.1927,20.9249,
18.0117,18.5988,21.0112,
17.8683,20.1676,21.0112,
17.8683,19.9225,20.7537,
17.7262,20.6687,20.9249,
17.7971,19.9225,20.7537,
17.6556,17.6556,27.9825,
17.5854,16.0532,23.0256,
17.7971,16.5032,20.8391,
17.7262,18.3026,25.7337,
17.7971,18.5242,23.9195,
17.7971,17.7262,22.4531,
17.7262,17.5154,23.0256,
17.7971,18.1565,23.7171,
17.8683,17.7971,21.8077,
17.7971,15.8021,21.4492,
17.7971,15.74,21.1851,
17.8683,15.8645,21.3607,
17.8683,18.7491,22.2663,
17.9399,18.6738,22.4531,
17.8683,17.7971,22.4531,
