18.9771,19.5219,18.9771,
19.1309,19.6013,20.4163,
19.1309,19.6013,21.0979,
19.1309,19.6013,20.333,
19.1309,19.6013,18.8247,
19.2084,19.7611,18.5988,
19.2084,20.0038,18.9771,
19.2862,20.0038,19.1309,
19.2084,19.9225,18.2293,
19.1309,20.0038,18.7491,
19.0538,20.0038,17.7262,
19.0538,20.0855,17.4458,
18.9771,19.9225,16.3732,
18.9007,20.0038,17.2388,
18.9771,20.0855,17.2388,
19.0538,20.1676,17.1024,
19.2084,20.333,16.9,
19.2084,20.4163,16.6343,
19.443,20.5841,18.7491,
19.9225,21.0979,18.5988,
20.5841,21.1851,19.5219,
21.4492,21.9897,18.8247,
21.7174,22.3595,24.8584,
22.4531,23.2205,22.2663,
22.8328,24.8584,20.5,
23.3188,24.7517,19.681,
24.2273,29.5413,21.8077,
24.7517,27.6104,18.6738,
24.8584,33.8427,19.1309,
25.6221,31.5154,18.3761,
25.7337,32.1133,20.333,
25.9588,29.6765,18.8247,
26.3014,29.9495,23.5168,
25.4008,28.7475,17.5854,
25.6221,28.7475,19.5219,
25.6221,28.4893,18.6738,
24.5402,27.366,17.1024,
24.8584,27.6104,20.6687,
25.0735,27.8577,21.0979,
24.9657,27.4878,19.7611,
24.8584,27.4878,17.5854,
24.4353,27.2449,21.7174,
24.1241,27.1245,20.2501,
23.7171,26.8858,21.0112,
23.3188,26.5331,20.0038,
22.7371,26.3014,19.3644,
21.8984,26.5331,19.443,
21.0112,25.7337,18.3761,
20.1676,24.7517,18.9771,
19.6013,24.0215,19.1309,
19.0538,23.5168,19.0538,
18.8247,22.2663,19.2084,
18.45,21.7174,18.2293,
18.3026,21.0979,16.5032,
18.3026,20.8391,17.7971,
18.8247,21.4492,21.4492,
18.5242,21.2727,19.0538,
19.5219,21.0979,20.1676,
19.0538,21.9897,21.2727,
19.7611,21.2727,31.2223,
22.1736,23.3188,24.6457,
22.1736,23.6167,25.182,
21.3607,22.5473,25.182,
22.4531,23.7171,29.8126,
17.1024,18.3026,17.8683,
17.1705,18.45,17.6556,
17.5154,18.7491,19.5219,
17.0346,18.3026,19.2084,
17.0346,18.3026,18.3026,
17.2388,18.8247,19.0538,
16.7666,21.4492,17.5154,
16.8331,21.2727,16.5032,
16.5032,19.443,15.8021,
16.1804,19.3644,16.7003,
15.9271,17.9399,17.5154,
15.6781,19.7611,18.0839,
16.5032,19.6013,18.7491,
17.4458,20.6687,19.7611,
18.5988,20.4163,23.818,
19.3644,20.5,25.0735,
19.8416,20.7537,22.4531,
17.7262,17.9399,21.6275,
18.5988,18.2293,19.1309,
20.1676,19.1309,23.3188,
20.7537,19.2084,20.5841,
22.0814,19.9225,23.818,
22.1736,20.7537,18.9007,
22.1736,20.0855,25.9588,
22.1736,19.7611,21.7174,
22.3595,19.8416,26.7676,
22.3595,19.6013,18.3761,
22.4531,19.2862,21.0112,
22.642,19.443,20.4163,
22.7371,19.2862,24.9657,
22.642,19.2084,24.8584,
22.7371,19.0538,29.5413,
22.7371,18.9771,25.7337,
22.8328,19.0538,22.3595,
22.8328,18.9007,21.1851,
22.7371,18.9007,22.4531,
22.7371,18.8247,24.1241,
22.7371,18.7491,23.6167,
22.8328,18.7491,24.1241,
22.7371,18.6738,24.2273,
22.4531,18.7491,24.6457,
22.5473,18.7491,24.0215,
22.4531,18.6738,23.818,
22.3595,18.6738,23.9195,
22.2663,18.5242,23.9195,
22.0814,18.5988,24.6457,
22.0814,18.5242,24.331,
21.9897,18.5988,23.7171,
21.9897,18.5242,23.818,
22.0814,18.5242,23.6167,
