21.9897,19.7611,28.7475,
22.1736,20.0855,28.8777,
22.7371,20.333,29.0088,
21.9897,19.8416,27.9825,
21.5381,19.3644,26.3014,
21.8077,19.2862,26.8858,
21.8077,19.5219,26.8858,
21.2727,19.443,26.8858,
22.4531,20.333,29.1407,
19.681,17.9399,25.0735,
18.9771,18.9007,23.9195,
19.1309,19.8416,23.4175,
18.1565,18.9771,22.2663,
19.681,21.7174,24.5402,
20.5841,24.1241,26.0723,
22.3595,24.6457,26.3014,
21.6275,24.331,35.0136,
18.5242,24.331,18.0839,
22.5473,22.1736,24.7517,
19.8416,26.4169,20.333,
21.0979,23.818,20.9249,
21.8077,26.1865,22.7371,
21.2727,27.2449,23.0256,
21.7174,27.8577,22.7371,
22.2663,31.5154,25.9588,
22.642,33.3581,19.9225,
24.1241,29.1407,20.6687,
26.5331,29.6765,24.0215,
25.8459,28.7475,17.4458,
24.2273,27.2449,19.7611,
24.9657,27.9825,17.6556,
24.8584,27.9825,18.0839,
23.818,28.7475,22.7371,
25.182,28.8777,24.0215,
25.7337,31.5154,21.0112,
25.0735,30.7898,19.8416,
23.818,29.0088,22.5473,
22.8328,27.2449,22.9289,
22.8328,35.3588,22.1736,
21.9897,33.0406,24.4353,
20.1676,30.226,21.0979,
19.2084,28.7475,18.9007,
19.9225,31.3684,18.9771,
20.6687,33.8427,20.0855,
20.5,30.3656,20.0855,
18.5988,27.7337,18.0839,
18.6738,28.7475,21.4492,
19.1309,29.8126,20.0855,
20.0038,22.7371,20.1676,
18.9007,21.2727,19.8416,
18.9007,20.5,19.2084,
19.443,21.5381,21.0979,
18.7491,26.65,21.8984,
18.6738,25.5111,22.642,
18.6738,24.4353,25.4008,
16.3732,20.2501,24.8584,
15.99,22.7371,18.3761,
15.8645,17.5154,19.3644,
15.8021,17.5854,16.7003,
15.6781,22.0814,16.5686,
15.6166,22.9289,16.7003,
15.6166,22.642,17.7262,
15.5552,22.7371,17.0346,
15.5552,20.4163,17.0346,
15.4942,20.333,16.8331,
15.4942,20.9249,16.9,
15.4942,21.4492,16.7003,
15.4334,17.7262,17.1024,
15.4334,18.2293,17.4458,
15.4334,17.9399,17.7262,
15.3728,18.0117,18.45,
15.3728,18.45,18.3026,
15.3728,18.8247,18.0117,
15.5552,23.5168,17.9399,
15.8021,23.7171,18.3026,
16.0532,17.6556,21.7174,
16.2444,17.6556,17.4458,
16.5686,17.6556,18.2293,
16.8331,17.5154,19.5219,
17.0346,17.4458,20.6687,
17.3075,17.5154,14.4377,
20.8391,20.4163,20.4163,
20.5,20.0038,17.7262,
20.8391,19.9225,18.7491,
21.1851,19.2862,25.5111,
21.1851,19.2862,23.5168,
21.1851,18.5988,26.1865,
21.3607,18.5988,23.7171,
20.5841,17.7262,22.1736,
22.2663,19.2084,31.9623,
21.0979,17.9399,27.366,
19.6013,16.6343,19.2084,
19.443,16.438,24.2273,
19.7611,16.6343,21.5381,
20.6687,17.5154,19.8416,
21.5381,18.1565,23.2205,
21.1851,17.7971,24.0215,
21.4492,18.0839,20.5841,
19.6013,16.438,22.642,
19.1309,15.99,20.0038,
18.9007,15.9271,18.3761,
18.8247,15.8021,18.3761,
18.8247,15.8645,18.2293,
18.9007,15.8645,18.5988,
18.9771,15.99,19.1309,
19.3644,16.3086,19.6013,
20.5841,17.4458,21.0979,
20.5,17.3765,21.2727,
20.6687,17.4458,21.7174,
