14.5512,16.5032,15.4334,
14.5512,16.5032,14.8975,
14.4943,16.5032,14.4943,
14.4943,16.5032,14.6657,
14.4943,16.5032,15.74,
14.4943,16.5032,15.3728,
14.4943,16.5686,16.3086,
14.4943,16.5032,15.74,
14.4943,16.5686,15.4942,
14.4377,16.5686,17.0346,
14.4377,16.6343,17.1024,
14.4377,16.6343,16.9,
14.4377,16.7003,16.8331,
14.4377,16.7003,16.8331,
14.4377,16.8331,16.9672,
14.4377,16.9,18.5242,
14.4943,16.9672,16.8331,
14.5512,17.0346,17.3765,
14.6657,17.2388,17.6556,
14.9561,17.5154,17.9399,
15.3728,17.7971,17.8683,
15.8645,18.3026,18.0839,
16.5686,18.8247,18.7491,
17.2388,19.2862,17.4458,
18.0117,20.0038,17.8683,
18.5242,20.8391,19.0538,
19.1309,21.4492,18.5242,
19.5219,22.0814,17.5154,
20.0855,22.4531,17.8683,
20.5841,23.1228,17.7262,
21.0112,23.818,19.7611,
21.1851,24.4353,18.3026,
21.5381,24.7517,19.2862,
21.8077,25.182,19.6013,
21.9897,25.7337,19.9225,
22.0814,25.8459,18.2293,
22.2663,25.9588,17.8683,
22.2663,25.9588,18.1565,
22.3595,25.8459,18.9007,
22.2663,25.8459,21.7174,
21.9897,25.7337,22.3595,
21.7174,25.6221,22.5473,
21.3607,25.4008,22.3595,
20.7537,25.0735,22.4531,
20.0855,24.7517,22.642,
19.6013,24.4353,22.9289,
19.1309,23.9195,23.1228,
18.6738,23.3188,22.8328,
18.1565,22.642,21.5381,
17.5854,22.1736,22.2663,
17.1705,21.6275,20.5,
16.8331,21.2727,21.8077,
16.5032,20.9249,22.2663,
16.2444,20.333,22.3595,
15.99,19.681,22.5473,
15.6781,19.0538,22.642,
15.4942,18.3761,22.7371,
15.1927,17.7262,23.0256,
15.0149,17.1705,22.642,
14.7811,16.9,20.8391,
14.6084,16.5686,24.9657,
14.4943,16.438,25.0735,
14.3812,16.3086,23.0256,
14.3251,16.1804,22.7371,
14.2133,16.1166,24.4353,
14.1578,16.0532,24.1241,
14.1025,16.0532,24.0215,
14.1025,15.99,23.7171,
14.0474,15.99,22.7371,
14.0474,15.99,23.1228,
13.9926,15.9271,22.7371,
13.9926,15.8645,22.7371,
13.9926,15.9271,22.1736,
13.9379,15.9271,22.4531,
13.9926,15.9271,22.3595,
14.0474,15.9271,22.4531,
14.2691,15.9271,22.3595,
14.6084,15.9271,22.1736,
15.0739,15.9271,21.9897,
15.5552,15.99,22.2663,
15.99,15.99,22.1736,
16.3732,15.99,21.8984,
16.7666,15.99,21.8984,
16.9672,16.0532,21.0979,
17.1705,16.0532,19.5219,
17.3765,15.99,18.9007,
17.5854,15.99,15.0149,
17.7971,15.9271,14.7811,
18.0117,15.9271,13.6147,
18.0839,15.8645,18.0117,
18.2293,15.8021,18.0117,
18.3026,15.8021,20.1676,
18.3026,15.8021,21.5381,
18.3761,15.8021,18.7491,
18.3761,15.6781,19.5219,
18.45,15.6781,19.9225,
18.45,15.6166,18.3026,
18.45,15.6166,15.8021,
18.5242,15.5552,16.438,
18.5242,15.5552,17.8683,
18.5242,15.4942,16.9672,
18.5242,15.4942,16.8331,
18.5242,15.4334,16.9672,
18.5242,15.4334,15.9271,
18.5242,15.4334,16.1166,
18.45,15.4334,16.2444,
18.45,15.3728,16.5686,
18.45,15.3728,15.2525,
18.5242,15.3728,15.3728,
18.5242,15.3126,15.6166,
18.5242,15.3728,16.438,
18.5242,15.3126,15.5552,
18.5242,15.3126,15.3728,
18.45,15.3126,19.2862,
18.45,15.3126,16.9,
18.45,15.3728,17.9399,
18.45,15.3728,19.443,
18.45,15.3126,20.0038,
18.45,15.3126,18.3026,
18.45,15.3126,16.5686,
18.45,15.3126,23.2205,
18.45,15.3126,20.2501,
18.45,15.3126,17.8683,
18.45,15.3126,17.3075,
18.45,15.3126,18.0117,
18.3761,15.3126,20.4163,
18.3761,15.3126,17.9399,
18.3761,15.3126,19.9225,
