14.8392,16.1804,14.8392,
14.8392,16.1804,15.9271,
14.7811,16.1804,14.6084,
14.7233,16.1804,14.1025,
14.7233,16.2444,15.0149,
14.7233,16.2444,17.1024,
14.6657,16.3086,16.5032,
14.6657,16.3086,16.6343,
14.6657,16.3732,16.9,
14.6657,16.438,16.8331,
14.6657,16.5686,16.5686,
14.6657,16.7003,15.3728,
14.6084,16.9,15.3126,
14.6657,17.1024,16.2444,
14.7233,17.2388,16.5032,
14.8392,18.3026,16.3086,
14.9561,17.6556,15.6781,
15.1332,17.8683,14.8392,
15.4942,18.3026,15.1927,
15.99,19.443,15.3728,
16.5686,21.9897,15.4942,
17.1705,25.182,15.4942,
18.0117,25.8459,15.6781,
18.6738,26.8858,15.6166,
19.1309,27.6104,15.74,
19.8416,26.3014,15.6781,
20.2501,29.0088,15.8021,
20.5841,24.1241,15.9271,
20.8391,30.3656,15.99,
21.0979,27.6104,16.0532,
21.2727,31.2223,16.0532,
21.4492,31.3684,16.0532,
21.6275,31.6634,15.99,
21.7174,31.6634,16.1804,
21.7174,31.6634,16.1166,
21.6275,31.3684,16.1166,
21.1851,31.3684,16.1804,
21.0112,31.3684,16.1166,
20.7537,31.0772,16.1804,
20.4163,30.5061,16.2444,
19.9225,30.3656,15.99,
19.3644,29.5413,16.0532,
18.9007,29.0088,16.8331,
18.5242,28.4893,16.9672,
18.0117,27.7337,16.6343,
17.5154,27.2449,16.3086,
17.1705,27.0048,16.3086,
16.9,26.4169,17.3075,
16.6343,26.1865,17.1705,
16.438,25.7337,16.8331,
16.2444,24.9657,16.6343,
16.0532,24.4353,16.7003,
15.8645,23.9195,17.0346,
15.6781,23.1228,17.1705,
15.5552,22.4531,17.3765,
15.3728,21.1851,17.5154,
15.2525,20.333,17.5854,
15.1332,18.9007,17.5154,
15.0739,17.8683,17.5154,
15.0149,17.1024,17.3765,
14.8975,16.8331,17.3765,
14.7811,17.1024,17.3765,
14.7233,16.438,17.3765,
14.7233,16.2444,17.3075,
14.6657,16.3086,17.3765,
14.6084,16.2444,17.3765,
14.6084,16.1804,17.3075,
14.5512,16.1804,17.1705,
14.5512,16.1804,17.1024,
14.5512,16.1804,16.9672,
14.4943,16.1804,16.9672,
14.4943,16.1804,16.7666,
14.5512,16.1804,16.6343,
14.6657,16.1804,16.5686,
14.8975,16.2444,16.7666,
15.2525,16.2444,16.7666,
15.8645,16.3086,17.5854,
16.5032,16.438,17.5854,
17.1024,16.438,17.3765,
17.5854,16.5032,17.1705,
18.0839,16.5032,17.7262,
18.3761,16.5686,16.7666,
18.6738,16.5686,16.5686,
18.9771,16.8331,16.1166,
19.2084,16.7666,15.99,
19.2862,16.438,15.99,
19.443,16.3732,15.99,
19.443,16.2444,15.99,
19.5219,16.1804,15.99,
19.5219,16.1166,15.99,
19.5219,16.1166,15.99,
19.5219,16.0532,15.99,
19.5219,15.99,16.0532,
19.6013,15.9271,16.0532,
19.5219,15.9271,16.0532,
19.443,15.8645,16.1804,
19.3644,15.8645,16.1804,
19.3644,15.8645,16.1804,
19.3644,15.8021,16.1804,
19.2862,15.8021,16.3086,
19.2862,15.8021,16.3732,
19.2084,15.8021,16.438,
19.2084,15.8021,16.5032,
19.2084,15.8021,16.438,
19.2084,15.8021,16.438,
19.2084,15.8021,16.438,
19.1309,15.8021,16.5032,
19.0538,15.8021,16.5032,
19.1309,15.8021,16.5032,
19.1309,15.8021,16.5032,
19.1309,15.8021,16.5032,
19.0538,15.74,16.5032,
19.0538,15.8021,16.5032,
19.0538,15.8021,16.5032,
