14.4377,16.7666,15.1927,
14.4377,16.7666,15.2525,
14.4377,16.9,14.6657,
14.3812,16.8331,14.7233,
14.3812,16.8331,14.7233,
14.3812,16.8331,14.8392,
14.3812,16.8331,15.1332,
14.3812,16.8331,15.4942,
14.3812,16.8331,18.3026,
14.3251,16.8331,19.0538,
14.3251,16.8331,19.5219,
14.3251,16.8331,18.5242,
14.3251,16.9,18.9771,
14.3251,16.9,17.1024,
14.3251,16.9672,16.9,
14.3251,17.0346,14.5512,
14.3812,17.1024,14.2133,
14.4377,17.3075,14.3812,
14.5512,17.4458,14.0474,
14.7233,17.5854,13.668,
15.0739,17.8683,13.299,
15.6166,18.3761,14.3251,
16.1804,18.8247,14.7811,
16.5686,19.6013,13.0926,
17.2388,20.0855,13.5615,
18.0839,20.6687,12.9906,
18.5988,21.2727,12.8894,
19.1309,21.9897,12.8391,
19.6013,22.5473,12.9906,
20.0855,23.0256,12.9906,
20.5841,23.5168,12.9399,
20.8391,24.1241,12.9399,
21.0979,24.6457,13.0926,
21.2727,25.182,13.1439,
21.4492,25.6221,14.2691,
21.6275,25.9588,13.7753,
21.6275,25.9588,13.668,
21.8077,25.8459,13.8835,
21.8077,25.7337,13.8293,
21.6275,25.5111,13.8293,
21.3607,25.2911,13.7216,
21.0979,25.182,13.668,
20.6687,24.9657,13.4559,
20.2501,24.6457,13.6147,
19.6013,24.2273,13.9926,
19.0538,23.818,15.1927,
18.5242,23.3188,15.2525,
18.0117,22.8328,15.1332,
17.4458,22.1736,15.1332,
17.1024,21.8077,15.1927,
16.7666,21.3607,18.1565,
16.5032,21.0112,15.1332,
16.2444,20.7537,18.9007,
16.0532,20.4163,17.0346,
15.74,20.0855,16.7666,
15.6166,19.6013,17.9399,
15.4334,19.0538,19.443,
15.2525,18.5242,20.0038,
15.0739,18.1565,21.0979,
14.8975,17.7262,20.4163,
14.7811,17.5154,20.0855,
14.6657,17.3075,19.681,
14.5512,17.1705,19.0538,
14.4943,17.0346,19.6013,
14.4377,16.9672,19.443,
14.3251,16.9,19.5219,
14.2691,16.8331,19.5219,
14.2691,16.8331,16.5686,
14.2133,16.7666,16.0532,
14.2133,16.7666,16.0532,
14.1578,16.7003,16.1166,
14.1578,16.6343,16.1166,
14.1578,16.6343,16.1804,
14.1025,16.6343,17.5854,
14.1025,16.6343,16.1804,
14.1025,16.5032,16.2444,
14.0474,16.5032,16.1804,
14.0474,16.438,16.1166,
14.0474,16.438,16.1166,
14.0474,16.438,16.0532,
14.1025,16.3732,16.0532,
14.2133,16.438,16.0532,
14.3812,16.438,16.1166,
14.5512,16.3732,16.0532,
14.8392,16.3732,16.0532,
15.0739,16.3732,15.9271,
15.4334,16.3086,16.0532,
15.8021,16.3086,17.7262,
16.1166,16.3086,15.8021,
16.5032,16.3086,16.1804,
16.8331,16.3086,16.3732,
17.1705,16.2444,16.438,
17.3765,16.1166,15.8021,
17.6556,16.1166,15.8021,
17.7262,16.1166,15.9271,
17.8683,16.0532,16.0532,
17.9399,15.9271,16.1166,
18.0839,15.8021,16.1804,
18.1565,15.6781,16.3086,
18.1565,15.6166,17.7262,
18.1565,15.5552,16.9672,
18.1565,15.4334,16.3086,
18.1565,15.4334,20.0855,
18.2293,15.4334,16.6343,
18.1565,15.3728,18.0839,
18.1565,15.3126,17.7971,
18.1565,15.2525,19.2084,
18.2293,15.3126,16.3086,
18.2293,15.2525,19.443,
18.2293,15.1927,16.1166,
18.1565,15.1332,16.1166,
18.2293,15.1332,16.1166,
18.2293,15.0739,16.2444,
18.2293,15.0739,16.1804,
18.1565,15.0739,16.1166,
18.1565,15.0739,16.1166,
18.0839,15.0149,16.1166,
18.1565,15.0149,15.99,
18.0839,15.0149,15.99,
18.0839,15.0149,15.8021,
18.0839,15.0149,15.74,
18.0839,15.0149,15.74,
18.0839,15.0149,15.8021,
