15.0149,16.3086,18.0839,
14.9561,16.3086,18.0117,
14.9561,16.2444,18.0839,
14.9561,16.3086,18.0117,
14.8975,16.2444,18.0117,
14.8975,16.3086,17.9399,
14.8975,16.3086,17.8683,
14.8975,16.3086,17.7262,
14.8975,16.3086,17.7262,
14.8975,16.3086,17.5854,
14.8975,16.3086,17.3075,
14.8975,16.3732,17.3765,
14.8392,16.438,17.5154,
14.8392,16.5032,17.5154,
14.8975,16.5686,17.5854,
14.8392,16.7003,17.7262,
14.8392,16.7666,17.8683,
14.8975,16.9,17.8683,
15.0149,17.1705,17.9399,
15.2525,17.4458,18.0117,
15.6166,17.7971,18.0839,
16.1804,19.2862,18.0839,
16.8331,21.3607,18.1565,
17.6556,19.6013,18.2293,
18.3026,20.2501,18.2293,
18.9771,20.8391,18.0839,
19.681,21.8984,17.3075,
20.2501,22.4531,15.1332,
20.8391,22.9289,15.0739,
21.1851,23.818,14.8975,
21.3607,24.2273,14.7811,
21.8984,25.5111,16.3732,
22.3595,26.8858,15.3728,
22.7371,29.8126,16.6343,
22.9289,32.7273,14.9561,
23.0256,32.5722,16.438,
23.2205,33.5186,15.5552,
23.4175,31.6634,17.1024,
23.3188,31.8123,15.3126,
23.1228,31.0772,15.4334,
22.8328,31.3684,14.9561,
22.2663,30.933,14.9561,
21.9897,30.5061,14.7233,
21.5381,30.0873,14.7811,
20.8391,29.5413,15.3728,
19.9225,29.0088,14.6657,
19.0538,27.8577,14.2691,
18.5242,27.7337,15.8021,
17.9399,27.2449,16.3086,
17.5154,27.0048,14.3251,
17.2388,23.7171,14.6084,
16.9,26.5331,14.3251,
16.7003,27.7337,14.3812,
16.5032,21.2727,14.4377,
16.3086,21.9897,14.4943,
16.1804,20.2501,14.4943,
15.99,19.3644,14.4943,
15.8645,20.7537,14.4377,
15.74,18.3761,14.4377,
15.5552,19.3644,14.3812,
15.4942,17.5154,14.4377,
15.3728,17.8683,14.4943,
15.2525,17.5154,15.3126,
15.1332,19.7611,15.2525,
15.1332,18.3026,14.3812,
15.0739,20.1676,14.6657,
15.0149,17.5854,14.6084,
14.9561,16.8331,14.9561,
14.8975,18.5242,15.1927,
14.8975,16.6343,14.4943,
14.8975,16.7003,15.2525,
14.8392,18.8247,15.1927,
14.8392,16.8331,15.1927,
14.8392,16.7666,15.1332,
14.7811,16.7003,15.0149,
14.7811,16.6343,14.8392,
14.7811,16.6343,14.7811,
14.7811,16.6343,14.7233,
14.7811,16.6343,14.7233,
14.8392,16.7003,14.6657,
14.9561,16.7003,14.6657,
15.0739,16.6343,14.6657,
15.4334,16.5686,14.5512,
15.9271,16.6343,14.5512,
16.438,16.7003,14.3812,
16.8331,16.7003,14.3812,
17.1705,16.6343,14.2133,
17.5154,17.2388,14.3251,
17.7262,16.9,14.1025,
18.2293,16.1804,16.9,
18.3761,16.5686,17.3765,
18.5988,16.3732,18.0117,
18.5988,15.8021,18.7491,
18.6738,15.5552,14.4377,
18.5988,15.4942,14.9561,
18.5988,15.4334,16.7003,
18.5988,15.3728,16.5032,
18.5988,15.2525,17.1705,
18.6738,15.2525,16.9672,
18.5988,15.2525,15.2525,
18.5242,15.3126,15.9271,
18.45,15.1927,14.4943,
18.45,15.1927,16.7003,
18.45,15.1332,16.7666,
18.45,15.0739,17.8683,
18.45,15.0739,17.6556,
18.45,15.0739,18.45,
18.3761,15.0149,21.5381,
18.45,15.0149,20.7537,
18.45,15.0149,19.0538,
18.45,14.9561,18.9007,
18.3761,14.9561,19.7611,
18.3761,14.9561,19.9225,
18.3761,14.9561,19.5219,
18.3026,14.9561,18.5242,
18.3026,14.9561,22.3595,
