15.1332,16.3732,12.739,
15.1332,16.3732,12.9399,
15.0739,16.3732,12.9399,
15.0739,16.438,12.8894,
15.0739,16.438,12.9399,
15.0149,16.438,12.7889,
15.0149,16.438,12.739,
14.9561,16.438,12.6893,
14.9561,16.5686,12.8391,
14.9561,16.6343,13.6147,
14.8975,16.7003,13.8293,
14.9561,16.7666,13.668,
14.8975,16.8331,13.9379,
14.8975,16.9672,13.7753,
14.9561,17.1705,13.8835,
15.1332,17.3765,13.9379,
15.4942,17.7262,13.8835,
15.8645,18.0839,13.8835,
16.3732,18.5242,13.8293,
16.8331,20.2501,14.1025,
17.2388,23.1228,14.0474,
17.6556,27.366,13.9926,
18.2293,27.1245,13.8835,
18.8247,28.1081,13.7753,
19.2862,26.4169,13.8835,
19.6013,26.0723,13.8293,
19.9225,26.1865,13.8835,
20.333,26.1865,13.9379,
20.6687,31.9623,13.8293,
20.8391,31.8123,13.8835,
21.0112,28.8777,13.9926,
21.1851,33.0406,14.1578,
21.2727,33.1988,14.1025,
21.3607,32.8834,14.1578,
21.1851,33.1988,14.1578,
20.9249,32.5722,14.3251,
20.6687,29.5413,14.2133,
20.4163,30.0873,14.2133,
20.0855,29.8126,14.2133,
19.7611,29.5413,14.1578,
19.2084,27.6104,14.1025,
18.6738,29.6765,13.9379,
18.2293,28.1081,13.9379,
17.7971,22.5473,13.9379,
17.3075,28.2344,13.8293,
16.9672,25.5111,13.8835,
16.6343,23.2205,13.8293,
16.3732,22.1736,13.7753,
16.1804,26.4169,13.8293,
15.99,25.2911,14.1025,
15.74,24.2273,14.4377,
15.6166,24.0215,13.9379,
15.4334,23.1228,14.1578,
15.2525,22.4531,14.2691,
15.1332,20.5,13.8835,
15.0149,22.1736,14.1025,
14.9561,17.3765,13.8835,
14.8392,16.8331,13.9379,
14.7811,16.7666,14.1025,
14.7233,16.6343,13.7753,
14.6084,18.0117,13.9379,
14.5512,16.7666,13.8835,
14.5512,16.6343,13.8293,
14.4943,16.3086,13.8293,
14.4377,16.438,13.8835,
14.4377,16.2444,13.8835,
14.3812,16.2444,13.8293,
14.3812,16.3086,13.9379,
14.3812,16.2444,14.1578,
14.3812,16.2444,14.3251,
14.3251,16.1804,14.2691,
14.3251,16.2444,14.1578,
14.3251,16.1804,14.2133,
14.3812,16.1804,14.4943,
14.5512,16.1166,14.4943,
14.8392,16.1166,14.4943,
15.1927,16.1804,14.3812,
15.6166,16.1166,13.9926,
16.1804,16.1166,13.5086,
16.7003,16.1804,13.1954,
17.1705,16.1804,13.1954,
17.5854,16.1166,13.5615,
18.0117,15.99,14.2133,
18.3761,15.99,16.3086,
18.7491,15.99,17.5854,
18.9771,15.9271,17.5854,
19.2084,15.8645,17.3765,
19.3644,15.8021,16.9672,
19.3644,15.74,16.438,
19.3644,15.6166,16.3732,
19.3644,15.5552,16.3732,
19.443,15.4942,16.1804,
19.443,15.4334,15.9271,
19.443,15.3728,15.9271,
19.443,15.3728,15.8645,
19.443,15.3126,15.8021,
19.443,15.3126,15.6166,
19.3644,15.3728,15.4942,
19.2862,15.3126,15.4942,
19.3644,15.3126,15.4942,
19.3644,15.4334,15.4334,
19.3644,15.4334,15.4334,
19.2862,16.8331,15.3728,
19.2862,16.7666,15.4334,
19.2084,16.8331,15.4334,
19.1309,16.9,15.4334,
19.1309,16.9672,15.3728,
19.1309,16.9672,15.4942,
19.0538,16.9672,15.4334,
18.9771,16.9672,15.4942,
