14.7233,16.3732,18.9007,
14.6657,16.438,18.7491,
14.6657,16.3732,18.9771,
14.6657,16.438,18.9771,
14.6657,16.438,19.2862,
14.6084,16.438,18.45,
14.6084,16.438,18.6738,
14.6084,16.5032,18.45,
14.6084,16.5686,18.9007,
14.6084,16.5686,19.1309,
14.6084,16.6343,18.0839,
14.6084,16.7003,16.7003,
14.6084,16.7666,16.8331,
14.5512,16.8331,16.7003,
14.6084,16.9672,16.5686,
14.6084,17.1705,16.3086,
14.6657,17.3765,16.5032,
14.7811,17.7262,16.5032,
15.0739,18.0117,16.5032,
15.4334,18.45,15.9271,
15.99,18.9771,15.6166,
16.6343,19.6013,14.7811,
17.3075,20.333,15.6166,
18.0117,20.8391,17.5854,
18.6738,21.3607,15.2525,
19.3644,21.9897,15.9271,
19.9225,22.5473,15.6781,
20.333,23.3188,14.9561,
20.6687,24.0215,14.9561,
21.0979,24.6457,14.8975,
21.2727,25.0735,18.1565,
21.5381,25.8459,19.6013,
21.8077,26.4169,18.8247,
22.0814,26.7676,15.99,
22.2663,26.8858,16.3086,
22.4531,26.8858,16.1804,
22.5473,27.0048,16.3086,
22.4531,27.0048,18.2293,
22.1736,26.7676,18.2293,
21.7174,26.4169,19.8416,
21.1851,25.9588,19.8416,
20.5,25.4008,16.0532,
20.0038,24.9657,15.2525,
19.3644,24.5402,16.3086,
18.8247,24.1241,15.4942,
18.3026,23.4175,17.2388,
17.8683,22.8328,15.2525,
17.4458,22.3595,12.739,
17.1024,21.6275,13.3511,
16.7666,21.3607,15.0149,
16.5032,21.0112,16.438,
16.1804,20.5841,17.5854,
15.99,20.1676,18.0117,
15.8021,19.6013,17.8683,
15.5552,18.9007,17.3765,
15.3728,18.45,17.5854,
15.1927,17.9399,17.3075,
15.0739,17.5154,16.7666,
14.8975,17.3765,17.0346,
14.7811,17.1024,17.0346,
14.6084,16.9,17.1705,
14.4943,16.5686,17.9399,
14.4377,16.5032,15.8645,
14.3812,16.438,15.1332,
14.3251,16.3732,15.1332,
14.2691,16.3732,15.3126,
14.2691,16.3732,15.1927,
14.2133,16.3086,15.2525,
14.2133,16.2444,15.3728,
14.1578,16.2444,15.3728,
14.1578,16.2444,15.1927,
14.1578,16.2444,15.2525,
14.1578,16.1804,15.4334,
14.1025,16.1804,15.4334,
14.1025,16.1804,15.3728,
14.1025,16.1804,15.4334,
14.2133,16.1804,15.3126,
14.4377,16.1804,15.1927,
14.7811,16.1804,15.3728,
15.3126,16.2444,15.1332,
15.8645,16.3086,15.1332,
16.3732,16.3086,14.8392,
16.7666,16.3086,14.0474,
17.1705,16.3086,13.9926,
17.5854,16.438,14.2691,
17.8683,16.438,15.74,
18.0839,16.438,14.3812,
18.3026,16.3086,16.5032,
18.45,16.2444,16.8331,
18.5242,16.1804,16.2444,
18.6738,16.1804,16.6343,
18.6738,16.1166,17.0346,
18.7491,16.0532,18.0117,
18.7491,16.0532,18.5988,
18.8247,16.0532,17.6556,
18.9007,15.9271,15.9271,
18.9771,15.8021,15.0149,
18.9771,15.8645,14.8975,
18.9007,15.74,20.7537,
18.9771,15.74,17.3075,
18.8247,15.6166,14.6657,
18.8247,15.4942,19.8416,
18.8247,15.5552,14.8975,
18.7491,15.4942,16.438,
18.6738,15.4942,13.9926,
18.7491,15.4942,14.4377,
18.7491,15.4942,14.5512,
18.7491,15.4334,13.0415,
18.7491,15.4334,13.9926,
18.7491,15.4334,14.4377,
18.7491,15.4334,14.1578,
18.7491,15.4334,14.0474,
18.7491,15.4334,13.7753,
18.7491,15.3728,13.9379,
18.7491,15.4942,13.7753,
18.7491,15.4942,13.9926,
18.7491,15.4334,13.7216,
18.7491,15.4334,14.0474,
18.7491,15.4334,14.1578,
18.6738,15.4334,14.0474,
18.6738,15.4334,14.0474,
