14.4943,16.438,14.4377,
14.4943,16.438,14.3251,
14.4377,16.438,14.4377,
14.4943,16.438,14.3251,
14.4377,16.438,14.2133,
14.4377,16.5686,14.2133,
14.4377,16.5032,14.1025,
14.3812,16.5686,14.2691,
14.4377,16.5686,14.2133,
14.3812,16.6343,14.1578,
14.3812,16.7003,14.1025,
14.3812,16.7003,13.9926,
14.3812,16.8331,13.9926,
14.3812,17.0346,13.9926,
14.4377,17.1705,14.0474,
14.6657,17.5154,14.4377,
15.0739,17.9399,14.3812,
15.6166,18.3026,14.4377,
16.3732,18.9771,14.4377,
17.2388,19.5219,16.1804,
18.0117,20.4163,16.9672,
18.7491,21.2727,16.1804,
19.3644,22.2663,17.8683,
20.0038,22.9289,15.0739,
20.5,23.4175,17.3075,
20.9249,24.0215,15.9271,
21.1851,24.7517,14.8392,
21.3607,25.0735,15.3728,
21.5381,25.8459,14.4943,
21.8077,26.0723,17.1024,
21.8984,26.0723,15.8021,
21.8984,26.0723,14.2133,
21.8077,25.8459,16.6343,
21.5381,25.7337,14.1025,
21.0979,25.5111,14.2691,
20.7537,25.182,15.1332,
20.2501,24.7517,14.9561,
19.681,24.5402,15.3728,
19.0538,23.818,15.6781,
18.45,23.4175,16.1166,
17.8683,22.7371,17.0346,
17.3765,22.0814,20.5841,
16.9,21.6275,20.1676,
16.5686,21.0979,23.0256,
16.2444,20.6687,18.9007,
15.99,20.2501,21.8984,
15.6781,19.7611,15.74,
15.4334,18.9007,20.4163,
15.2525,18.5242,13.6147,
15.0149,17.8683,13.9379,
14.8392,17.5154,16.3086,
14.7233,16.7666,16.2444,
14.5512,16.9,16.6343,
14.4377,16.6343,17.2388,
14.3812,16.5032,16.3732,
14.3251,16.1804,16.5686,
14.2691,16.1804,16.0532,
14.2133,16.1166,14.9561,
14.2133,16.0532,15.1927,
14.1578,16.0532,15.1927,
14.1578,16.0532,15.8645,
14.1578,15.99,17.1024,
14.1025,16.0532,17.3075,
14.1025,15.99,17.1705,
14.0474,15.99,16.3732,
14.1025,15.99,16.7666,
14.1025,15.99,17.5154,
14.2691,15.99,17.0346,
14.5512,15.99,16.9672,
14.9561,15.99,16.3732,
15.4334,15.99,16.5032,
15.99,15.99,16.5032,
16.438,15.9271,18.0839,
16.9,15.9271,14.9561,
17.2388,15.9271,14.0474,
17.5154,15.9271,13.1439,
17.7262,15.9271,14.0474,
17.8683,15.9271,13.299,
17.9399,15.9271,16.9672,
18.0117,15.9271,13.668,
18.1565,15.8645,15.5552,
18.2293,15.9271,14.2133,
18.1565,15.74,15.8021,
18.2293,15.6166,15.0149,
18.2293,15.6781,14.1025,
18.2293,15.4942,15.2525,
18.2293,15.4942,13.668,
18.3026,15.4334,13.1954,
18.3761,15.3728,14.2133,
18.3761,15.4334,17.6556,
18.45,15.3126,15.3126,
18.3026,15.2525,13.4559,
18.3026,15.2525,14.8975,
18.3026,15.3126,15.3728,
18.3026,15.2525,15.6781,
18.3026,15.2525,15.99,
18.2293,15.1927,16.1804,
18.3026,15.1927,15.74,
18.2293,15.1927,15.8645,
18.3026,15.1927,15.8645,
18.2293,15.1927,15.99,
18.2293,15.1927,15.6781,
18.2293,15.1332,15.9271,
18.2293,15.1332,15.74,
18.2293,15.1332,15.8645,
18.1565,15.1332,15.99,
18.1565,15.1332,15.99,
