15.2525,17.1024,18.5242,
15.1927,17.1024,18.2293,
15.1927,17.1024,18.5988,
15.1927,17.1705,17.7971,
15.1332,17.1705,16.6343,
15.1332,17.3075,18.1565,
15.1332,17.3075,18.3026,
15.1332,17.3765,18.3026,
15.0739,17.4458,18.3761,
15.0739,17.5154,18.2293,
15.0739,17.6556,18.0117,
15.1332,17.7971,18.3761,
15.2525,18.0117,18.5988,
15.4334,18.2293,18.5988,
15.8645,18.6738,18.5988,
16.3732,19.1309,18.5988,
17.0346,19.6013,18.6738,
17.7262,20.2501,18.6738,
18.3761,20.9249,18.6738,
18.9771,21.6275,18.5988,
19.6013,22.0814,18.45,
20.0038,22.5473,18.3026,
20.4163,23.1228,18.0839,
20.8391,23.7171,18.0117,
21.0979,24.2273,18.0117,
21.2727,24.7517,17.9399,
21.4492,25.0735,18.0117,
21.6275,25.6221,18.0117,
21.7174,26.0723,18.0117,
21.8984,26.0723,18.0839,
22.0814,26.1865,18.0117,
22.1736,26.3014,18.0117,
22.1736,26.3014,18.0839,
21.9897,26.3014,18.0117,
21.8077,26.1865,18.0117,
21.5381,26.0723,17.9399,
21.2727,25.9588,18.0117,
20.8391,25.7337,17.9399,
20.4163,25.4008,18.0117,
19.8416,25.0735,18.0117,
19.3644,24.7517,18.0839,
18.9771,24.331,18.0117,
18.5242,23.7171,18.1565,
18.1565,23.1228,18.0839,
17.6556,22.642,18.0839,
17.3075,22.0814,18.1565,
17.0346,21.8077,18.1565,
16.7666,21.4492,18.1565,
16.5032,21.0979,18.1565,
16.3086,20.9249,18.0839,
16.0532,20.5,18.1565,
15.8645,20.0855,18.0839,
15.6781,19.6013,18.1565,
15.5552,19.1309,18.0839,
15.4334,18.7491,18.0839,
15.2525,18.3761,18.0117,
15.0739,17.9399,18.0839,
14.9561,17.5854,18.1565,
14.8392,17.3075,18.1565,
14.7233,17.1705,18.2293,
14.6657,16.9672,18.1565,
14.4943,16.7666,18.1565,
14.4377,16.6343,18.1565,
14.3251,16.438,18.2293,
14.2691,16.438,18.2293,
14.2133,16.3732,18.1565,
14.1578,16.2444,18.1565,
14.1578,16.2444,18.1565,
14.1025,16.1166,18.2293,
14.0474,16.1166,18.2293,
14.0474,16.1166,18.2293,
14.0474,16.1166,18.2293,
13.9926,16.1166,18.2293,
13.9926,16.0532,18.1565,
13.9379,16.0532,18.1565,
13.9379,15.99,18.1565,
13.9379,15.99,18.1565,
13.9379,15.99,18.1565,
13.9379,15.99,18.1565,
13.9926,15.99,18.1565,
14.2691,16.0532,18.0839,
14.7811,16.0532,18.3026,
15.3126,16.1166,18.3761,
15.9271,16.1166,18.3761,
16.5686,16.1804,18.0839,
17.0346,16.1804,15.5552,
17.5154,16.1804,17.8683,
17.7971,16.1804,13.7753,
18.1565,16.1804,16.2444,
18.3761,16.1804,12.9906,
18.5242,16.1166,14.6084,
18.5988,16.0532,14.2691,
18.7491,15.99,14.1025,
18.8247,15.9271,13.0926,
18.8247,15.9271,13.1954,
18.9007,15.8021,13.9926,
18.9007,15.6781,14.2133,
18.8247,15.6166,12.8391,
18.8247,15.6166,16.8331,
18.9007,15.6781,13.3511,
18.9007,15.6166,13.299,
18.8247,15.5552,13.0926,
18.9007,15.3728,12.7889,
18.8247,15.3728,15.6781,
18.8247,15.3728,13.4559,
18.9007,15.3728,13.8293,
18.8247,15.3728,12.9906,
18.8247,15.3126,15.3126,
18.8247,15.2525,12.0123,
18.8247,15.2525,15.1927,
18.8247,15.2525,13.668,
18.8247,15.2525,13.5086,
18.8247,15.2525,16.0532,
18.8247,15.2525,16.1166,
18.8247,15.2525,16.1804,
18.7491,15.2525,16.2444,
18.7491,15.1927,16.3732,
18.7491,15.2525,16.9,
18.7491,15.2525,16.9,
18.7491,15.1927,16.3086,
18.7491,15.1927,16.5032,
18.7491,15.1927,16.1804,
