15.0739,16.7666,15.0149,
15.0739,16.7666,15.0149,
15.0739,16.7666,14.9561,
15.0149,16.8331,14.9561,
15.0149,16.7666,15.0149,
15.0149,16.7666,14.9561,
15.0149,16.7666,14.9561,
14.9561,16.7666,14.9561,
14.9561,16.7666,14.9561,
14.9561,16.7666,14.9561,
14.8975,16.8331,15.0739,
14.8975,16.9,14.9561,
14.8975,16.9672,15.0149,
14.8975,17.0346,14.9561,
14.8975,17.1024,15.0739,
14.8975,17.2388,15.1332,
14.9561,17.3765,15.0739,
15.0739,17.6556,15.1332,
15.3728,18.0117,15.1332,
15.74,18.3761,15.1927,
16.2444,19.1309,15.1332,
16.9672,22.642,15.1332,
17.8683,23.6167,15.1332,
18.45,25.0735,15.1332,
19.0538,23.5168,15.1927,
19.6013,23.5168,15.2525,
20.0855,24.4353,15.3126,
20.5841,23.6167,15.3728,
20.8391,25.2911,15.6166,
21.0112,30.6475,15.74,
21.2727,33.3581,15.74,
21.4492,33.6801,15.6166,
21.7174,32.4182,15.6781,
21.8077,30.933,15.6166,
21.8077,31.9623,15.5552,
21.6275,31.8123,15.5552,
21.2727,31.3684,15.4942,
20.9249,31.3684,15.3728,
20.7537,31.2223,15.0739,
20.4163,31.3684,15.3728,
19.8416,31.2223,15.3728,
19.2862,30.5061,15.3126,
18.6738,30.5061,15.2525,
18.1565,29.9495,15.1927,
17.6556,29.1407,15.1332,
17.1705,26.7676,15.5552,
16.8331,24.8584,16.7003,
16.5032,27.1245,16.0532,
16.3086,27.0048,16.2444,
16.1166,22.8328,16.0532,
15.9271,21.4492,15.6166,
15.74,21.2727,15.74,
15.5552,21.1851,16.438,
15.3728,23.5168,15.99,
15.2525,19.2084,16.8331,
15.1332,21.2727,17.3765,
15.0149,18.9771,17.3075,
14.8975,21.0112,17.2388,
14.8392,17.5154,17.1024,
14.7811,16.9672,17.0346,
14.6657,16.7666,16.8331,
14.6657,16.5032,16.7666,
14.6084,16.5032,16.5032,
14.6084,16.3086,16.438,
14.5512,16.1166,16.3086,
14.5512,16.1166,16.1804,
14.5512,16.1166,16.1166,
14.4943,15.9271,15.6166,
14.4943,15.99,15.4942,
14.4377,15.9271,15.4334,
14.4377,15.9271,15.4942,
14.4943,15.9271,15.5552,
14.5512,15.99,15.5552,
14.6657,15.99,15.5552,
14.8392,15.99,15.4334,
15.2525,16.0532,15.4942,
15.74,16.0532,15.4334,
16.2444,16.0532,15.4334,
16.7666,16.3732,15.3126,
17.4458,16.2444,15.74,
18.0117,16.1166,17.0346,
18.3761,16.1166,16.7003,
18.7491,16.0532,16.3086,
19.0538,15.99,15.1332,
19.2084,15.99,15.1332,
19.443,15.99,14.7233,
19.443,15.9271,14.6657,
19.5219,16.1804,14.9561,
19.5219,16.9672,14.7811,
19.5219,15.8021,15.0149,
19.5219,15.8021,14.7233,
19.5219,15.5552,14.8975,
19.443,15.4334,14.8975,
19.443,15.3728,15.0739,
19.443,15.3728,15.0149,
19.443,15.3126,15.0739,
19.3644,15.2525,15.1927,
19.2862,15.2525,15.0739,
19.2862,15.1927,15.1332,
19.2862,15.1927,15.1927,
19.2084,15.1332,15.1332,
19.2084,15.0739,15.0149,
19.2084,15.0739,15.1927,
19.2084,15.0739,15.1927,
19.2084,15.0739,15.1927,
19.2084,15.0739,14.8975,
19.2084,15.0739,14.8392,
19.2084,15.0149,14.7811,
19.1309,15.0149,14.6657,
19.1309,15.0739,14.6657,
19.1309,15.0739,14.8975,
19.1309,15.0739,14.7811,
