15.6166,17.9399,15.74,
15.6166,17.9399,15.0149,
15.5552,17.9399,14.3251,
15.4942,17.8683,13.8835,
15.5552,17.9399,16.6343,
15.5552,17.9399,19.0538,
15.5552,17.9399,18.9771,
15.5552,17.8683,18.9771,
15.5552,17.9399,19.0538,
15.5552,17.8683,19.0538,
15.4942,17.9399,19.0538,
15.5552,17.8683,18.9771,
15.4942,17.8683,19.0538,
15.4942,17.8683,18.9771,
15.4942,17.8683,18.9007,
15.4942,17.7971,18.9771,
15.4942,17.8683,18.9771,
15.4334,17.8683,18.9771,
15.4942,17.8683,18.9007,
15.4942,17.8683,18.9007,
15.4334,17.7971,18.8247,
15.4334,17.7971,18.8247,
15.4334,17.7971,18.7491,
15.4334,17.8683,18.7491,
15.4334,17.8683,18.5988,
15.3728,17.8683,18.5988,
15.3728,17.7262,18.45,
15.3728,17.7262,18.3761,
15.3728,17.9399,18.3761,
15.3728,17.8683,18.3761,
15.3728,17.9399,18.3026,
15.3728,17.9399,18.3761,
15.3728,18.5242,18.3761,
15.4334,19.0538,18.3026,
15.4942,18.2293,18.3761,
15.6166,19.2862,18.3761,
15.8021,20.2501,18.2293,
16.1804,20.5841,18.2293,
16.7666,21.0112,18.2293,
17.4458,21.4492,18.1565,
18.0839,21.8984,18.1565,
18.8247,22.5473,18.1565,
19.2862,23.1228,18.1565,
19.8416,23.818,18.3026,
20.333,24.331,18.3026,
21.0112,23.2205,21.8984,
21.4492,25.8459,22.0814,
21.8077,26.5331,23.9195,
22.0814,27.1245,19.681,
22.1736,27.0048,17.4458,
22.3595,27.4878,19.1309,
22.4531,27.366,24.1241,
22.5473,27.4878,21.3607,
22.642,27.6104,17.3075,
22.8328,27.4878,17.9399,
22.9289,27.366,17.0346,
22.9289,27.2449,15.3728,
22.8328,27.1245,15.4334,
22.7371,26.8858,14.8392,
22.4531,26.7676,15.0149,
22.3595,26.5331,15.0149,
22.0814,26.5331,16.3732,
21.6275,26.3014,16.9,
21.3607,25.9588,15.9271,
21.1851,25.9588,15.74,
20.9249,25.8459,15.4942,
20.6687,25.8459,16.0532,
20.2501,25.5111,15.3728,
19.681,25.182,18.0839,
19.443,24.9657,17.7262,
19.1309,24.6457,17.1705,
18.8247,24.2273,18.3761,
18.45,23.6167,18.45,
18.1565,22.8328,21.9897,
17.8683,22.8328,22.9289,
17.5154,22.7371,22.0814,
17.3075,22.5473,20.9249,
17.1705,22.2663,21.0979,
17.0346,21.7174,20.7537,
17.0346,23.0256,17.2388,
17.2388,22.642,17.3765,
16.9,23.1228,17.3765,
16.3732,20.6687,16.1804,
15.99,19.1309,14.8392,
15.8021,19.443,14.8392,
15.5552,19.1309,13.7753,
15.3126,19.3644,14.0474,
15.1332,19.8416,14.3251,
15.1332,18.3026,15.0739,
14.9561,19.2862,14.8975,
14.7811,17.9399,14.4377,
14.7233,17.8683,14.8975,
15.1332,17.3075,18.0839,
14.7811,17.2388,15.99,
14.8392,17.3075,16.5032,
14.8975,17.3075,18.0117,
14.7233,17.4458,16.1166,
14.7811,17.4458,17.1705,
13.9926,17.5154,13.0415,
14.3251,17.5154,15.1332,
14.3812,17.5154,15.0739,
14.2133,17.5854,14.3251,
14.3251,17.5854,14.7233,
14.2691,17.5854,14.4943,
14.2691,17.6556,14.6084,
14.2691,17.5854,14.6657,
14.2133,17.5854,14.7233,
14.2133,17.6556,14.9561,
14.4377,17.6556,15.1332,
14.7233,17.6556,15.3126,
15.1927,17.6556,15.4334,
15.8021,17.7262,15.4942,
16.5032,17.5854,15.99,
17.3075,17.8683,17.7262,
17.7262,17.2388,17.5154,
17.7971,18.0839,16.8331,
18.8247,16.9672,19.681,
18.9771,16.6343,18.7491,
18.6738,16.6343,16.7666,
19.3644,16.5032,18.8247,
19.443,16.438,17.5854,
19.6013,16.3732,16.9,
19.681,16.2444,14.7811,
19.681,16.1166,15.8645,
19.681,16.1166,19.443,
19.6013,16.3086,20.5,
19.6013,15.99,19.2084,
19.6013,15.9271,14.3812,
19.6013,16.0532,18.0117,
19.443,15.8645,15.3728,
19.2084,15.8021,14.1578,
19.3644,15.6781,16.9,
19.3644,15.6166,14.0474,
19.5219,15.5552,18.5242,
19.5219,15.5552,17.5854,
19.443,15.4942,16.438,
19.443,15.4942,13.7216,
19.443,15.4942,13.668,
19.443,15.4942,13.8835,
19.443,15.4942,13.7753,
19.3644,15.4334,15.4942,
19.3644,15.4334,13.6147,
19.443,15.4334,13.668,
19.3644,15.4334,13.7753,
19.3644,15.3728,13.7753,
19.2084,15.3728,14.4377,
19.2862,15.4334,15.4334,
19.2862,15.3728,16.6343,
19.0538,15.3728,14.2133,
19.2084,15.3728,17.7971,
19.0538,15.3126,17.3075,
19.2084,15.3728,18.0117,
