15.5552,27.7337,20.9249,
15.5552,27.7337,20.9249,
15.5552,27.7337,20.9249,
15.5552,27.7337,20.9249,
15.5552,27.6104,20.8391,
15.5552,27.8577,20.9249,
15.6166,27.8577,20.9249,
15.6166,27.7337,20.9249,
15.5552,27.7337,21.0979,
15.6166,27.6104,21.0112,
15.6781,27.7337,21.0112,
15.8645,27.6104,20.9249,
16.1804,27.6104,21.0112,
16.7003,27.7337,20.9249,
17.3075,27.6104,20.9249,
18.2293,27.6104,20.8391,
19.2862,27.6104,20.8391,
20.2501,27.4878,20.6687,
21.0112,27.4878,20.6687,
21.8984,27.366,20.6687,
22.5473,27.366,20.6687,
23.4175,27.7337,20.7537,
24.0215,27.6104,20.7537,
24.6457,27.6104,20.7537,
25.0735,27.6104,20.6687,
25.5111,27.7337,20.8391,
25.7337,27.8577,20.8391,
26.0723,27.8577,20.8391,
26.65,27.9825,20.8391,
26.65,27.9825,20.9249,
27.1245,28.1081,20.8391,
27.366,28.1081,20.9249,
27.6104,28.1081,21.0112,
27.6104,28.1081,21.0112,
27.9825,28.1081,21.0112,
28.1081,28.2344,21.0112,
28.2344,28.2344,21.0112,
28.3615,28.2344,21.0979,
28.4893,28.1081,21.0112,
28.3615,28.3615,21.0112,
28.2344,28.2344,21.0112,
28.1081,28.2344,21.0112,
27.8577,28.2344,20.9249,
27.8577,28.2344,20.9249,
27.4878,27.9825,20.9249,
27.1245,27.9825,20.8391,
26.4169,27.8577,20.8391,
25.6221,27.9825,20.8391,
24.6457,27.9825,20.8391,
23.9195,27.9825,20.8391,
23.2205,27.9825,20.8391,
22.5473,27.9825,20.8391,
21.8077,27.9825,20.8391,
20.7537,27.8577,20.8391,
19.681,27.9825,20.8391,
18.5988,28.1081,20.9249,
17.7262,27.8577,20.9249,
16.9672,27.9825,20.9249,
16.438,27.9825,20.9249,
16.1166,27.8577,20.9249,
15.8021,27.8577,20.8391,
15.6166,27.7337,20.8391,
15.3728,27.7337,20.9249,
15.2525,27.8577,20.8391,
15.1927,27.8577,20.9249,
15.3126,28.2344,21.1851,
15.1927,27.8577,21.0979,
15.1927,28.1081,21.0979,
15.0739,27.9825,21.0979,
15.0149,27.8577,20.9249,
14.9561,27.9825,20.9249,
14.8975,27.7337,20.9249,
14.8975,27.7337,20.8391,
14.9561,27.6104,20.8391,
15.0739,27.6104,20.8391,
15.3728,27.366,20.6687,
15.6781,27.4878,20.6687,
15.99,27.366,20.5841,
16.1166,27.366,20.5,
16.3086,27.0048,20.2501,
16.5686,27.1245,20.2501,
16.8331,26.8858,20.0855,
16.9672,26.65,20.0038,
17.1024,26.4169,19.9225,
17.1024,25.9588,19.2084,
17.4458,25.9588,19.2084,
17.1024,25.182,18.8247,
17.3765,25.2911,18.8247,
17.5854,25.182,18.6738,
17.7262,24.8584,18.6738,
17.7262,24.5402,18.5242,
17.7971,24.2273,18.5242,
17.7971,23.6167,18.3761,
17.8683,23.5168,18.3761,
17.8683,23.2205,18.3761,
17.7262,22.7371,18.3026,
17.6556,22.3595,18.2293,
17.6556,22.3595,18.3026,
17.6556,22.0814,18.1565,
17.6556,22.0814,18.2293,
17.5854,21.8984,18.3026,
17.4458,21.5381,18.3761,
17.4458,21.5381,18.5242,
17.4458,21.4492,18.5988,
17.3765,21.0979,18.8247,
17.2388,20.7537,18.8247,
17.2388,20.4163,18.9771,
17.1024,20.2501,18.9771,
17.1024,20.0855,19.2084,
17.1705,19.8416,19.2862,
17.0346,19.5219,19.2084,
17.0346,19.443,19.3644,
17.0346,19.2862,19.3644,
17.0346,19.2862,19.443,
17.0346,19.2084,19.443,
17.0346,19.0538,19.3644,
16.9672,19.0538,19.443,
16.9672,18.9771,19.443,
16.9,18.9771,19.3644,
16.9,18.9007,19.3644,
16.9,18.8247,19.3644,
16.8331,18.9007,19.3644,
16.9,18.9007,19.3644,
16.9,18.9007,19.2862,
16.8331,18.9007,19.2862,
16.8331,18.9007,19.2084,
16.8331,18.9007,19.2084,
16.8331,18.9007,19.2862,
16.8331,18.9007,19.2084,
16.8331,18.9007,19.2084,
16.8331,18.9007,19.2862,
16.8331,18.9007,19.1309,
16.8331,18.8247,19.2084,
16.8331,18.9007,19.1309,
16.7003,18.8247,19.1309,
16.7003,18.9007,19.0538,
16.7003,18.7491,18.9771,
16.6343,18.8247,18.9771,
16.7003,18.8247,19.0538,
16.6343,18.8247,18.9771,
