12.3463,23.7171,17.1705,
12.3463,23.7171,17.1705,
12.3463,23.7171,17.1705,
12.3463,23.6167,17.1705,
12.3463,23.6167,17.1024,
12.3463,23.7171,17.1024,
12.3463,23.6167,17.1705,
12.3463,23.6167,17.1705,
12.3463,23.6167,17.1024,
12.3463,23.6167,17.1705,
12.3463,23.6167,17.1024,
12.3463,23.6167,17.1024,
12.3463,23.5168,17.1705,
12.3463,23.6167,17.1024,
12.3948,23.6167,17.1024,
12.3948,23.5168,17.1024,
12.4434,23.6167,17.1024,
12.4922,23.6167,17.1024,
12.6397,23.5168,17.1024,
12.8391,23.6167,17.1024,
13.0926,23.6167,17.1024,
13.5615,23.6167,17.1024,
14.3812,23.6167,17.1024,
15.0739,23.7171,17.1024,
15.74,23.6167,17.1024,
16.5686,23.818,17.1705,
17.5154,23.818,17.1705,
18.3761,23.818,17.1705,
19.2862,23.9195,17.2388,
20.0855,23.9195,17.2388,
20.8391,23.9195,17.2388,
21.3607,24.2273,17.3075,
21.8077,24.5402,17.4458,
22.0814,24.7517,17.5154,
22.4531,24.9657,17.5854,
22.642,24.9657,17.6556,
22.9289,25.0735,17.5854,
23.1228,25.182,17.6556,
23.3188,25.2911,17.7262,
23.4175,25.2911,17.6556,
23.6167,25.4008,17.7262,
23.818,25.4008,17.7262,
24.0215,25.5111,17.7971,
24.331,25.8459,18.0117,
24.6457,26.0723,18.2293,
24.8584,26.1865,18.3026,
25.0735,26.4169,18.3761,
25.182,26.65,18.5988,
24.9657,26.3014,18.45,
24.9657,26.1865,18.45,
24.8584,26.3014,18.45,
24.6457,26.1865,18.3761,
24.5402,26.1865,18.5242,
24.331,25.9588,18.45,
24.1241,25.9588,18.3761,
23.818,25.8459,18.3761,
23.5168,25.7337,18.3761,
23.1228,25.7337,18.3026,
22.2663,25.5111,18.3026,
21.2727,25.2911,18.0839,
20.6687,25.182,18.0117,
19.8416,24.9657,18.0117,
18.9771,24.8584,18.0839,
18.0839,24.8584,18.1565,
17.5854,24.9657,18.2293,
17.0346,24.9657,18.0839,
16.6343,24.8584,18.0117,
16.3086,24.9657,18.0117,
15.99,24.9657,17.9399,
15.74,24.8584,18.0117,
15.4334,24.7517,18.0117,
15.1927,24.7517,18.0117,
14.9561,24.7517,18.0839,
14.7811,24.6457,18.0839,
14.5512,24.7517,18.0839,
14.2691,24.5402,17.8683,
14.0474,24.5402,17.7262,
14.6084,25.6221,18.5988,
15.1332,26.5331,19.8416,
15.2525,26.7676,19.6013,
15.3728,27.2449,19.7611,
15.4334,27.6104,20.0855,
15.3728,27.4878,20.0855,
15.4942,27.9825,20.4163,
15.6166,28.2344,20.6687,
14.7811,27.2449,19.7611,
14.2133,26.4169,19.1309,
13.9926,26.0723,18.9007,
13.7753,25.8459,18.6738,
13.4559,25.2911,18.3026,
13.299,25.182,18.1565,
13.1954,25.182,18.0839,
13.1439,24.9657,18.0117,
13.1439,24.9657,17.9399,
13.1439,24.7517,17.9399,
13.1439,24.7517,19.2084,
13.1954,24.6457,17.7262,
13.2471,24.331,20.0855,
13.3511,24.2273,19.2862,
13.5086,24.1241,17.9399,
13.7216,23.7171,18.7491,
13.8293,23.6167,20.0038,
13.9926,23.6167,19.2862,
14.1578,23.5168,17.1024,
14.3251,23.5168,16.9,
14.4377,23.2205,17.1705,
14.6084,23.2205,16.9,
14.7233,23.1228,16.8331,
14.7811,23.0256,16.8331,
14.8975,22.8328,17.6556,
15.0739,22.8328,17.0346,
15.1332,22.7371,17.5854,
15.2525,22.642,16.438,
15.3728,22.7371,16.5032,
15.4334,22.5473,16.5686,
15.5552,22.5473,17.1024,
15.6166,22.5473,16.9672,
15.6781,22.4531,17.1705,
15.74,22.3595,17.0346,
15.74,22.2663,16.8331,
15.8021,22.1736,16.8331,
15.8021,22.0814,16.7666,
15.8021,21.6275,17.1705,
15.8021,21.5381,17.8683,
15.8645,21.3607,17.0346,
15.8645,21.1851,17.0346,
15.8021,21.0979,20.8391,
15.8021,21.0112,19.2084,
15.8021,20.9249,17.4458,
15.74,20.8391,20.4163,
15.6781,20.7537,18.5988,
15.6166,20.5841,20.8391,
15.5552,20.5841,21.0979,
15.4942,20.4163,19.6013,
15.4334,20.333,19.7611,
15.4942,20.2501,19.5219,
15.4334,20.2501,20.4163,
15.4334,20.0038,21.0979,
15.4334,19.9225,22.2663,
15.4334,19.8416,17.7971,
15.4334,19.7611,17.9399,
15.4334,19.6013,19.0538,
15.4334,19.443,18.7491,
15.3728,19.3644,19.1309,
15.4334,19.2084,17.2388,
15.3728,18.9771,17.1705,
15.3728,18.9007,17.1705,
15.3126,18.6738,17.3075,
15.3126,18.5988,17.7262,
15.2525,18.3761,17.7971,
15.2525,18.2293,17.8683,
15.1927,18.1565,17.7262,
15.1927,18.0117,17.7971,
15.1927,17.9399,17.8683,
15.1927,17.8683,18.0117,
15.1927,17.7971,18.0117,
15.1927,17.7262,18.0839,
15.1927,17.6556,17.4458,
15.1927,17.5854,18.5242,
15.1332,17.5154,20.5,
15.1332,17.4458,20.333,
15.1927,17.4458,20.0038,
15.1332,17.4458,20.6687,
15.1332,17.4458,20.9249,
15.1927,17.3765,18.3026,
15.1927,17.3765,17.5854,
15.1332,17.3075,19.2862,
15.1332,17.3075,20.5841,
15.1332,17.3075,19.9225,
15.1332,17.2388,19.8416,
15.1332,17.2388,19.6013,
15.1332,17.2388,20.1676,
15.1332,17.1705,19.8416,
15.0739,17.2388,19.7611,
15.0739,17.1705,19.9225,
15.1332,17.1705,20.0038,
15.0739,17.1024,20.0855,
15.0739,17.1024,19.7611,
14.9561,17.0346,19.681,
14.8392,16.8331,19.443,
14.8392,16.8331,19.5219,
14.8975,16.9672,19.5219,
14.8392,16.8331,19.2862,
14.7811,16.9,19.3644,
14.7811,16.9672,19.2084,
