13.299,24.6457,17.3765,
13.299,24.6457,17.4458,
13.3511,24.7517,17.5154,
13.2471,24.6457,17.3765,
13.2471,24.6457,17.3765,
13.299,24.6457,17.3765,
13.299,24.8584,17.3765,
13.4559,24.9657,17.5854,
13.6147,25.0735,17.7262,
13.8293,25.4008,17.9399,
14.3812,26.0723,18.5242,
14.5512,26.4169,18.7491,
14.7233,26.5331,18.9771,
14.9561,26.8858,19.2084,
15.1332,27.2449,19.3644,
15.1927,27.2449,19.443,
15.3728,27.366,19.6013,
15.4942,27.366,19.681,
15.6166,27.7337,19.7611,
15.74,27.7337,19.7611,
15.8645,27.7337,19.7611,
16.0532,27.7337,19.681,
16.5686,27.7337,19.681,
16.5686,27.0048,19.0538,
16.9672,27.1245,19.0538,
17.3075,26.8858,18.9771,
18.0839,27.1245,19.0538,
18.9007,27.1245,18.5242,
19.8416,27.2449,19.2862,
20.5,27.0048,19.2862,
21.2727,27.1245,18.9007,
22.0814,27.1245,19.443,
22.5473,27.1245,18.8247,
23.2205,27.2449,19.443,
23.9195,27.366,18.6738,
24.4353,27.366,18.2293,
25.0735,27.8577,19.443,
25.2911,28.1081,19.7611,
25.7337,27.9825,19.6013,
26.1865,28.7475,19.8416,
27.7337,30.226,21.0979,
28.618,30.7898,21.7174,
29.2734,31.0772,21.8984,
29.4069,30.933,21.8077,
29.4069,30.933,21.8984,
30.0873,31.3684,21.9897,
29.8126,31.3684,22.0814,
30.6475,31.8123,22.4531,
30.7898,31.3684,22.4531,
30.933,31.8123,22.3595,
30.933,31.8123,22.5473,
30.933,31.6634,22.642,
30.6475,31.8123,22.5473,
30.7898,31.6634,22.642,
30.5061,31.6634,22.5473,
30.226,31.5154,22.5473,
30.226,31.0772,22.4531,
30.226,31.0772,22.7371,
29.6765,31.5154,22.9289,
29.4069,31.2223,22.9289,
29.2734,31.3684,23.0256,
28.7475,31.2223,23.0256,
28.618,31.2223,22.642,
27.7337,31.0772,22.5473,
26.7676,31.0772,22.7371,
25.7337,30.7898,22.7371,
24.5402,30.933,22.9289,
23.4175,31.2223,22.8328,
21.8984,30.3656,22.4531,
21.7174,31.0772,22.8328,
21.1851,30.7898,22.9289,
20.7537,31.0772,22.8328,
20.4163,30.933,22.7371,
20.0038,31.0772,22.7371,
19.7611,30.933,22.9289,
19.443,30.933,23.3188,
19.0538,30.933,23.6167,
18.7491,30.6475,24.9657,
18.5988,30.5061,22.8328,
18.3761,30.7898,24.6457,
18.2293,31.0772,24.1241,
17.7971,30.6475,26.7676,
17.7262,30.7898,27.2449,
17.6556,30.933,24.331,
17.6556,31.0772,23.2205,
17.5154,31.0772,22.9289,
17.4458,30.933,22.7371,
17.1705,30.7898,25.7337,
17.0346,30.6475,23.0256,
17.1024,30.6475,22.642,
17.1024,30.933,22.5473,
14.4943,27.0048,19.5219,
14.4943,27.2449,19.5219,
14.8975,27.7337,19.9225,
14.8392,27.4878,19.8416,
14.8975,27.8577,20.0038,
14.8975,27.7337,19.9225,
14.8975,27.7337,20.0038,
15.0149,27.9825,20.1676,
15.6166,28.7475,20.8391,
16.9,30.226,22.2663,
16.7666,30.0873,22.2663,
16.8331,30.0873,22.0814,
16.8331,29.6765,22.0814,
16.9,29.6765,21.8984,
16.9,29.4069,21.8984,
16.5032,28.8777,21.4492,
14.7233,26.0723,19.2084,
15.3728,26.65,20.1676,
16.7003,28.3615,21.7174,
16.8331,28.4893,21.7174,
16.8331,28.1081,21.7174,
15.8021,26.4169,21.3607,
15.6166,25.7337,21.4492,
15.4334,24.9657,20.5,
15.4334,24.6457,20.333,
15.4942,24.331,20.0038,
15.5552,23.9195,21.0112,
15.8021,23.818,19.7611,
15.8645,23.7171,19.3644,
16.1166,23.5168,19.443,
16.438,23.6167,19.8416,
16.3732,23.3188,19.5219,
16.7003,23.2205,19.6013,
17.3765,23.9195,20.333,
17.4458,23.818,20.2501,
17.4458,23.5168,20.0038,
17.4458,23.2205,19.9225,
17.6556,23.4175,20.0855,
18.3026,23.9195,20.7537,
18.0117,23.3188,20.333,
18.1565,23.1228,20.333,
18.0117,22.7371,20.0855,
18.6738,23.3188,20.8391,
18.3026,22.8328,20.5,
18.6738,23.1228,20.8391,
18.7491,22.8328,20.7537,
19.0538,23.0256,20.9249,
19.2084,23.0256,21.0112,
19.2084,22.8328,20.9249,
19.1309,22.5473,20.7537,
19.2084,22.5473,20.8391,
17.6556,20.7537,19.2862,
17.1705,20.1676,18.8247,
16.438,19.2862,17.8683,
15.3126,17.9399,16.7003,
15.3126,17.8683,16.7003,
15.2525,17.7971,16.5686,
15.3728,17.6556,16.5686,
15.3728,17.7262,16.5686,
15.3126,17.5154,16.5032,
15.3126,17.5154,16.5032,
15.3126,17.5154,16.5032,
15.1927,17.3765,16.3732,
15.0739,17.2388,16.2444,
14.7811,16.9,15.99,
14.5512,16.7003,15.74,
14.4943,16.5686,15.6166,
14.4377,16.5032,15.4942,
14.4377,16.5686,15.4334,
14.4377,16.5032,15.4334,
14.4377,16.5032,15.4334,
14.4377,16.5686,15.4334,
14.5512,16.6343,15.4942,
14.5512,16.6343,15.6166,
14.5512,16.7003,15.6166,
14.5512,16.6343,15.6166,
14.5512,16.6343,15.6166,
14.4377,16.5686,15.5552,
14.4377,16.5032,15.5552,
14.3812,16.5686,15.5552,
14.4377,16.5686,15.6166,
14.4377,16.5686,15.6166,
14.4377,16.5686,15.6166,
14.4377,16.6343,15.6166,
14.4377,16.5686,15.6166,
14.4943,16.7003,15.6781,
14.4943,16.7003,15.6781,
14.4943,16.7003,15.6781,
