586,403,456,
586,404,456,
586,404,456,
586,405,456,
586,404,456,
586,405,456,
586,404,456,
585,404,456,
586,404,456,
586,404,456,
586,404,456,
585,405,456,
585,404,456,
586,404,456,
585,404,456,
586,404,456,
585,404,456,
584,404,456,
583,404,456,
583,404,456,
583,404,456,
582,404,456,
580,404,456,
575,404,455,
570,403,455,
566,404,455,
560,404,456,
554,403,456,
547,403,456,
540,403,456,
528,404,455,
515,404,454,
506,404,454,
499,403,454,
493,403,455,
485,403,455,
479,403,455,
474,403,455,
470,403,453,
463,402,452,
456,402,450,
449,402,450,
441,401,450,
433,400,449,
428,401,454,
424,401,451,
422,400,446,
418,400,445,
414,399,443,
412,400,442,
408,400,442,
404,400,441,
401,401,442,
397,402,443,
394,402,443,
392,403,444,
391,403,444,
391,402,444,
390,401,443,
390,402,444,
390,402,444,
390,402,444,
391,403,444,
391,403,444,
392,403,444,
392,403,444,
393,403,444,
394,403,445,
393,403,445,
394,403,445,
395,403,445,
395,404,445,
396,403,445,
397,403,445,
398,403,445,
400,404,445,
404,404,446,
408,404,446,
418,405,446,
430,406,446,
445,405,446,
459,406,447,
473,406,447,
483,406,447,
491,406,447,
500,406,446,
509,406,447,
521,406,446,
532,405,446,
541,406,447,
547,406,447,
553,406,447,
557,406,447,
561,406,446,
565,406,447,
569,406,447,
570,405,446,
572,405,446,
574,405,446,
575,405,445,
576,405,444,
578,405,444,
578,405,444,
580,405,443,
580,405,443,
580,405,441,
581,405,429,
581,405,433,
581,405,436,
582,405,436,
582,405,436,
583,405,435,
583,404,435,
583,406,435,
583,406,436,
583,406,435,
583,406,435,
583,406,435,
583,406,435,
584,406,435,
583,406,436,
583,406,436,
584,406,436,
584,406,436,
584,406,436,
584,406,436,
583,406,436,
584,406,436,
584,406,436,
584,407,436,
584,406,436,
584,406,436,
583,406,436,
584,406,436,
