587,413,452,
587,412,452,
587,413,451,
587,412,452,
587,413,452,
587,413,452,
587,413,452,
587,412,452,
587,412,452,
587,413,452,
588,412,452,
587,413,452,
587,413,452,
587,413,451,
587,412,452,
587,413,452,
587,413,452,
587,413,452,
587,414,452,
587,413,452,
587,413,452,
587,413,452,
587,413,452,
587,413,452,
587,413,452,
587,413,452,
587,413,452,
587,413,452,
587,413,452,
587,413,452,
587,413,452,
587,413,452,
587,413,452,
587,413,451,
587,414,452,
587,413,452,
587,413,452,
586,413,452,
585,412,452,
582,413,452,
580,413,452,
578,413,452,
577,413,452,
576,413,452,
573,413,452,
569,413,452,
562,413,452,
556,413,452,
552,413,452,
549,413,452,
543,413,452,
536,413,452,
527,413,452,
519,412,452,
515,413,452,
509,413,452,
502,413,452,
496,412,451,
490,411,450,
481,411,449,
471,409,448,
462,408,447,
454,407,446,
446,407,445,
440,406,445,
435,404,445,
430,401,445,
426,399,445,
423,399,445,
419,399,445,
416,400,445,
411,400,446,
407,401,446,
405,402,446,
400,402,446,
396,402,447,
393,402,447,
392,403,447,
391,403,446,
391,403,447,
390,402,447,
390,403,447,
391,403,447,
390,403,448,
391,403,447,
391,403,447,
392,403,449,
392,404,448,
393,404,448,
394,404,448,
395,404,448,
395,404,449,
396,404,450,
397,405,450,
400,404,449,
403,405,453,
408,407,457,
414,407,453,
425,407,451,
439,408,451,
452,408,451,
465,409,451,
479,409,451,
489,410,451,
497,410,451,
504,409,451,
515,409,452,
525,409,451,
533,409,451,
540,410,451,
547,409,451,
552,410,452,
557,409,452,
560,409,451,
564,409,451,
567,409,452,
569,409,453,
572,409,455,
573,409,460,
574,409,461,
575,410,463,
577,410,466,
578,410,468,
579,410,470,
579,410,471,
580,410,469,
581,410,466,
581,410,464,
582,410,463,
583,410,459,
582,410,453,
583,410,453,
585,411,453,
584,411,453,
584,411,453,
585,412,453,
584,411,453,
585,411,453,
584,411,453,
584,411,453,
584,411,453,
585,411,453,
585,411,453,
585,411,453,
585,411,453,
585,411,453,
585,411,452,
585,411,453,
584,411,453,
585,411,453,
585,410,453,
585,411,453,
585,411,453,
586,411,453,
585,411,453,
585,411,453,
