554,435,467,
554,435,467,
554,435,467,
554,435,467,
554,436,467,
554,436,468,
553,435,467,
554,436,467,
554,436,467,
554,435,467,
554,436,468,
554,435,468,
554,436,469,
554,435,469,
554,435,469,
554,435,471,
555,436,472,
555,437,474,
554,438,475,
555,439,478,
555,440,480,
557,441,485,
559,445,492,
561,448,499,
561,450,505,
564,455,513,
566,459,521,
567,463,529,
568,468,537,
571,476,549,
570,481,556,
571,490,568,
572,499,575,
541,478,545,
516,463,527,
526,475,538,
518,472,543,
518,478,540,
553,517,574,
570,537,598,
565,535,594,
564,538,587,
552,530,580,
560,540,593,
566,547,594,
560,543,591,
550,534,583,
544,528,577,
531,516,563,
537,522,569,
518,502,550,
527,511,560,
530,514,561,
531,514,562,
544,527,575,
532,516,564,
522,503,545,
527,510,557,
529,511,558,
546,529,577,
547,530,578,
534,517,565,
525,505,547,
530,513,558,
539,519,567,
539,518,558,
538,516,565,
539,516,566,
525,500,546,
565,534,588,
551,517,556,
536,498,558,
523,483,544,
552,507,576,
539,489,559,
549,492,569,
553,491,569,
581,512,591,
580,508,588,
579,502,580,
579,496,571,
578,489,550,
578,480,534,
572,472,538,
569,469,531,
568,469,529,
570,469,528,
568,466,511,
567,462,516,
565,460,515,
564,457,511,
562,457,508,
561,455,506,
559,452,502,
558,450,497,
557,447,495,
556,446,494,
554,443,490,
554,442,487,
554,441,484,
553,440,482,
552,439,479,
551,438,477,
551,437,475,
550,435,472,
549,434,470,
548,433,468,
548,433,466,
547,431,464,
546,430,461,
544,429,458,
544,429,457,
543,428,456,
543,428,455,
543,428,455,
543,428,456,
543,427,455,
544,428,455,
544,428,455,
545,428,455,
545,429,456,
544,429,456,
544,428,455,
545,429,456,
545,428,456,
545,429,456,
545,429,457,
545,430,457,
545,430,457,
545,429,457,
544,429,458,
545,430,458,
545,429,458,
545,430,459,
545,430,459,
545,431,459,
545,430,460,
546,431,460,
