12.9906,16.7003,17.0346,
12.739,14.3812,16.9,
12.8391,15.99,17.0346,
13.8835,17.3075,18.3761,
13.1439,17.8683,17.4458,
12.739,18.0117,16.9672,
12.9399,18.6738,17.1705,
13.5615,19.3644,17.8683,
13.668,19.3644,17.9399,
13.5086,17.7971,17.7262,
12.6893,15.6166,16.7003,
12.5904,16.438,16.6343,
12.6397,16.3732,16.7003,
12.8391,16.9672,16.9,
12.8391,17.7262,16.9,
12.5904,17.2388,16.5686,
12.4922,15.1927,16.7003,
12.4922,14.7811,16.5032,
12.2981,14.8975,18.7491,
12.7889,17.6556,16.9672,
13.6147,20.2501,17.3765,
12.4922,16.9672,18.8247,
12.3948,16.3732,15.6781,
12.4922,15.6166,15.6166,
12.5412,21.0979,19.3644,
12.8894,17.5854,15.3126,
12.25,18.9771,14.2691,
14.4943,20.9249,19.0538,
14.7233,19.8416,16.0532,
15.2525,18.7491,23.818,
15.4942,17.7971,16.8331,
14.8975,14.2691,15.4334,
15.4942,19.2862,15.5552,
15.2525,17.1705,15.1332,
15.1927,17.7262,15.0149,
15.4942,18.45,15.3126,
15.1927,18.45,14.8975,
15.9271,19.6013,15.6166,
15.2525,16.9672,15.0739,
15.1927,19.0538,15.0739,
15.4334,18.5242,15.4942,
15.99,18.6738,16.438,
15.2525,16.3732,16.5686,
15.0739,14.1578,16.7666,
14.8392,14.7811,16.9672,
14.7811,14.6657,19.3644,
15.1332,13.7216,18.0839,
15.5552,19.6013,18.9771,
16.0532,18.5988,19.8416,
16.1804,15.1332,27.2449,
16.3732,18.0839,21.4492,
16.6343,26.4169,25.2911,
16.9,27.2449,22.642,
16.9,27.6104,23.1228,
17.1024,27.7337,23.6167,
16.7003,25.9588,22.9289,
17.0346,24.0215,23.7171,
16.8331,23.5168,23.2205,
16.7666,23.3188,23.1228,
16.6343,23.0256,24.6457,
16.9,25.2911,23.0256,
16.9,23.7171,23.0256,
16.2444,23.7171,22.2663,
16.0532,23.9195,21.8984,
16.9672,24.7517,23.1228,
16.7666,24.331,22.7371,
15.2525,23.7171,23.2205,
17.3075,24.0215,23.7171,
13.299,21.6275,21.8984,
12.5412,21.8984,18.1565,
13.6147,23.2205,19.3644,
12.9906,24.1241,18.9771,
13.668,20.5,20.333,
12.8391,19.6013,19.0538,
14.1578,22.9289,20.7537,
12.9906,17.5854,21.7174,
12.6397,22.4531,19.6013,
12.6893,20.2501,20.0855,
12.5904,27.1245,19.9225,
12.3948,27.2449,19.9225,
14.4377,31.8123,23.6167,
13.8835,28.4893,22.2663,
13.9379,29.8126,22.0814,
13.4559,23.9195,22.3595,
13.6147,25.182,23.0256,
13.5615,25.182,21.8984,
12.5412,16.2444,19.5219,
12.8391,17.2388,18.9771,
12.3463,19.7611,18.6738,
12.2981,17.6556,19.443,
12.2981,16.9,19.7611,
12.25,18.5242,20.0038,
12.3948,20.4163,20.4163,
13.1954,24.7517,21.4492,
12.8391,24.2273,20.5841,
12.7889,24.0215,19.3644,
12.25,22.9289,19.2084,
12.1544,21.5381,25.182,
12.4434,23.1228,25.0735,
12.6397,22.2663,22.9289,
13.7216,25.6221,21.4492,
13.4559,23.5168,18.9007,
14.2691,24.0215,20.2501,
14.8975,24.8584,21.0979,
