13.8835,17.6556,18.5988,
13.9379,21.9897,18.5988,
13.9379,21.9897,18.5988,
13.9379,21.9897,18.5988,
13.9379,21.9897,18.5988,
13.8835,21.8984,18.5988,
13.9379,21.8984,18.6738,
13.8835,21.8077,19.3644,
13.8293,21.7174,22.0814,
13.8835,21.7174,19.443,
13.8835,21.3607,20.0855,
13.8293,19.3644,23.0256,
13.8293,19.0538,22.3595,
13.8293,19.443,21.8077,
13.8293,19.6013,21.5381,
13.8835,19.2084,18.8247,
13.8835,18.9771,19.0538,
13.8293,19.3644,24.2273,
13.8293,18.5988,19.0538,
13.7753,21.3607,19.6013,
13.7753,21.5381,24.1241,
13.8293,21.1851,18.9007,
13.668,15.74,22.8328,
13.7216,20.333,17.7262,
13.5615,19.443,15.5552,
13.4559,18.3026,20.4163,
13.4034,16.8331,14.1578,
13.6147,15.6781,14.1578,
13.668,15.2525,15.1332,
13.4034,15.6781,17.3075,
13.4559,15.9271,15.6781,
15.1332,17.5854,17.1024,
14.9561,17.1705,15.0739,
14.4943,16.1804,17.5854,
13.9379,15.4334,18.8247,
13.668,15.2525,16.5032,
13.5615,15.2525,16.2444,
13.5615,15.3126,17.4458,
13.5086,15.4334,14.8392,
13.5086,16.1804,14.3251,
13.4559,17.2388,17.2388,
13.3511,15.6166,20.0038,
13.3511,20.0855,20.0855,
13.299,18.6738,26.65,
13.3511,18.9771,17.7971,
13.4559,22.0814,18.0117,
13.4559,19.1309,19.0538,
13.4559,19.2084,19.2862,
13.4559,19.0538,20.5,
13.4559,18.9007,22.8328,
13.4559,18.5242,21.6275,
13.5615,18.1565,19.8416,
13.5615,18.0839,21.2727,
13.5615,18.0117,21.6275,
13.6147,18.5988,19.6013,
13.6147,18.5988,20.2501,
13.668,18.1565,20.5841,
13.668,18.0117,24.2273,
13.668,17.9399,21.6275,
13.5615,18.6738,19.1309,
13.6147,18.6738,19.1309,
13.668,17.3765,18.9771,
13.668,18.2293,19.6013,
13.668,18.1565,27.366,
13.668,21.5381,19.7611,
13.668,23.4175,19.8416,
13.7216,19.7611,25.0735,
13.7216,15.9271,20.0855,
13.7216,17.0346,20.4163,
13.7216,20.7537,20.5841,
13.668,20.8391,22.8328,
13.5615,21.0979,26.4169,
13.5086,21.0979,23.3188,
13.4559,20.4163,21.6275,
13.4034,18.0839,21.6275,
13.4034,18.3761,21.5381,
13.4034,16.7003,22.0814,
13.299,16.3732,21.8984,
13.1954,14.3251,21.8077,
12.4434,16.9,20.8391,
12.2021,13.4034,20.5841,
12.2021,13.7216,20.6687,
12.2021,12.9906,20.7537,
12.1544,13.1439,20.8391,
12.1069,12.739,23.0256,
12.1069,12.6893,21.4492,
12.1069,13.7753,20.5,
12.1069,22.2663,20.333,
12.0595,22.1736,20.333,
12.0595,21.9897,20.2501,
12.0123,21.9897,20.2501,
12.0595,21.8077,20.333,
12.0595,21.6275,20.2501,
