12.9906,20.4163,18.0117,
12.8894,20.2501,17.8683,
12.9906,20.5,17.9399,
13.7216,21.4492,18.8247,
13.7753,21.4492,18.7491,
13.5086,21.0979,18.3761,
12.9906,20.4163,17.7971,
12.8391,20.1676,17.5854,
12.9399,20.333,17.7262,
13.0415,20.4163,17.7971,
12.6893,20.0038,17.3075,
12.5904,19.7611,17.1705,
12.5412,19.7611,17.1024,
12.5412,19.7611,17.0346,
12.5412,19.681,16.9672,
12.5412,19.681,16.7003,
12.4434,19.8416,16.438,
13.1954,21.0112,17.5154,
13.9379,22.0814,19.5219,
13.7753,23.6167,19.7611,
14.4377,24.1241,20.4163,
14.4377,23.7171,18.5988,
13.4034,21.0979,21.2727,
12.6893,19.2862,17.8683,
12.4922,18.5242,13.4559,
12.7889,18.1565,14.8392,
13.299,17.1705,15.74,
13.9926,17.7971,14.3812,
14.4943,18.0117,14.6084,
14.6657,18.0117,17.5154,
14.4377,17.4458,14.8975,
14.1025,16.9,13.9379,
13.0926,15.8645,12.9399,
13.0415,15.9271,12.9906,
12.8894,15.99,13.299,
12.6893,16.438,13.4034,
12.9399,17.3075,17.3075,
13.3511,21.2727,15.4334,
13.5615,22.7371,17.5854,
13.3511,24.0215,18.0839,
13.2471,24.5402,24.5402,
14.8392,27.0048,21.3607,
14.6657,27.1245,21.5381,
13.668,25.4008,20.4163,
13.0926,23.0256,22.9289,
13.0926,23.3188,24.2273,
12.9906,22.5473,21.5381,
12.9906,22.9289,22.3595,
13.0415,22.2663,23.818,
13.1439,22.4531,23.5168,
13.7216,23.1228,20.333,
14.4943,23.9195,21.0979,
15.3126,24.8584,21.8984,
15.0149,24.5402,21.4492,
15.0149,24.5402,21.1851,
12.6397,22.0814,18.7491,
12.4434,22.1736,18.3026,
12.4922,22.3595,20.0855,
12.9399,24.1241,26.1865,
13.7753,25.8459,23.3188,
12.7889,24.9657,19.0538,
13.0415,25.9588,22.2663,
12.6397,25.7337,19.6013,
15.3728,30.933,23.7171,
12.5412,26.65,26.4169,
12.5904,27.1245,27.2449,
12.6397,27.8577,20.1676,
12.4434,28.2344,20.2501,
13.1954,29.8126,21.8077,
13.7216,31.2223,22.8328,
13.5615,30.5061,22.2663,
16.0532,31.9623,26.1865,
14.2133,31.0772,23.818,
13.8293,29.2734,23.3188,
13.7216,30.6475,23.2205,
13.7753,29.1407,23.2205,
13.7753,29.0088,23.2205,
13.8293,27.6104,23.2205,
13.7753,26.0723,23.2205,
14.0474,27.4878,23.5168,
14.3251,28.618,23.818,
14.2133,31.0772,23.5168,
13.8293,30.6475,23.1228,
13.9379,30.933,23.2205,
13.8293,30.7898,23.1228,
13.6147,30.3656,22.7371,
