13.2471,13.4559,17.7971,
13.2471,13.668,17.7262,
13.2471,13.7753,17.7971,
13.2471,15.6166,17.7262,
13.3511,18.3026,17.8683,
13.299,18.45,17.7971,
13.299,18.5242,17.7971,
13.299,18.1565,17.7971,
13.299,18.5242,17.7971,
13.299,18.1565,17.7262,
13.299,18.3026,17.7262,
13.299,18.3761,17.6556,
13.2471,18.5242,17.5854,
13.299,18.3761,17.5154,
13.299,18.3761,17.5154,
13.299,18.3026,17.2388,
13.299,18.45,17.1024,
13.1954,17.5854,16.8331,
13.1439,13.668,16.7666,
13.0926,14.1578,16.1804,
13.0926,14.9561,15.9271,
13.0415,14.9561,15.6781,
12.9906,13.4559,21.0112,
12.9399,14.1025,21.0112,
12.9906,12.6893,14.6084,
13.5615,14.4377,14.9561,
13.9926,15.0149,14.8975,
13.8293,14.3251,17.8683,
13.1954,12.1544,21.8984,
12.8391,11.779,12.8391,
12.6893,13.0415,13.7753,
12.8391,12.5412,12.739,
12.9906,12.9906,16.3086,
13.299,12.9399,13.0415,
13.4034,12.8894,16.7003,
13.5086,13.5615,15.4942,
13.5086,12.8894,14.5512,
13.5086,13.4034,14.1025,
13.4034,12.7889,17.6556,
13.4559,12.7889,16.7003,
13.5086,13.0926,17.3765,
13.5615,13.4034,14.8975,
13.6147,13.5086,17.1024,
13.7216,14.3251,14.6657,
13.5615,15.0149,21.7174,
13.7753,15.0739,15.6781,
13.7216,15.1927,16.6343,
13.5615,14.6084,16.9,
13.6147,14.4943,18.45,
13.5086,14.9561,18.6738,
13.668,15.4334,18.7491,
13.6147,14.8392,20.333,
13.7753,19.8416,20.7537,
13.7753,16.3086,20.4163,
13.668,15.0739,22.9289,
13.7216,13.9926,19.7611,
13.8293,18.0839,19.7611,
13.7753,15.1332,19.7611,
13.8293,17.0346,19.7611,
13.8835,17.8683,19.681,
13.7753,19.6013,19.3644,
13.6147,19.7611,19.1309,
13.299,19.681,18.6738,
13.2471,19.443,18.7491,
12.9399,18.9007,22.0814,
12.8391,18.9007,20.8391,
12.8894,19.0538,21.4492,
12.8894,18.0839,18.7491,
12.9906,20.1676,19.5219,
13.1439,20.4163,25.8459,
13.1954,20.5,20.5841,
13.1954,21.2727,19.6013,
13.0926,21.1851,19.8416,
13.0926,20.5,22.5473,
13.0415,20.9249,20.7537,
12.9399,20.8391,20.5,
12.8894,21.0979,20.7537,
12.7889,21.7174,20.9249,
12.6893,21.4492,27.8577,
12.5904,20.9249,21.0112,
12.5412,20.9249,21.0112,
12.2021,20.4163,21.1851,
12.3948,20.333,21.0112,
12.1544,19.9225,21.5381,
12.0595,20.0038,21.4492,
12.0595,19.5219,20.6687,
12.0595,19.681,21.8984,
12.0123,20.4163,21.0112,
12.0123,20.5841,21.7174,
12.1544,20.9249,20.7537,
12.2021,20.7537,23.4175,
12.2021,20.333,25.7337,
12.2021,20.5841,25.0735,
12.1544,20.5,25.6221,
12.1544,20.0038,25.2911,
12.1544,19.681,25.4008,
12.1544,19.3644,25.182,
12.1544,18.9007,25.5111,
