12.2981,14.1025,20.1676,
12.2981,14.4377,21.0979,
12.2981,14.0474,19.7611,
12.2981,14.6084,17.4458,
12.3463,14.2691,17.1705,
12.3948,15.1927,17.1024,
12.5412,15.4334,17.3075,
12.739,15.4942,17.6556,
12.8391,15.4942,18.2293,
13.299,16.1166,21.5381,
13.9926,16.7666,22.7371,
14.0474,17.0346,20.8391,
14.0474,16.8331,20.0038,
13.9926,16.9,19.1309,
13.9379,16.5686,22.3595,
13.8835,16.2444,23.818,
13.9379,15.99,19.8416,
13.9379,16.1166,18.2293,
13.9379,16.1804,17.8683,
13.9926,19.3644,17.6556,
13.8835,16.9672,17.1024,
13.7753,14.3251,17.0346,
13.7753,13.8835,16.3086,
13.668,15.0149,16.9672,
13.7216,12.7889,15.5552,
13.5615,14.4377,14.8392,
15.0149,15.4942,17.8683,
12.9906,11.4145,13.668,
14.2133,12.1544,15.99,
15.1927,15.3728,19.0538,
14.2691,14.8975,18.1565,
13.9926,12.5412,13.8293,
13.1954,14.7811,17.3075,
12.8391,11.9653,15.0739,
12.7889,12.5412,13.8293,
12.7889,12.3463,12.4434,
12.739,12.0595,12.4922,
12.6893,12.25,12.5904,
12.6397,12.3948,12.739,
12.5904,13.7216,12.9906,
12.5412,13.7216,15.8645,
12.5412,14.3251,15.5552,
12.5412,16.0532,16.5032,
12.4922,16.1166,18.6738,
12.4434,14.5512,15.9271,
12.3463,14.3812,17.7262,
12.3948,14.2691,17.0346,
12.3948,14.6084,17.1024,
12.3463,16.7666,20.2501,
12.3948,16.0532,18.5242,
12.4434,17.5854,18.0839,
12.3948,14.7811,23.0256,
12.3463,12.6397,18.5242,
12.4434,20.0855,17.9399,
12.4434,20.1676,17.8683,
12.4434,20.0855,17.7262,
12.4434,20.0855,17.6556,
12.4434,20.0855,17.7262,
12.4922,20.0855,18.1565,
12.4922,20.0038,18.1565,
12.5904,20.1676,17.8683,
12.6397,20.1676,17.9399,
12.739,20.4163,25.8459,
12.9399,21.0112,18.7491,
12.9906,21.4492,20.6687,
12.9906,21.9897,19.7611,
12.9906,23.0256,19.8416,
12.9906,22.9289,19.443,
12.9399,17.7262,19.5219,
12.9906,18.1565,21.7174,
12.8391,14.0474,21.1851,
12.8894,19.0538,20.1676,
12.8391,16.5032,26.5331,
12.7889,18.9771,20.5841,
12.739,19.443,20.8391,
12.5412,19.7611,22.0814,
12.6397,19.9225,21.4492,
12.5412,20.0855,22.9289,
12.4922,19.9225,22.5473,
12.4922,19.2084,20.9249,
12.4434,19.1309,21.0112,
12.4434,20.9249,22.2663,
12.3948,21.0112,22.1736,
12.3948,21.0112,26.0723,
12.3948,20.9249,21.0112,
12.3948,20.7537,21.0112,
12.3463,20.5,27.8577,
12.3463,20.2501,22.3595,
12.3463,19.5219,24.0215,
12.3463,19.8416,21.2727,
12.3463,20.0855,20.8391,
12.2981,18.0117,20.7537,
12.2981,17.7262,20.6687,
12.25,16.2444,20.6687,
12.25,14.8975,20.5,
