13.9926,14.3251,23.6167,
14.6084,16.2444,24.4353,
14.8392,16.1166,24.5402,
14.5512,15.3728,24.9657,
14.2691,14.3812,23.9195,
14.4377,13.1439,24.9657,
14.4943,16.9672,25.5111,
14.2691,19.5219,24.2273,
13.9926,18.5988,24.2273,
14.1025,17.1024,24.4353,
14.3251,18.8247,24.4353,
13.4559,17.7971,23.3188,
12.9399,16.8331,22.7371,
12.8894,17.3075,24.0215,
12.8894,16.8331,16.9672,
12.8391,17.7971,21.8984,
12.7889,18.0839,20.4163,
12.6893,15.3728,19.9225,
12.6893,13.8835,19.7611,
12.6397,14.3251,19.681,
12.5904,12.5412,23.7171,
12.5904,12.9906,18.7491,
12.5412,13.7753,19.681,
12.739,13.9379,19.3644,
14.5512,17.9399,21.8984,
15.0149,17.8683,16.3732,
14.5512,14.6084,17.3075,
17.0346,17.1024,18.1565,
14.7233,17.9399,23.4175,
13.7216,19.1309,17.5154,
13.4559,17.9399,18.3026,
16.1166,16.2444,15.4942,
12.8894,13.7216,15.3728,
13.9926,14.6084,13.7753,
13.9926,14.3812,13.668,
14.2133,14.6084,13.9379,
14.2133,14.4377,13.7753,
15.8021,16.1804,15.4334,
14.8975,15.1332,14.5512,
14.8392,14.8392,14.3812,
14.6084,14.3251,14.2133,
14.8975,16.2444,14.6084,
14.8975,16.2444,14.8392,
14.4377,16.1804,14.6657,
14.4943,17.1024,15.9271,
14.7811,18.3026,15.8021,
13.4559,17.7262,15.1332,
13.4559,15.5552,15.6166,
13.5086,18.3761,16.1166,
13.7216,19.2862,17.1705,
16.6343,23.4175,21.8077,
16.3732,23.1228,22.4531,
15.8645,22.5473,20.6687,
15.8021,22.1736,21.6275,
16.0532,20.8391,21.8077,
14.9561,20.4163,24.2273,
15.74,21.6275,22.5473,
16.1804,20.5,23.5168,
15.8645,19.7611,21.6275,
16.2444,19.6013,21.8984,
16.3086,20.333,21.9897,
16.1166,19.5219,21.6275,
15.99,18.9007,21.6275,
16.1166,18.5988,21.5381,
15.99,17.8683,21.3607,
15.4942,16.7003,20.0855,
14.2133,14.2133,19.1309,
14.8392,14.2691,19.8416,
14.4943,14.1578,19.2862,
13.6147,12.739,18.2293,
13.0415,12.9399,17.4458,
12.8391,12.9906,17.3765,
13.7753,14.1025,26.8858,
12.9399,14.8975,22.8328,
13.0926,16.3732,22.5473,
13.299,17.9399,18.9771,
13.7216,19.2084,20.0038,
12.4434,18.2293,21.8077,
12.4434,18.5242,18.2293,
12.4922,18.5988,22.8328,
13.5086,20.5,23.9195,
14.6084,21.8077,21.5381,
13.0415,20.1676,19.9225,
15.1332,22.8328,22.2663,
13.1954,21.0979,21.0979,
12.2981,20.1676,18.3761,
14.2691,22.9289,20.5,
13.2471,21.8077,21.0112,
13.3511,21.5381,17.5854,
12.4434,19.3644,19.681,
13.6147,21.9897,22.2663,
12.9906,21.5381,21.3607,
13.6147,22.2663,22.9289,
13.4559,21.4492,20.5841,
12.6893,18.5988,18.45,
12.739,18.3761,19.7611,
12.2981,15.3728,18.8247,
13.5086,25.5111,21.2727,
12.5412,24.1241,19.9225,
12.3948,23.818,18.7491,
13.0926,24.8584,18.7491,
12.5412,24.0215,19.8416,
12.6397,23.9195,19.8416,
13.3511,24.6457,20.9249,
12.6893,22.642,19.6013,
12.5412,23.0256,19.5219,
12.739,21.8984,20.1676,
12.2981,20.9249,19.7611,
12.2021,17.2388,19.3644,
12.2021,16.3086,18.7491,
12.5412,19.8416,19.0538,
13.0926,23.1228,20.0038,
12.2981,22.0814,19.7611,
13.1954,23.4175,21.3607,
12.4922,21.9897,20.5,
12.9399,22.0814,21.0979,
