15.2525,23.3188,20.4163,
15.3126,23.3188,20.7537,
14.8975,22.7371,20.5841,
14.8975,22.7371,22.1736,
14.7811,22.642,25.7337,
14.7811,22.7371,26.3014,
14.8392,22.642,25.2911,
14.7811,22.5473,25.8459,
14.7811,22.4531,25.0735,
14.7811,22.4531,25.7337,
14.7811,22.3595,24.7517,
14.7233,22.1736,29.2734,
14.7811,21.2727,22.642,
14.6657,20.333,25.7337,
14.7811,20.2501,23.1228,
14.8975,21.8984,19.5219,
14.7811,22.2663,25.2911,
14.6657,22.2663,18.9771,
14.6657,18.3026,23.0256,
14.5512,17.9399,21.5381,
14.4943,15.8645,23.7171,
14.5512,18.2293,17.4458,
13.4034,16.5686,17.7262,
13.4034,15.8645,14.6084,
13.3511,15.3126,14.2133,
13.5615,14.7233,21.7174,
13.7216,14.1025,24.331,
13.668,13.7753,14.6657,
13.0926,13.5615,18.0117,
13.1439,13.668,12.8894,
12.9399,13.8293,12.5904,
12.8894,13.6147,12.4922,
12.5904,12.8894,12.2021,
12.5904,12.7889,12.3948,
12.5412,12.9906,13.668,
12.5904,13.0415,12.3948,
12.5412,12.9906,12.3463,
12.5412,12.9906,12.3948,
12.4434,13.2471,12.5412,
12.4434,13.668,12.8391,
12.4434,14.1025,13.7216,
12.4922,15.1332,15.9271,
12.4434,16.3086,16.1166,
12.4922,17.0346,16.438,
12.4922,17.4458,18.0839,
12.4922,17.8683,18.9007,
12.5412,18.0839,18.9007,
12.6397,17.6556,17.1024,
12.6397,16.0532,17.4458,
12.739,16.1166,24.5402,
12.6893,15.3126,25.7337,
12.739,16.1166,18.5242,
12.739,16.0532,20.333,
12.739,16.2444,19.2862,
12.6893,15.8645,20.333,
12.6893,15.0149,18.5988,
12.6893,14.7811,21.0979,
12.6397,14.7811,19.0538,
12.6893,14.2133,17.6556,
12.739,14.7233,18.2293,
12.739,13.9926,18.0117,
12.8894,14.2133,21.5381,
12.3948,14.5512,19.6013,
13.1954,15.4942,21.8984,
13.299,15.4334,19.3644,
13.299,14.3812,19.443,
13.4559,14.1578,21.3607,
13.5615,14.8975,20.0855,
13.4559,20.0855,22.8328,
13.7216,21.1851,21.1851,
15.6166,23.3188,24.331,
13.9926,21.4492,21.8077,
14.3812,19.1309,23.5168,
15.6166,21.4492,24.331,
14.4943,18.1565,24.4353,
14.4377,19.2084,23.6167,
14.8975,22.2663,24.0215,
15.1332,27.8577,26.1865,
12.5412,24.0215,21.0979,
14.3812,26.5331,23.5168,
14.0474,23.2205,22.9289,
12.4922,17.8683,21.1851,
12.5412,18.45,21.1851,
12.5412,20.8391,21.0979,
13.5615,19.0538,29.1407,
15.2525,21.2727,31.0772,
14.1025,19.2084,28.1081,
13.5615,23.2205,28.618,
13.4559,18.1565,24.1241,
12.2981,17.2388,20.6687,
12.1544,19.1309,20.333,
12.1069,19.3644,20.2501,
12.1069,18.5988,20.1676,
12.0595,21.5381,20.0855,
12.0123,21.8984,20.0038,
12.0595,22.1736,20.0038,
