12.6893,14.7811,19.681,
12.6397,15.4334,19.5219,
12.6893,16.0532,19.8416,
12.6893,16.1166,20.333,
12.6893,15.74,20.9249,
12.6893,15.0739,21.4492,
12.739,14.2133,22.642,
12.7889,15.8645,21.8077,
12.7889,15.9271,21.8984,
12.7889,15.8021,21.9897,
12.8391,16.1166,21.8984,
12.9399,15.9271,22.3595,
13.0415,15.74,22.4531,
13.0926,16.1166,22.5473,
13.1954,16.3086,17.5154,
13.2471,16.438,17.1705,
13.299,15.99,17.0346,
13.3511,17.3075,16.9672,
13.3511,18.1565,21.6275,
13.299,17.8683,22.642,
13.8293,17.8683,20.5,
12.6397,14.3812,15.74,
14.4943,21.6275,20.7537,
14.3812,16.7666,16.9672,
14.4377,19.2862,16.5032,
14.2691,19.7611,21.4492,
14.3251,18.0117,15.8021,
14.3251,15.9271,15.6166,
14.2691,14.0474,16.2444,
14.2691,16.0532,14.6657,
14.1578,14.1578,18.0117,
14.3812,15.4334,18.5242,
14.7233,16.2444,14.6084,
14.6657,18.6738,14.4377,
14.7811,17.1705,14.4943,
15.0149,15.6166,14.6657,
14.6084,16.1804,14.5512,
14.4377,16.5032,14.2691,
14.3812,16.1166,14.1578,
14.3251,16.3732,14.3251,
14.3251,16.7003,14.4377,
14.6657,17.1024,15.0149,
15.0149,16.5032,15.8645,
14.8392,15.6166,16.5686,
14.6657,17.4458,16.8331,
14.4377,17.8683,25.0735,
14.7233,16.438,17.7262,
14.5512,17.1705,19.681,
14.5512,17.5154,19.0538,
13.1439,21.3607,22.2663,
13.4559,21.8077,18.9771,
13.4559,22.1736,20.0855,
13.4559,22.3595,19.2862,
13.4559,22.5473,19.2862,
13.4559,22.8328,19.3644,
13.5086,22.2663,19.443,
13.6147,22.9289,19.681,
13.7753,22.4531,19.681,
13.8293,22.3595,19.681,
13.8293,21.6275,19.6013,
13.7753,16.7003,19.5219,
13.7753,15.1927,19.681,
13.8293,20.4163,19.7611,
13.8293,16.7003,20.0038,
13.8835,17.9399,20.5,
13.9926,18.2293,21.8077,
15.0149,19.5219,20.8391,
15.4942,19.8416,25.5111,
16.0532,20.333,22.0814,
15.99,20.4163,23.4175,
15.3728,22.1736,22.0814,
12.4922,18.0117,18.6738,
13.299,19.681,22.1736,
12.8391,18.45,25.0735,
12.5412,18.7491,23.6167,
12.5904,18.7491,23.818,
13.9379,20.4163,21.7174,
14.3812,20.9249,21.2727,
12.8894,19.8416,22.1736,
12.6397,17.6556,18.2293,
12.2981,18.1565,19.681,
12.25,18.9771,19.6013,
14.1025,25.2911,22.1736,
12.6397,20.5,19.681,
12.4434,19.8416,19.3644,
12.5412,18.0839,18.6738,
12.8894,18.9007,19.8416,
12.4922,17.6556,19.3644,
12.6893,19.1309,19.443,
12.5904,16.7666,20.4163,
12.5412,16.5686,21.8077,
12.2981,16.3086,19.443,
12.3463,16.6343,19.3644,
12.4922,17.3765,19.2084,
12.8391,21.0979,18.6738,
12.8391,20.8391,18.3761,
12.4434,20.5,18.6738,
13.7216,20.8391,21.0112,
13.9926,21.0979,22.0814,
13.7216,20.9249,21.4492,
12.6397,17.5154,20.0038,
12.739,18.6738,20.8391,
12.2021,16.0532,20.1676,
12.1069,15.9271,20.0038,
12.2981,21.2727,20.333,
