11.5046,18.0839,15.9271,
11.4595,18.0839,15.8645,
11.5046,18.0839,15.8645,
11.4595,18.0117,15.8645,
11.5046,18.0117,15.8645,
11.5046,17.9399,15.8645,
11.5046,18.0117,15.8645,
11.4595,18.0117,15.8645,
11.4595,18.0117,15.8645,
11.4595,18.0117,15.8645,
11.4595,18.0117,15.8645,
11.4595,18.0117,15.8645,
11.4595,18.0117,15.8021,
11.4595,18.0117,15.8021,
11.4595,18.0117,15.8021,
11.5046,18.0117,15.8021,
11.4595,18.0117,15.74,
11.4595,18.0117,15.74,
11.4595,18.0117,15.6781,
11.4145,18.0117,15.6166,
11.4595,17.9399,15.4942,
11.4595,17.8683,15.3126,
11.4145,17.7971,15.1332,
11.3697,17.5854,14.8975,
11.325,17.4458,14.6084,
11.2806,17.2388,14.2691,
11.192,17.0346,13.8835,
11.148,16.7666,13.5086,
11.0605,16.5032,13.1954,
11.0605,16.3086,12.8894,
10.8872,15.99,12.4922,
10.8443,15.6166,12.0123,
10.8872,15.1927,11.55,
10.8872,14.7233,11.1042,
11.3697,14.6084,11.0169,
13.4034,16.8331,12.9399,
12.8894,15.5552,12.1069,
11.7329,13.9379,10.8872,
11.6411,13.6147,12.5412,
12.3463,14.1025,11.4145,
11.192,12.6893,10.0566,
10.9303,12.2021,9.7792,
12.25,13.3511,12.3463,
13.0926,13.9379,11.9653,
13.2471,14.0474,11.8253,
13.0926,13.6147,11.55,
11.2806,11.6869,9.8184,
12.9399,13.4559,11.8253,
13.2471,13.4034,11.5046,
11.0605,11.2806,9.585,
12.5412,12.6893,10.7589,
12.7889,12.9399,11.1042,
11.9653,12.1544,10.3408,
11.9653,12.1069,10.2589,
13.3511,13.6147,11.6869,
12.25,12.4922,10.6319,
12.0123,12.25,10.3819,
11.8253,12.0595,10.2181,
13.4559,13.9379,11.779,
12.3948,12.6397,10.7589,
12.739,13.0415,11.192,
12.9399,13.2471,11.3697,
12.5904,12.8894,10.9735,
12.9399,13.3511,11.4145,
12.9906,13.4034,11.4145,
12.8894,13.4034,11.5046,
12.9906,13.9926,12.4922,
12.0595,12.6397,10.5899,
12.0595,12.739,10.6319,
12.0123,12.739,10.7589,
12.0123,12.8894,10.7589,
11.9653,12.9906,12.7889,
11.9653,13.3511,11.8718,
11.9653,13.5615,10.8015,
10.2997,12.1069,9.2064,
10.2181,12.2981,9.4321,
10.0566,12.5904,9.4701,
10.0566,12.9399,9.2437,
10.0166,13.1439,9.2437,
10.1775,13.5086,9.5083,
10.1775,13.7216,9.7011,
10.3408,14.1578,10.1775,
10.3819,14.5512,10.5899,
10.5063,15.1332,11.2362,
10.8443,15.74,12.0123,
10.6319,15.6166,11.9653,
10.6741,15.8645,12.3948,
11.9653,17.8683,14.3251,
12.4434,17.8683,14.2691,
10.8443,16.3086,12.9906,
10.9735,16.6343,13.4034,
10.9735,16.7666,13.6147,
11.0169,16.9,13.8293,
11.0605,16.9,13.9926,
11.148,17.1024,14.2133,
11.148,17.1705,14.3812,
11.192,17.3075,14.6084,
11.2362,17.4458,14.8975,
11.2806,17.5154,15.0149,
11.3697,17.6556,15.2525,
11.4145,17.7262,15.3728,
11.5046,17.8683,15.4942,
11.5046,17.8683,15.6166,
11.5954,18.0839,15.8021,
11.5954,18.1565,15.8645,
11.6869,18.2293,15.99,
11.7329,18.3026,16.2444,
11.779,18.3761,16.3732,
11.8253,18.5988,16.5686,
11.7329,18.5988,16.5686,
11.6869,18.5242,16.5686,
11.7329,18.5242,16.6343,
11.7329,18.6738,16.7003,
11.7329,18.5988,16.7666,
11.7329,18.5242,16.7666,
11.7329,18.5242,16.8331,
11.7329,18.5988,16.7666,
11.7329,18.5242,16.7666,
11.6869,18.5242,16.7666,
11.6869,18.45,16.7666,
11.6411,18.5242,16.7666,
11.6411,18.45,16.7003,
11.6411,18.45,16.7003,
11.6411,18.3761,16.6343,
11.6411,18.45,16.6343,
11.6411,18.45,16.6343,
11.5954,18.3761,16.5686,
11.5954,18.3761,16.5686,
11.6411,18.3761,16.5686,
11.6411,18.3026,16.5032,
11.6411,18.3026,16.438,
11.5954,18.3026,16.438,
