15.5552,13.8293,16.2444,
15.5552,13.8835,16.2444,
15.6781,13.8835,16.1804,
15.6781,13.8835,16.1804,
15.6781,13.8835,16.2444,
15.6781,13.8293,16.1804,
15.6781,13.7753,16.1804,
15.6166,13.8293,16.438,
15.6166,13.7753,16.3732,
15.6166,13.8293,16.3086,
15.6166,13.8293,16.3732,
15.6781,13.7753,16.2444,
15.74,13.8293,16.3086,
15.6166,13.7753,16.3086,
15.74,13.8293,16.2444,
15.6166,13.8293,16.3086,
15.6166,13.7216,16.3086,
15.6781,13.8835,16.3086,
15.6166,13.9379,16.3086,
15.6781,13.8835,16.2444,
15.6781,13.9926,16.1804,
15.6166,14.1025,16.3086,
15.6781,14.3251,16.2444,
15.6166,14.6084,16.3732,
15.74,15.0149,16.3086,
15.74,15.4942,16.2444,
15.8021,15.99,16.2444,
15.74,16.3732,16.2444,
15.74,16.9,16.3086,
15.8645,17.3765,16.3086,
15.9271,17.8683,16.3732,
15.8645,18.3026,16.438,
15.99,18.5988,16.3086,
15.9271,18.8247,16.438,
15.99,18.9771,16.3086,
15.9271,19.1309,16.0532,
15.9271,19.443,16.2444,
16.0532,19.6013,16.5032,
16.1166,19.7611,16.5032,
16.1166,19.9225,16.5686,
16.0532,20.1676,16.6343,
16.1804,20.2501,16.5686,
16.3086,20.5,16.5032,
16.2444,20.5841,16.6343,
16.1804,20.7537,16.7003,
16.2444,21.0112,16.6343,
16.2444,21.0112,16.7003,
16.2444,21.1851,16.7666,
16.1804,21.3607,16.7003,
16.2444,21.4492,16.7666,
16.2444,21.6275,16.8331,
16.3086,21.7174,16.7666,
16.3732,21.6275,16.7666,
16.438,21.5381,16.7666,
16.3732,21.3607,16.8331,
16.438,21.5381,16.7003,
16.3732,21.4492,16.7666,
16.3732,21.2727,16.7003,
16.3086,21.4492,16.8331,
16.3086,21.3607,16.9,
16.3732,21.2727,16.7666,
16.3086,21.3607,16.7003,
16.1804,21.1851,16.9,
16.1804,20.9249,16.7666,
16.1804,21.1851,16.8331,
16.1804,20.9249,16.7003,
16.1166,21.0112,16.6343,
16.1166,21.0979,16.7666,
16.1804,20.8391,16.7666,
16.1166,20.6687,16.7666,
15.99,20.5,16.8331,
16.0532,20.4163,16.6343,
16.1166,20.4163,16.5686,
16.0532,20.4163,16.7666,
16.1166,20.0855,17.0346,
16.1166,20.0038,16.7666,
16.0532,19.7611,17.1024,
15.9271,19.681,16.9672,
16.0532,19.443,17.0346,
15.99,19.5219,17.1705,
16.0532,19.3644,16.9672,
15.99,19.1309,17.4458,
16.0532,18.9771,16.7003,
15.9271,18.9007,19.5219,
15.9271,18.5988,19.6013,
16.0532,18.3761,16.7666,
16.1166,18.2293,16.6343,
15.99,17.8683,16.7003,
15.99,17.5854,16.7003,
15.9271,17.3765,16.8331,
15.9271,16.8331,16.7666,
15.9271,16.7666,16.7666,
15.99,16.5032,16.7003,
15.99,16.1166,16.6343,
16.0532,15.9271,16.6343,
15.9271,15.6781,16.8331,
15.99,15.4942,16.7666,
15.99,15.4942,16.7666,
15.9271,15.3126,16.7003,
15.99,15.1332,16.7666,
15.8645,15.0149,16.9,
15.8645,14.9561,16.8331,
15.99,14.8975,16.7003,
15.9271,14.8392,17.2388,
15.99,14.6657,17.3765,
15.9271,14.6657,17.3075,
15.9271,14.5512,18.2293,
15.99,14.4943,16.9672,
16.0532,14.4943,16.9672,
15.99,14.4377,16.7666,
15.8645,14.3812,16.8331,
15.99,14.3251,17.4458,
15.99,14.2691,17.1024,
15.9271,14.2691,16.7666,
15.99,14.2133,16.7003,
15.9271,14.2133,16.7666,
15.99,14.2133,16.8331,
16.1166,14.2691,16.7003,
16.0532,14.2133,17.8683,
16.1166,14.1578,16.7666,
16.0532,14.1578,16.9672,
15.99,14.1025,16.6343,
16.0532,14.1025,16.7003,
16.1804,14.1025,16.7003,
16.1166,14.1025,16.6343,
16.0532,14.0474,16.5686,
16.1166,13.9926,16.5686,
15.99,13.9926,16.5686,
15.99,13.9926,16.5032,
16.1166,14.0474,16.5032,
16.1166,13.9379,16.3732,
16.0532,13.9379,16.438,
16.1166,13.9926,16.5032,
16.0532,13.8835,16.5686,
15.99,13.8835,16.7003,
15.99,13.9379,16.7003,
15.99,13.9379,16.6343,
15.99,13.8835,16.6343,
15.9271,13.8293,16.5032,
15.99,13.8835,16.5686,
15.8645,13.8835,16.6343,
15.8021,13.7753,16.6343,
15.8645,13.8293,16.7003,
15.8645,13.8293,16.6343,
15.8021,13.8835,16.7666,
15.8021,13.8835,16.7003,
15.8021,13.9379,16.5686,
15.74,14.0474,16.6343,
15.6781,14.0474,16.7003,
15.6781,14.1578,16.7003,
15.6781,14.3251,16.7003,
15.6781,14.3251,16.6343,
15.4942,14.5512,16.7003,
15.4942,14.5512,16.7003,
15.3728,14.7233,16.7666,
15.3728,14.9561,16.7666,
15.1927,15.1332,16.6343,
15.1927,15.3126,16.7003,
15.0739,15.4334,16.5032,
15.0149,15.6166,16.6343,
14.8975,15.6781,16.6343,
14.8975,15.99,16.6343,
14.7811,16.0532,16.7003,
14.7811,16.1804,16.7003,
14.7233,16.438,16.5686,
14.6657,16.6343,16.5686,
14.6657,16.7003,16.5686,
14.7233,17.1024,16.5686,
14.5512,17.0346,16.6343,
14.6084,17.1705,16.6343,
14.4943,17.4458,16.7003,
14.4377,17.6556,16.7666,
14.5512,17.8683,16.6343,
14.4943,17.9399,16.5686,
14.4377,18.0117,16.6343,
14.4377,18.0117,16.5032,
14.3812,18.3026,16.7003,
14.3251,18.3761,16.7003,
14.3812,18.5988,16.6343,
14.3812,18.6738,16.5686,
14.2133,18.5988,16.5686,
14.2133,18.5988,16.5686,
14.2133,18.6738,16.5686,
14.2691,18.8247,16.7003,
14.2691,18.9771,16.7003,
14.3251,19.0538,16.7666,
14.2691,18.9771,16.7666,
14.3251,19.0538,16.7003,
14.2691,19.0538,16.8331,
14.2691,18.9771,16.9,
14.2691,19.0538,16.9,
14.2691,19.2862,16.9672,
14.2691,19.1309,16.9,
14.2691,19.1309,17.1024,
14.3251,19.2862,17.1024,
14.2691,19.3644,16.9672,
14.2133,19.3644,17.1024,
14.2691,19.1309,16.9672,
14.2133,19.1309,17.1024,
14.1578,19.1309,17.1024,
14.2133,19.1309,17.0346,
14.2133,19.0538,17.1024,
14.2691,19.0538,16.9,
14.2133,19.1309,17.0346,
14.2133,19.1309,17.1024,
14.2133,19.1309,17.1705,
14.1025,19.1309,17.0346,
14.1578,19.0538,16.9,
14.0474,19.0538,16.9,
14.1025,18.9771,16.8331,
14.0474,18.8247,16.8331,
14.0474,18.8247,16.9,
14.0474,18.9007,16.9,
13.9926,18.9771,17.0346,
13.9926,18.8247,17.0346,
13.9926,18.7491,16.8331,
