488,504,450,
489,504,454,
487,504,453,
487,502,451,
487,505,451,
487,504,452,
488,504,454,
487,504,450,
486,503,450,
487,502,451,
487,503,451,
487,502,453,
489,500,450,
487,498,451,
487,494,452,
490,493,452,
488,487,451,
488,482,451,
487,478,452,
490,473,451,
488,469,450,
489,464,451,
487,461,449,
488,457,452,
489,454,452,
488,453,453,
489,450,451,
489,447,452,
488,446,451,
488,442,453,
489,442,453,
488,440,451,
487,435,451,
489,435,453,
488,436,453,
489,430,455,
489,430,454,
487,428,451,
488,428,451,
489,428,453,
489,427,453,
486,425,453,
489,427,451,
488,428,453,
490,426,452,
489,427,451,
489,427,450,
489,427,450,
491,429,450,
489,428,453,
488,430,452,
487,431,452,
489,436,452,
488,440,452,
487,442,452,
488,442,455,
485,447,450,
487,450,449,
487,452,453,
488,456,451,
487,458,455,
487,464,450,
487,470,449,
487,473,450,
488,479,452,
488,479,451,
488,482,451,
488,485,454,
488,486,452,
488,489,451,
487,488,451,
487,492,450,
487,495,452,
487,496,451,
489,497,448,
488,497,448,
488,499,450,
488,499,451,
488,500,450,
487,502,451,
488,501,451,
486,501,450,
488,502,449,
489,503,453,
488,501,451,
487,501,450,
488,501,452,
488,502,450,
488,502,452,
487,501,450,
487,500,448,
489,501,448,
