487,516,455,
486,518,455,
487,517,455,
484,516,456,
486,516,455,
487,517,454,
486,517,454,
486,517,455,
488,518,454,
486,516,453,
486,515,454,
487,512,453,
489,510,454,
487,505,453,
486,493,454,
485,484,452,
487,475,454,
488,470,456,
486,460,452,
485,451,454,
484,447,454,
486,445,450,
487,441,454,
484,437,450,
483,432,452,
484,427,452,
481,427,452,
483,426,452,
484,424,454,
481,421,449,
480,421,451,
480,421,451,
482,421,449,
479,417,448,
480,417,450,
481,420,450,
483,421,451,
483,423,451,
484,424,450,
483,427,450,
485,431,451,
484,440,452,
483,445,453,
484,449,448,
484,459,452,
485,465,452,
485,475,455,
484,481,451,
484,487,453,
483,493,453,
485,496,451,
486,500,453,
487,502,453,
486,506,450,
484,509,452,
486,510,454,
485,511,455,
487,513,453,
487,513,453,
486,514,455,
486,515,457,
490,514,456,
488,515,455,
487,515,453,
488,515,454,
488,516,456,
488,518,456,
487,517,455,
490,518,453,
489,517,456,
487,515,454,
490,522,455,
489,517,457,
