497,503,451,
496,503,451,
496,502,450,
496,502,451,
497,506,451,
497,505,452,
497,504,451,
495,505,450,
497,506,451,
496,505,451,
497,505,453,
496,504,451,
495,505,452,
496,501,451,
495,493,451,
495,484,452,
493,474,450,
491,463,449,
490,453,448,
488,447,448,
489,442,449,
487,438,448,
484,435,445,
483,431,444,
482,428,444,
482,425,447,
480,424,440,
479,423,445,
479,424,440,
480,425,441,
479,425,442,
481,425,441,
480,427,441,
480,427,442,
483,430,444,
483,435,444,
483,437,441,
483,442,442,
483,451,444,
484,457,443,
484,467,445,
485,474,445,
485,477,443,
487,483,444,
486,486,444,
487,491,443,
485,491,442,
488,493,445,
487,496,443,
488,499,443,
488,501,443,
487,502,443,
488,504,444,
489,507,444,
489,507,447,
489,507,446,
487,508,446,
487,508,445,
488,509,445,
492,510,445,
489,510,447,
489,508,446,
,
