488,516,461,
488,516,458,
487,516,458,
487,517,461,
490,516,461,
487,517,461,
489,515,458,
487,514,460,
488,516,462,
491,517,460,
487,517,461,
488,515,458,
487,515,459,
489,512,461,
490,513,462,
489,509,460,
488,503,461,
489,499,459,
490,498,459,
490,494,460,
488,488,459,
488,481,457,
490,478,460,
489,475,458,
490,474,460,
489,472,459,
487,464,456,
487,462,459,
487,459,457,
488,461,459,
488,456,458,
488,452,459,
490,453,459,
489,449,460,
490,449,458,
488,445,457,
487,448,459,
487,443,457,
490,441,459,
490,441,459,
488,438,456,
488,439,456,
487,437,457,
488,437,456,
488,434,461,
488,430,456,
486,430,458,
489,428,458,
487,428,459,
489,426,458,
487,425,456,
487,426,457,
487,426,457,
486,427,458,
488,428,458,
486,426,458,
487,427,458,
488,427,459,
488,428,459,
488,426,459,
487,428,459,
489,429,457,
488,432,457,
488,434,460,
487,436,458,
489,434,460,
489,440,459,
488,439,460,
489,443,460,
489,442,459,
487,444,458,
488,449,456,
488,449,459,
490,455,460,
489,456,459,
488,456,459,
489,458,460,
490,461,458,
490,460,460,
489,461,459,
488,462,460,
489,465,458,
489,469,460,
491,475,462,
488,476,459,
491,481,458,
490,483,458,
491,486,461,
492,489,460,
491,494,460,
489,496,459,
491,498,458,
490,499,459,
492,503,458,
487,503,458,
489,505,458,
490,508,456,
491,511,459,
491,511,459,
489,510,457,
490,512,457,
489,515,458,
492,516,459,
490,513,459,
489,514,459,
490,514,458,
488,515,459,
490,517,460,
490,517,460,
489,516,458,
489,516,459,
489,517,460,
490,516,460,
490,515,460,
