11.1042,20.4163,16.3086,
11.148,20.4163,16.1804,
11.192,20.5841,16.3732,
11.148,20.5,16.3732,
11.148,20.5,16.3086,
11.192,20.333,16.1804,
11.192,20.5841,16.3732,
11.148,20.5,16.3086,
11.148,20.5,16.3732,
11.192,20.4163,16.3086,
11.148,20.333,16.2444,
11.192,20.5,16.3732,
11.192,20.4163,16.3732,
11.192,20.5841,16.438,
11.2362,20.4163,16.3732,
11.2806,20.4163,16.3086,
11.5046,20.333,16.3086,
11.9185,20.5841,16.2444,
12.4434,20.5,16.3732,
12.9906,20.5,16.3086,
13.7216,20.5,16.3086,
14.5512,20.4163,16.3086,
15.1927,20.5841,16.3086,
15.8021,20.4163,16.3732,
16.3086,20.5,16.2444,
16.7666,20.4163,16.2444,
17.2388,20.5,16.3086,
17.5154,20.5,16.2444,
17.8683,20.2501,16.3086,
18.0839,20.4163,16.2444,
18.5988,20.333,16.2444,
18.9007,20.5841,16.3732,
19.0538,20.4163,16.2444,
19.0538,20.6687,16.3732,
19.2084,20.5841,16.3086,
19.8416,20.5841,16.2444,
19.8416,20.5,16.438,
19.8416,20.4163,16.3732,
20.0038,20.2501,16.3732,
19.8416,20.5,16.3086,
19.9225,20.5,16.2444,
20.0855,20.5,16.3732,
20.2501,20.5,16.2444,
20.0038,20.5,16.3086,
19.7611,20.4163,16.1804,
19.7611,20.5,16.3732,
20.0038,20.5841,16.3732,
19.8416,20.5,16.3086,
19.443,20.333,16.3732,
18.3761,20.5,16.2444,
17.4458,20.5,16.3732,
16.3086,20.5841,16.3086,
15.4942,20.5,16.3732,
14.6084,20.4163,16.3086,
13.8835,20.5,16.3086,
13.5615,20.4163,16.3732,
13.0926,20.5841,16.3086,
12.7889,20.5,16.3086,
12.5412,20.5,16.3086,
12.2981,20.4163,16.3732,
12.2021,20.5841,16.3732,
12.0595,20.5841,16.438,
12.0123,20.4163,16.3086,
11.8718,20.5,16.3086,
11.779,20.333,16.3086,
11.7329,20.5841,16.3086,
11.6869,20.4163,16.3086,
11.5954,20.4163,16.3086,
11.55,20.5,16.3086,
11.4595,20.5,16.3086,
11.55,20.5841,16.3086,
11.5046,20.5841,16.3732,
11.5046,20.5841,16.3086,
11.4595,20.5,16.2444,
11.3697,20.5,16.3732,
11.4595,20.5841,16.438,
11.4595,20.4163,16.3732,
11.325,20.4163,16.3732,
11.4145,20.2501,16.2444,
11.4145,20.5,16.3732,
11.4145,20.5,16.3086,
11.3697,20.5841,16.3086,
11.2806,20.6687,16.3086,
11.2362,20.4163,16.3086,
11.325,20.4163,16.2444,
11.2806,20.4163,16.3732,
11.2806,20.5841,16.3086,
11.2806,20.4163,16.2444,
11.325,20.5,16.2444,
