11.0169,20.9249,15.6166,
11.0605,20.6687,15.6166,
11.0605,20.8391,15.5552,
11.0169,20.8391,15.6166,
11.0605,20.9249,15.6781,
11.0605,20.8391,15.6166,
11.0605,20.7537,15.6166,
10.9303,20.9249,15.6166,
11.0169,21.0112,15.6166,
11.1042,20.7537,15.6166,
11.0605,20.6687,15.6166,
11.2362,20.8391,15.6166,
11.4595,20.7537,15.5552,
11.9653,20.8391,15.6166,
12.5904,21.0112,15.6781,
13.2471,20.7537,15.6781,
13.9379,20.8391,15.6166,
14.8975,20.8391,15.6781,
15.9271,20.9249,15.74,
16.7003,20.9249,15.6166,
17.0346,21.0979,15.74,
17.5154,20.7537,15.6781,
18.0117,20.9249,15.6781,
18.5242,20.7537,15.6781,
18.8247,20.9249,15.6781,
18.9007,20.7537,15.6781,
19.2084,20.7537,15.6166,
19.3644,20.7537,15.74,
19.8416,20.7537,15.6781,
20.0855,20.9249,15.6166,
20.5,20.7537,15.6781,
20.333,20.9249,15.74,
20.5841,20.6687,15.6166,
20.8391,21.0112,15.6166,
20.6687,20.6687,15.74,
20.7537,20.7537,15.6781,
20.5,20.7537,15.74,
20.7537,20.6687,15.6781,
20.5841,20.7537,15.74,
20.4163,20.7537,15.6781,
19.8416,20.6687,15.6166,
19.1309,20.8391,15.6166,
18.5242,20.6687,15.6781,
17.7262,20.7537,15.6781,
16.6343,20.8391,15.5552,
15.4942,20.8391,15.6781,
14.4943,20.6687,15.6781,
13.7216,20.8391,15.6781,
13.0415,20.9249,15.8021,
12.4922,20.8391,15.6166,
12.0595,20.8391,15.6781,
11.7329,20.8391,15.74,
11.55,21.0112,15.74,
11.55,21.0112,15.6781,
11.4595,21.0979,15.6781,
11.4145,21.0112,15.6781,
11.3697,20.8391,15.5552,
11.325,21.0979,15.6166,
11.3697,21.0112,15.6781,
11.325,21.0979,15.8021,
11.2806,21.0979,15.6781,
11.2362,20.9249,15.6781,
11.2806,21.0979,15.6781,
11.2806,20.9249,15.6781,
11.2362,21.0112,15.8021,
11.192,21.0112,15.6781,
11.1042,20.8391,15.5552,
11.192,21.0112,15.6166,
11.2362,20.9249,15.6781,
11.148,20.9249,15.6781,
11.2362,20.8391,15.6781,
11.148,20.9249,15.6166,
