11.4595,21.6275,15.9271,
11.4145,21.5381,15.9271,
11.2362,21.6275,15.8645,
11.1042,21.7174,15.8021,
11.1042,21.5381,15.9271,
11.4595,21.6275,15.9271,
11.325,21.5381,15.8645,
11.4595,21.5381,15.9271,
11.0605,21.5381,15.8645,
11.0605,21.4492,15.99,
11.4145,21.5381,15.9271,
11.55,21.5381,15.9271,
11.55,21.5381,15.9271,
11.7329,21.6275,15.8645,
12.2981,21.4492,15.8645,
12.9906,21.5381,15.9271,
13.7753,21.3607,15.99,
14.6084,21.5381,15.8645,
15.3126,21.4492,15.8645,
16.1166,21.5381,15.8645,
17.1024,21.6275,15.9271,
17.5854,21.5381,15.8645,
18.0839,21.5381,15.9271,
18.0117,21.5381,15.8021,
18.5988,21.4492,15.9271,
19.0538,21.6275,15.9271,
19.0538,21.7174,15.8021,
19.0538,21.5381,15.8645,
19.0538,21.1851,15.8021,
19.5219,21.6275,15.8645,
20.333,21.5381,15.9271,
19.681,21.4492,15.8645,
19.5219,21.4492,15.99,
17.7262,21.4492,15.8645,
20.5,21.3607,15.8645,
20.5841,21.5381,15.99,
20.7537,21.4492,15.99,
19.5219,21.4492,15.8645,
19.2084,21.4492,15.8021,
20.333,21.4492,15.8645,
20.2501,21.4492,15.8645,
19.443,21.3607,15.8645,
18.6738,21.5381,15.8645,
17.3765,21.3607,15.9271,
16.7666,21.5381,15.9271,
15.8021,21.4492,15.99,
14.8975,21.4492,15.8645,
14.2133,21.3607,15.8645,
13.299,21.4492,15.6781,
13.8293,21.6275,15.9271,
13.299,21.4492,15.8645,
13.1954,21.5381,15.8645,
12.3948,21.4492,15.8021,
12.0123,21.3607,15.8645,
12.6397,21.8077,15.9271,
12.0595,21.7174,15.8645,
11.4595,21.5381,15.9271,
12.0123,21.5381,15.8645,
11.7329,21.3607,15.8645,
11.779,21.6275,15.8645,
11.9185,21.6275,15.8645,
11.7329,21.5381,15.8645,
11.779,21.3607,15.8021,
11.7329,21.4492,15.8021,
12.1544,21.5381,15.8645,
11.9653,21.4492,15.8021,
11.6869,21.4492,15.74,
11.4595,21.3607,15.8021,
11.4145,21.3607,15.8021,
11.6411,21.4492,15.8645,
11.4595,21.2727,15.8021,
11.4595,21.3607,15.9271,
11.2362,21.1851,15.8645,
