11.2362,20.7537,16.5032,
11.325,20.5841,16.5032,
11.2806,20.7537,16.5686,
11.2362,20.5841,16.438,
11.2362,20.5841,16.438,
11.2806,20.6687,16.438,
11.325,20.5841,16.3732,
11.2362,20.5841,16.5686,
11.192,20.5841,16.3732,
11.325,20.7537,16.3732,
11.325,20.5,16.438,
11.325,20.7537,16.438,
11.325,20.6687,16.438,
11.4145,20.7537,16.3086,
11.55,20.8391,16.5032,
11.9185,20.5841,16.5032,
12.3948,20.7537,16.3732,
12.8894,20.6687,16.438,
13.4034,20.5841,16.3732,
14.2133,20.5,16.5686,
14.9561,20.6687,16.438,
15.74,20.7537,16.438,
16.438,20.5841,16.3732,
16.9,20.6687,16.3732,
17.5154,20.6687,16.5032,
17.7971,20.6687,16.438,
18.1565,20.6687,16.5032,
18.45,20.6687,16.438,
18.9007,20.7537,16.438,
19.1309,20.5841,16.5032,
19.2862,20.5841,16.5686,
19.6013,20.6687,16.438,
19.6013,20.5841,16.3732,
19.7611,20.333,16.5686,
19.9225,20.6687,16.5032,
19.8416,20.5841,16.438,
19.8416,20.6687,16.5032,
19.9225,20.5841,16.3732,
20.0855,20.5841,16.3732,
20.0855,20.6687,16.438,
20.0038,20.5841,16.3732,
20.0038,20.4163,16.438,
19.8416,20.5841,16.3732,
19.8416,20.5,16.438,
19.9225,20.5841,16.3732,
19.5219,20.5841,16.438,
18.7491,20.8391,16.438,
17.7262,20.5841,16.3086,
16.7666,20.5841,16.3732,
15.6781,20.9249,16.3732,
14.7233,20.6687,16.438,
13.9379,20.6687,16.5032,
13.3511,20.7537,16.3732,
12.9399,20.7537,16.5032,
12.5904,20.7537,16.5686,
12.2981,20.8391,16.5032,
12.1544,20.6687,16.438,
11.9185,20.6687,16.438,
11.8253,20.6687,16.438,
11.8253,20.6687,16.5686,
11.5954,20.7537,16.5686,
11.55,20.5,16.3732,
11.55,20.5841,16.3732,
11.5046,20.6687,16.438,
11.4595,20.7537,16.3732,
11.4595,20.7537,16.3086,
11.325,20.6687,16.3732,
11.3697,20.6687,16.3732,
11.3697,20.7537,16.3732,
11.4145,20.5,16.5032,
11.325,20.5841,16.438,
11.325,20.7537,16.438,
11.325,20.7537,16.438,
11.4145,20.8391,16.5032,
11.2806,20.7537,16.438,
11.325,20.6687,16.3086,
11.325,20.5841,16.3732,
