10.9735,17.7971,15.2525,
10.9735,17.7971,15.3126,
10.9303,17.8683,15.2525,
10.9735,17.7971,15.2525,
10.9303,17.8683,15.2525,
10.9303,17.8683,15.2525,
10.9303,17.7971,15.2525,
10.9303,17.7262,15.1927,
10.9303,17.7971,15.1927,
10.9735,17.7971,15.1927,
10.9303,17.7262,15.1927,
10.9303,17.7262,15.1927,
10.9735,17.7971,15.1927,
10.9303,17.7262,15.1927,
10.9735,17.7971,15.1332,
10.9735,17.7971,15.1927,
10.9735,17.7262,15.1927,
11.1042,17.8683,15.2525,
11.0605,17.8683,15.2525,
11.0605,17.7971,15.1332,
11.0605,17.7262,15.0739,
11.1042,17.6556,14.9561,
11.1042,17.5154,14.7811,
11.0605,17.4458,14.5512,
10.9735,17.1705,14.3251,
10.9735,17.0346,14.1578,
11.0169,16.9672,14.0474,
10.9735,16.9,13.8835,
11.6411,17.5854,14.3812,
11.192,16.9,13.668,
11.1042,16.7003,13.3511,
11.0605,16.5032,13.1954,
11.148,16.5032,13.0926,
11.192,16.3732,12.7889,
11.0605,16.0532,12.3948,
11.2362,16.1166,12.3948,
11.8253,16.5686,12.6893,
11.5046,16.1804,12.2981,
12.8391,17.6556,13.5615,
12.4434,17.0346,12.9399,
11.9653,16.3732,12.3463,
11.8718,16.2444,12.1544,
12.0123,16.3086,12.25,
12.2981,16.5686,12.3948,
12.6397,16.9,12.739,
12.4434,16.5686,12.4922,
12.4434,16.5032,12.3948,
12.3948,16.438,12.2981,
12.3948,16.3732,12.2981,
12.4434,16.2444,12.2021,
12.3948,16.1804,12.2021,
12.3463,16.0532,12.1069,
11.9653,15.4942,11.5046,
10.8872,14.1578,10.4647,
12.3948,15.8021,11.8253,
12.4434,15.6166,11.7329,
12.3948,15.3728,11.5954,
11.7329,14.4943,10.8015,
11.0605,13.668,10.1775,
10.8015,13.1954,9.8184,
11.0169,13.299,9.8973,
10.9735,13.1439,9.8578,
10.7589,12.7889,9.585,
10.8015,12.739,9.6236,
11.1042,12.9906,9.8184,
10.9735,12.739,9.6236,
11.0169,12.7889,9.7011,
12.25,13.9926,10.8015,
12.2981,14.0474,10.8443,
12.2021,13.8835,10.7164,
12.2021,13.7753,10.6741,
12.0595,13.6147,10.5063,
12.0123,13.5086,10.4232,
12.0123,13.5086,10.4232,
11.55,12.8894,9.9369,
11.9653,13.299,10.3408,
11.779,13.0415,10.2181,
11.8718,13.0415,10.2181,
11.779,12.8894,10.1371,
11.7329,12.7889,10.0566,
11.148,12.0595,9.5083,
11.4595,12.2981,9.8184,
11.5954,12.2021,9.8578,
11.5954,11.9653,9.8578,
11.5046,11.6411,9.7401,
11.3697,11.325,9.5466,
11.148,10.9735,9.3186,
11.0605,10.8443,9.3186,
11.0169,10.7589,9.2437,
10.8872,10.4647,9.0584,
10.7164,10.2997,8.8761,
10.8015,10.3819,8.9851,
10.8015,10.2997,8.9487,
10.6319,10.1371,8.804,
10.5899,10.0566,8.7324,
10.5063,9.9767,8.6968,
10.4647,10.0166,8.6612,
10.4647,9.9767,8.6258,
10.4647,9.8973,8.6258,
10.4647,9.9369,8.6612,
10.4232,9.9369,8.6612,
10.4232,9.9767,8.6258,
10.4232,10.0166,8.6258,
10.4232,10.1371,8.6968,
10.4232,10.2589,8.6968,
10.4647,10.5899,8.7324,
10.4232,10.9735,8.804,
10.4647,11.2806,8.9487,
10.4647,11.5046,9.0952,
10.4647,11.6869,9.2811,
10.5063,12.0123,9.6623,
10.548,12.5412,10.1371,
10.548,12.8894,10.2997,
10.548,13.0415,10.4647,
10.5899,13.299,10.6741,
10.6319,13.6147,10.9735,
10.6319,13.9379,11.192,
10.6741,14.2691,11.4145,
10.6741,14.4943,11.55,
10.6741,14.7233,11.8253,
10.6741,15.0149,12.2021,
10.7164,15.3126,12.6397,
10.7589,15.6166,12.9399,
10.7589,15.9271,13.1954,
10.7589,16.1166,13.4559,
10.8872,16.3732,13.8835,
10.8443,16.5032,14.1025,
10.8015,16.6343,14.3812,
10.8015,16.7666,14.4377,
10.8443,16.9,14.6084,
10.8015,16.9,14.6657,
10.8015,17.0346,14.8392,
11.0169,17.3075,15.1332,
10.9303,17.3765,15.1927,
10.9303,17.3075,15.3126,
12.5412,19.443,17.2388,
11.55,18.3026,16.1166,
11.3697,18.2293,16.0532,
11.0605,17.8683,15.8021,
10.9735,17.9399,15.6781,
10.9303,17.9399,15.6781,
10.9735,18.0839,15.74,
11.0169,18.1565,15.8021,
10.9303,18.1565,15.6781,
10.8872,18.1565,15.6166,
10.8872,18.1565,15.6781,
10.8872,18.1565,15.74,
10.9303,18.1565,15.8021,
10.9303,18.1565,15.74,
10.8872,18.1565,15.74,
10.8872,18.1565,15.6781,
10.9303,18.1565,15.6781,
10.9303,18.1565,15.6781,
10.8872,18.0839,15.6781,
