11.148,18.0117,15.0739,
11.148,18.0117,15.0739,
11.1042,17.9399,15.0739,
11.148,17.9399,15.0739,
11.148,17.9399,15.0739,
11.148,18.0117,15.0739,
11.1042,17.8683,15.0739,
11.148,17.9399,15.0739,
11.148,17.9399,15.0739,
11.1042,17.9399,15.0739,
11.148,18.0117,15.0739,
11.148,17.9399,15.0739,
11.148,17.9399,15.0739,
11.192,17.9399,15.0149,
11.148,17.9399,15.0149,
11.148,17.9399,15.0149,
11.192,17.9399,14.9561,
11.2362,17.8683,14.9561,
11.192,17.8683,14.8975,
11.2362,17.8683,14.8975,
11.3697,17.9399,14.8975,
11.6411,18.0839,15.0739,
11.3697,17.6556,14.6084,
11.325,17.4458,14.3812,
11.2362,17.1705,14.1578,
11.148,16.9672,13.9926,
11.192,16.9,13.7753,
11.0605,16.5032,13.4034,
11.1042,16.438,13.1954,
11.0605,16.0532,12.8894,
11.1042,15.8645,12.5904,
11.0169,15.5552,12.2021,
10.9735,15.2525,11.8718,
11.0169,15.0739,11.6869,
11.0169,14.8392,11.4595,
10.9735,14.5512,11.192,
10.9735,14.3251,11.0605,
10.9735,14.1025,10.8872,
11.0169,13.8835,10.6741,
10.9735,13.668,10.548,
10.9735,13.5086,10.4232,
10.9735,13.3511,10.2997,
10.9303,13.1439,10.1775,
10.9303,12.9906,10.0166,
10.9735,12.8894,9.8973,
10.9303,12.739,9.8184,
10.9303,12.5904,9.7011,
10.8443,12.3948,9.5466,
10.8872,12.2021,9.4321,
10.8872,11.9653,9.3186,
10.8443,11.779,9.2064,
10.8872,11.5046,9.1321,
10.9303,11.192,9.0584,
10.8443,10.8015,8.9487,
10.8015,10.5063,8.8761,
10.8872,10.3819,8.8761,
10.9303,10.2997,8.8761,
10.9735,10.2181,8.9123,
10.9735,10.1775,8.9123,
11.0169,10.1775,8.8761,
11.148,10.3408,9.0952,
11.148,10.2997,9.0584,
11.9185,11.0169,9.7401,
11.192,10.4232,9.0952,
11.1042,10.3408,9.0217,
10.9735,10.2997,8.9487,
10.8872,10.3408,8.9123,
10.8872,10.4647,8.9123,
10.8443,10.6741,8.9851,
10.8443,11.148,9.0584,
10.8443,11.9185,9.4321,
10.8443,12.4922,9.8973,
10.8443,12.7889,10.1775,
10.8872,13.0926,10.4647,
10.9303,13.5086,10.7589,
10.9303,14.1025,11.0605,
10.9303,14.6657,11.2362,
10.9735,14.6657,11.3697,
10.9303,14.7233,11.5046,
10.9735,14.9561,11.7329,
10.9735,15.0739,12.0123,
10.9735,15.3126,12.4434,
10.9735,15.6166,12.8894,
10.9735,15.9271,13.2471,
10.9735,16.1166,13.5615,
11.0169,16.438,13.8835,
11.0169,16.7666,14.1578,
11.0169,16.9672,14.4377,
11.1042,17.3075,14.7233,
11.148,17.5154,15.0149,
11.1042,17.5854,15.1332,
11.1042,17.7971,15.3126,
11.148,18.0117,15.4334,
11.192,18.0839,15.4942,
11.325,18.3026,15.74,
11.2806,18.2293,15.6781,
11.192,18.2293,15.6781,
11.192,18.1565,15.6166,
11.192,18.1565,15.6781,
11.192,18.1565,15.74,
11.192,18.1565,15.6781,
11.192,18.1565,15.74,
11.148,18.0839,15.6781,
11.148,18.1565,15.74,
11.192,18.1565,15.74,
11.192,18.1565,15.6781,
11.192,18.0839,15.6781,
11.192,18.2293,15.6781,
11.192,18.0839,15.6166,
11.148,18.0117,15.5552,
