11.4595,18.0839,15.4334,
11.4595,18.0117,15.3728,
11.4595,18.0839,15.4334,
11.4595,18.0117,15.4334,
11.5046,18.0839,15.4334,
11.5046,18.0839,15.4942,
11.5954,18.1565,15.5552,
11.8718,18.5988,15.8645,
12.2981,19.0538,16.3732,
12.6397,19.5219,16.7666,
12.8391,19.6013,16.8331,
12.739,19.5219,16.7666,
12.739,19.6013,16.7003,
12.6893,19.6013,16.6343,
12.6893,19.5219,16.6343,
12.6397,19.3644,16.5032,
12.6893,19.5219,16.5032,
12.6397,19.443,16.5032,
12.6397,19.2084,16.438,
12.6397,19.3644,16.438,
12.6397,19.2862,16.3732,
12.4434,18.9771,16.1166,
11.325,17.6556,14.8392,
12.1069,18.5242,15.6781,
12.2981,18.6738,15.8021,
12.25,18.5988,15.6781,
12.25,18.5988,15.6781,
12.1544,18.5242,15.4942,
12.2021,18.3761,15.4334,
11.8253,17.9399,14.8975,
11.9185,18.0117,15.0149,
11.9185,18.0117,14.8975,
11.9185,17.8683,14.7811,
11.9185,17.7971,14.7233,
11.0169,16.5032,13.5615,
11.9185,17.5154,14.4943,
11.7329,17.1705,14.1578,
12.4434,18.0117,14.8975,
12.1069,17.3075,14.3812,
12.4922,17.8683,14.7233,
12.4434,17.7971,14.4943,
11.4595,16.3732,13.1954,
12.3948,17.4458,14.1025,
12.3948,17.1705,14.0474,
12.3948,17.0346,13.8293,
12.3948,16.7003,13.668,
11.0605,14.9561,12.1069,
12.3948,16.3086,13.4034,
11.0605,14.4377,11.8253,
12.25,15.3728,12.9399,
10.9735,13.3511,12.0123,
10.9735,13.2471,11.2362,
10.8443,12.8894,10.9735,
10.8443,12.9399,10.8443,
10.8443,12.6893,10.7589,
10.8015,12.3463,10.5899,
10.8015,11.8253,10.5899,
10.8015,12.3948,10.4647,
10.7589,12.2981,10.3819,
10.7589,12.1069,10.2997,
10.8015,12.1069,10.2997,
10.8015,11.9185,10.2181,
10.8443,12.1069,10.2181,
10.8443,12.0123,10.1371,
11.325,12.1544,10.5899,
11.0169,11.0169,10.2181,
10.8443,11.8718,10.0566,
10.9303,12.0123,10.0566,
10.8872,11.9185,9.9767,
10.8872,11.8718,9.9767,
10.8015,11.5954,9.8973,
10.8443,11.55,9.8973,
10.7164,11.5954,9.8184,
10.6741,11.55,9.7401,
10.6319,11.55,9.7792,
10.6319,11.5046,9.7011,
10.6319,11.5046,9.7011,
10.6319,11.4145,9.6623,
10.5899,11.4145,9.7401,
10.5899,11.4595,9.7401,
10.5899,11.4145,9.8184,
10.548,11.5046,9.8973,
10.6319,11.5954,10.0166,
10.6741,11.8253,10.2589,
11.2806,12.6397,11.1042,
10.7164,12.4922,11.0169,
10.7164,12.7889,10.8443,
10.7589,12.7889,11.0169,
10.8015,13.2471,11.2362,
11.6869,14.6084,12.3463,
11.5046,15.1332,12.5904,
11.5954,15.5552,13.0415,
12.4922,16.8331,14.3812,
11.3697,15.74,13.4559,
10.8872,15.4334,13.1954,
10.8015,15.5552,13.5086,
12.5412,17.9399,15.6166,
12.5904,18.0117,15.8645,
12.4922,18.0839,15.99,
12.4434,18.0839,15.6166,
11.7329,17.5154,15.3728,
11.148,16.9,14.8392,
11.5954,17.5854,15.4334,
11.9653,18.0839,15.9271,
11.192,17.2388,15.0739,
11.1042,17.2388,15.1332,
11.1042,17.2388,15.1332,
11.0605,17.3075,15.1927,
11.1042,17.4458,15.2525,
11.148,17.5154,15.3126,
11.148,17.5854,15.3126,
11.148,17.6556,15.3126,
11.148,17.7971,15.3728,
11.2806,17.9399,15.4942,
11.325,18.0839,15.6166,
11.3697,18.1565,15.6166,
11.3697,18.1565,15.6166,
11.3697,18.1565,15.6166,
11.3697,18.1565,15.6166,
11.325,18.2293,15.6166,
11.3697,18.1565,15.6166,
11.3697,18.2293,15.5552,
11.3697,18.1565,15.5552,
11.3697,18.2293,15.6166,
11.4145,18.1565,15.6166,
11.4595,18.2293,15.6781,
