12.5412,19.443,16.3732,
12.4922,19.443,16.2444,
12.4434,19.3644,16.2444,
12.3948,19.2862,16.1804,
12.3948,19.2862,16.1804,
12.2021,19.1309,15.99,
12.2021,18.9771,15.8645,
12.2021,19.0538,15.99,
12.5904,19.5219,16.3732,
13.8835,21.2727,17.9399,
13.1439,20.1676,16.9,
12.8894,19.7611,16.5686,
12.8894,19.7611,16.5686,
12.8391,19.681,16.438,
12.8391,19.681,16.5032,
12.7889,19.681,16.3732,
12.3463,19.0538,15.8021,
12.5412,19.2084,15.9271,
13.0415,19.8416,16.438,
13.0415,19.7611,16.438,
12.9399,19.5219,16.1166,
13.299,19.7611,16.438,
13.7753,20.4163,16.9,
14.3812,21.0112,17.3765,
14.8975,21.5381,17.7262,
14.2691,20.6687,16.9672,
14.7811,21.2727,17.3765,
15.8021,22.4531,18.3761,
13.5086,19.443,15.6166,
12.9906,18.7491,15.0149,
13.7216,19.443,15.4942,
11.55,16.7666,13.0926,
12.2021,17.3075,13.4559,
11.3697,16.1804,12.3948,
11.4145,16.1166,12.25,
12.2021,16.9,12.8391,
11.4595,15.8021,11.9185,
12.6893,17.1024,12.9906,
12.4434,16.6343,12.5904,
12.0595,15.99,12.0123,
11.6411,15.3728,11.55,
11.9653,15.4942,11.6869,
11.9185,15.3126,11.5954,
11.9185,15.1332,11.5046,
11.5954,14.6084,11.0605,
11.6411,14.5512,11.0169,
11.55,14.2691,10.8015,
11.5046,14.0474,10.6741,
11.55,13.9379,10.5899,
11.5046,13.7753,10.548,
11.5046,13.6147,10.4232,
11.5046,13.4559,10.3408,
11.4595,13.3511,10.2589,
11.2806,13.0415,10.0166,
11.1042,12.7889,9.8184,
11.148,12.6893,9.7401,
11.2362,12.6893,9.8184,
11.192,12.5904,9.7401,
11.192,12.4922,9.6623,
11.2362,12.4922,9.7401,
11.1042,12.2021,9.6236,
11.0169,12.0595,9.4701,
11.0169,11.9185,9.3563,
10.9303,11.6411,9.3186,
10.8872,11.5046,9.2437,
10.8872,11.3697,9.2064,
10.8443,11.192,9.1321,
10.8015,11.0169,9.0584,
10.7589,10.8443,8.9851,
10.7164,10.7164,8.9487,
10.7164,10.6319,8.8761,
10.7589,10.5899,8.9487,
10.7164,10.5063,8.9123,
10.6741,10.4647,8.8761,
10.6741,10.4232,8.84,
10.6741,10.4232,8.8761,
10.6741,10.4647,8.8761,
10.6741,10.4232,8.84,
10.6741,10.4647,8.84,
10.6741,10.5063,8.84,
10.6319,10.6319,8.9123,
10.6319,10.7589,8.84,
10.6319,10.9735,8.9487,
10.6741,11.3697,8.9851,
10.6741,11.9653,9.1692,
10.7164,12.3948,9.2437,
10.7589,12.4922,9.3186,
10.7164,12.5412,9.3563,
10.6741,12.739,9.5466,
10.7164,12.9399,9.7401,
10.7164,13.1954,9.9369,
10.8015,13.4559,10.1371,
10.8015,13.7216,10.3819,
10.8443,13.9926,10.6741,
10.8443,14.4377,10.9735,
10.8872,14.8392,11.192,
10.8872,15.1927,11.4145,
10.8443,15.3728,11.7329,
10.8872,15.6166,12.1544,
10.8872,15.9271,12.5904,
10.8872,16.1804,12.9399,
10.8872,16.3086,13.1439,
10.9303,16.5032,13.3511,
10.9735,16.7003,13.668,
10.9735,16.8331,13.9926,
11.0169,16.9,13.9926,
11.1042,17.1705,14.2691,
11.1042,17.3075,14.3812,
11.1042,17.4458,14.5512,
11.148,17.5154,14.6657,
11.1042,17.5854,14.7811,
11.192,17.7971,15.0149,
11.192,17.9399,15.1332,
11.2362,18.0839,15.3126,
11.192,18.0117,15.3126,
11.148,18.0839,15.2525,
11.148,17.9399,15.3126,
11.148,18.0839,15.3126,
11.148,18.0839,15.3126,
11.148,18.0117,15.3126,
11.148,18.0839,15.3126,
11.192,18.0839,15.3126,
11.148,18.0839,15.2525,
11.148,18.0839,15.3126,
11.148,17.9399,15.2525,
11.192,18.0839,15.2525,
11.192,17.9399,15.2525,
11.148,18.0117,15.2525,
11.192,17.9399,15.2525,
