11.1042,18.0839,15.3728,
11.1042,18.0117,15.3126,
11.1042,18.0839,15.3126,
11.1042,18.0839,15.3126,
11.1042,18.0117,15.3126,
11.148,18.0117,15.3126,
11.1042,18.0839,15.2525,
11.1042,18.0117,15.2525,
11.1042,18.0117,15.2525,
11.1042,18.0117,15.2525,
11.1042,18.0117,15.2525,
11.148,18.0839,15.2525,
11.1042,18.0839,15.2525,
11.1042,18.0117,15.2525,
11.148,17.9399,15.1927,
11.1042,18.0117,15.2525,
11.148,18.0117,15.2525,
11.148,18.0117,15.1927,
11.148,18.0117,15.1332,
11.148,17.7971,15.0739,
11.148,17.8683,15.0149,
11.148,17.8683,14.9561,
11.148,17.7971,14.8975,
11.1042,17.6556,14.7811,
11.1042,17.5854,14.6657,
11.1042,17.5154,14.5512,
11.1042,17.5154,14.4943,
11.1042,17.3765,14.4377,
11.0605,17.3765,14.3812,
11.1042,17.3075,14.3251,
11.55,17.7262,14.7233,
11.5046,17.7262,14.6084,
11.325,17.3765,14.2691,
11.325,17.2388,14.2133,
11.55,17.5154,14.3812,
11.0169,16.7666,13.668,
10.9735,16.6343,13.4559,
10.9735,16.5686,13.299,
11.0169,16.5686,13.2471,
10.9303,16.3732,13.0415,
10.8872,16.1804,12.8391,
10.8872,16.0532,12.6397,
10.8443,15.99,12.4922,
10.8443,15.8645,12.3463,
10.8443,15.8021,12.1544,
10.8443,15.6781,12.0595,
10.8015,15.6166,11.9653,
10.8015,15.4942,11.8253,
10.8015,15.4334,11.7329,
10.9303,15.4942,11.6869,
10.9303,15.4942,11.6869,
11.0169,15.4942,11.6411,
11.0169,15.4334,11.55,
11.0605,15.4334,11.55,
11.1042,15.3728,11.5046,
11.192,15.3728,11.5046,
11.3697,15.5552,11.6411,
11.4145,15.4942,11.55,
11.4595,15.4334,11.55,
11.3697,15.2525,11.4145,
11.4595,15.3126,11.4595,
11.5954,15.3126,11.4595,
11.7329,15.3728,11.55,
11.5954,15.1927,11.3697,
11.325,14.7233,11.0605,
11.2362,14.5512,10.9303,
11.148,14.3251,10.8015,
11.1042,14.1578,10.6741,
11.148,14.1025,10.6741,
11.1042,13.8835,10.4647,
11.1042,13.7753,10.4232,
10.9303,13.4559,10.1775,
10.8443,13.2471,9.9767,
12.2021,14.6657,11.192,
12.2021,14.6084,11.192,
12.2021,14.5512,11.148,
12.2021,14.4943,11.1042,
12.2021,14.4377,11.0605,
12.1544,14.3251,11.0169,
12.2021,14.3251,11.0169,
12.1544,14.2691,10.9735,
12.1544,14.2133,10.9303,
12.1544,14.1578,10.8872,
12.1069,14.1025,10.8443,
11.5954,13.5086,10.3408,
10.8443,12.5904,9.5466,
10.8015,12.5412,9.5083,
10.8015,12.4922,9.5083,
10.7589,12.3948,9.3941,
10.7589,12.3463,9.3186,
10.7164,12.25,9.3186,
10.7164,12.1544,9.2811,
11.0605,12.5412,9.6236,
10.8443,12.2021,9.3941,
10.8872,12.2021,9.3941,
11.6869,12.9906,10.1371,
11.7329,12.9906,10.0968,
11.5046,12.6893,9.8973,
11.2362,12.3463,9.6623,
11.0605,12.0595,9.4701,
10.9303,11.8718,9.3563,
10.8443,11.7329,9.2064,
10.8015,11.5046,9.1692,
10.7164,11.192,9.0217,
10.6741,10.9735,9.0217,
10.6741,10.7164,8.9487,
10.5899,10.548,8.9123,
10.5899,10.4232,8.8761,
10.548,10.3819,8.8761,
10.5899,10.3408,8.84,
11.0169,10.6741,9.2064,
11.148,10.8443,9.3563,
10.8015,10.4232,9.0217,
10.6319,10.2589,8.84,
10.5063,10.0968,8.7324,
10.4647,10.0566,8.7324,
10.4647,10.0566,8.6968,
10.4232,10.0166,8.6612,
10.4232,9.9767,8.6612,
10.4232,9.9767,8.6612,
10.4232,9.9767,8.6258,
10.4232,9.9767,8.6968,
10.4232,9.9767,8.6612,
10.4232,10.0166,8.6612,
10.4647,10.0968,8.6612,
10.4647,10.1775,8.6968,
10.4647,10.2181,8.6968,
10.4647,10.3408,8.6968,
10.4647,10.5063,8.7324,
10.4647,10.7589,8.84,
10.5063,11.192,8.9123,
10.5063,11.4595,9.0217,
10.548,11.6411,9.1692,
10.548,11.8718,9.3186,
10.5899,12.1544,9.7011,
10.5899,12.4922,9.9369,
10.5899,12.6397,10.0968,
10.6319,12.8391,10.2589,
10.6319,13.0415,10.4647,
10.6319,13.2471,10.6741,
10.6741,13.5086,10.8015,
10.6319,13.668,10.9735,
10.6741,13.7753,11.1042,
10.6319,13.9379,11.3697,
10.6741,14.2133,11.6869,
10.6741,14.5512,11.9185,
10.6741,14.8975,12.1544,
10.7164,15.1927,12.4434,
10.7589,15.4334,12.6893,
10.7589,15.6166,12.9906,
10.7589,15.8021,13.1954,
10.8015,16.0532,13.5086,
10.8443,16.1804,13.7753,
10.8443,16.3732,13.9926,
10.8872,16.6343,14.2691,
10.8443,16.7003,14.4377,
10.8872,16.8331,14.6084,
10.8443,16.9672,14.7811,
10.8872,17.1705,14.9561,
10.8872,17.2388,15.1332,
10.8872,17.3765,15.2525,
10.8872,17.5154,15.3126,
10.8872,17.6556,15.4942,
10.9303,17.7262,15.4942,
10.8872,17.7971,15.4942,
10.8872,17.9399,15.6781,
10.8872,18.0117,15.6781,
10.9303,18.0117,15.74,
10.9303,18.1565,15.74,
10.9303,18.1565,15.74,
10.9303,18.1565,15.8021,
10.9303,18.1565,15.8021,
10.8872,18.1565,15.8021,
10.9303,18.1565,15.74,
10.8872,18.1565,15.8021,
10.8872,18.1565,15.8021,
10.9303,18.1565,15.74,
10.8872,18.1565,15.74,
10.9303,18.1565,15.6781,
10.9303,18.0839,15.6781,
10.9303,18.1565,15.6781,
10.9303,18.0839,15.6781,
