11.325,17.7971,14.8975,
11.325,17.7971,14.8975,
11.325,17.7971,14.9561,
11.2806,17.7262,14.8392,
11.2362,17.6556,14.8392,
11.2362,17.6556,14.7811,
11.2806,17.7262,14.7811,
11.2806,17.7262,14.8392,
11.2806,17.6556,14.7811,
11.2806,17.6556,14.7811,
11.2806,17.6556,14.7811,
11.2806,17.5854,14.7811,
11.325,17.6556,14.7233,
11.2806,17.6556,14.7233,
11.2806,17.5854,14.6657,
11.2806,17.5854,14.6657,
11.2806,17.5854,14.6084,
11.2362,17.5154,14.4943,
11.2362,17.4458,14.4377,
11.192,17.3075,14.3251,
11.192,17.2388,14.2133,
11.192,17.1705,14.1578,
11.2362,17.2388,14.1578,
11.2806,17.1705,14.1025,
11.2362,17.1024,14.0474,
11.2806,17.1024,14.0474,
11.325,17.1024,13.9926,
11.3697,17.1024,13.9926,
11.3697,17.0346,13.8835,
11.3697,16.9672,13.7753,
11.3697,16.9,13.668,
11.3697,16.9,13.5615,
11.3697,16.8331,13.4034,
11.4145,16.7666,13.299,
11.4145,16.7666,13.1954,
11.5046,16.7003,13.1439,
11.55,16.7003,12.9906,
11.55,16.6343,12.8894,
11.6411,16.7003,12.9399,
11.6411,16.5686,12.7889,
11.7329,16.5686,12.6893,
11.6869,16.438,12.5904,
11.6411,16.3086,12.4434,
11.6411,16.2444,12.3463,
11.5954,16.1804,12.2981,
11.6411,16.1804,12.25,
11.5954,16.0532,12.1544,
11.6869,16.0532,12.1069,
11.6411,15.99,11.9653,
11.2362,15.4942,11.55,
11.1042,15.1927,11.2806,
11.0605,15.0149,11.192,
10.9303,14.7811,10.9735,
10.9735,14.6657,10.8872,
10.9735,14.4943,10.7589,
10.9303,14.3251,10.6741,
10.9303,14.2133,10.6319,
10.9735,14.1578,10.548,
10.9735,13.9926,10.4232,
10.9303,13.9379,10.4232,
10.9735,13.8835,10.3819,
11.0169,13.8293,10.3819,
11.0169,13.668,10.2589,
11.0169,13.5615,10.1775,
11.0605,13.5086,10.1775,
11.2806,13.6147,10.3819,
11.192,13.0415,10.1775,
11.2362,12.5904,10.1371,
11.192,13.1439,10.0566,
11.4145,13.4034,10.2181,
12.1544,13.9379,10.8015,
10.9735,12.6397,9.6623,
10.8015,12.5412,9.5466,
10.9303,12.5904,9.5466,
10.8443,12.4434,9.5083,
10.8443,12.3463,9.3941,
10.8443,12.25,9.3563,
10.8015,12.1069,9.2437,
10.7589,12.0595,9.2064,
10.8015,11.9653,9.2064,
10.8015,11.8718,9.1321,
11.0169,11.779,9.3186,
13.1954,14.2691,11.5046,
12.2981,13.1954,10.548,
11.5046,12.3948,9.7792,
12.3463,13.1439,10.4647,
10.7589,11.5046,9.0584,
11.8253,12.5412,10.0166,
11.5046,12.1069,9.6623,
11.5954,12.1544,9.7401,
12.1544,12.739,10.2589,
12.4434,12.9399,10.5063,
11.2362,11.6869,9.3563,
10.8443,11.2362,8.9851,
10.7164,11.0605,8.8761,
10.7589,11.1042,8.9123,
10.6741,11.0169,8.84,
10.6741,10.9735,8.84,
10.6741,11.0169,8.804,
10.6741,11.0169,8.84,
10.6319,11.0169,8.8761,
10.6741,11.1042,8.7682,
10.5899,11.148,8.7682,
10.6319,11.148,8.84,
10.6741,11.2806,8.804,
10.6319,11.3697,8.84,
10.7589,11.779,9.0217,
10.7589,11.8253,9.1321,
11.1042,12.4434,9.585,
10.7589,12.6893,9.3563,
10.7589,13.1954,9.7011,
10.8872,13.6147,10.2181,
10.9303,14.0474,10.5899,
10.8443,14.1578,10.7164,
10.8443,14.3251,10.8872,
10.8443,14.5512,11.0605,
10.8015,14.8392,11.2806,
10.8872,15.0149,11.55,
10.9735,15.3126,11.779,
11.0169,15.3728,11.8718,
11.1042,15.6166,12.0595,
10.9303,15.6166,12.0123,
10.8872,15.6781,12.1544,
10.8872,15.6781,12.25,
10.8872,15.6166,12.3463,
10.8872,15.6781,12.4434,
10.8872,15.9271,12.5412,
10.8872,16.0532,12.6397,
10.8443,16.0532,12.739,
10.8872,16.1804,12.8894,
10.8872,16.1804,12.9906,
10.8872,16.2444,13.0926,
11.0169,16.5032,13.299,
11.0169,16.5686,13.4559,
10.9303,16.5032,13.4559,
11.0169,16.7003,13.7216,
11.0605,16.8331,13.8293,
11.1042,16.9,13.9926,
11.148,17.0346,14.1025,
11.2362,17.1705,14.2691,
11.2362,17.2388,14.2691,
11.2362,17.2388,14.3251,
11.192,17.2388,14.3812,
11.2806,17.3765,14.5512,
11.6411,17.8683,15.0149,
11.779,18.1565,15.1927,
11.55,17.7971,15.0149,
11.4595,17.7971,15.0149,
11.5954,18.0117,15.1332,
11.6411,18.2293,15.3126,
11.6869,18.3026,15.3728,
11.4595,18.0839,15.1927,
11.4595,18.0839,15.1927,
11.2362,17.8683,15.0149,
11.2362,17.7971,15.0149,
11.2362,17.7971,15.0149,
11.192,17.7971,14.9561,
11.148,17.7971,14.9561,
11.148,17.7262,14.9561,
11.148,17.7971,15.0149,
11.1042,17.7971,15.0149,
11.148,17.7971,14.9561,
11.1042,17.7971,14.9561,
11.1042,17.7262,14.8975,
11.1042,17.7971,14.8975,
11.1042,17.7262,14.8975,
11.1042,17.7262,14.8975,
11.1042,17.7262,14.8975,
11.1042,17.7262,14.8392,
11.1042,17.7262,14.8392,
