537,438,495,
537,437,495,
535,436,494,
537,437,494,
538,438,495,
539,438,495,
538,438,495,
534,435,494,
537,437,494,
537,437,496,
540,438,495,
536,436,495,
536,437,494,
537,436,494,
537,438,495,
539,439,496,
536,437,494,
535,437,495,
536,438,494,
538,438,494,
540,438,496,
536,437,494,
535,437,494,
537,437,495,
537,437,495,
540,440,496,
536,437,494,
535,437,495,
537,437,495,
539,439,496,
538,438,495,
535,436,494,
535,438,495,
537,437,495,
538,439,496,
538,439,495,
534,436,494,
536,437,495,
536,438,495,
539,439,495,
539,440,495,
537,439,494,
537,440,495,
538,441,495,
541,444,497,
539,446,497,
499,446,498,
521,448,500,
539,449,502,
541,452,503,
539,451,504,
538,452,505,
539,456,508,
535,454,507,
533,454,508,
539,460,518,
530,458,517,
536,463,522,
538,465,529,
506,436,499,
490,432,495,
525,460,526,
543,480,548,
546,482,552,
497,438,500,
486,433,501,
531,472,537,
505,461,529,
537,486,552,
516,465,527,
523,477,525,
490,449,514,
490,449,515,
514,470,518,
503,462,531,
492,450,507,
489,451,514,
522,485,555,
505,466,536,
541,500,573,
550,507,582,
510,471,538,
518,479,545,
518,479,539,
505,467,531,
499,462,465,
510,473,536,
540,498,569,
558,515,588,
500,469,532,
508,471,539,
525,485,556,
528,488,558,
556,514,587,
558,515,591,
557,516,590,
557,515,588,
516,478,548,
506,467,531,
518,477,545,
532,492,561,
513,475,541,
535,494,564,
528,487,556,
521,481,550,
530,490,558,
543,502,573,
548,506,576,
547,504,575,
543,501,572,
547,505,575,
538,499,565,
540,498,564,
536,496,560,
534,492,557,
533,491,554,
530,489,550,
537,494,552,
540,494,557,
540,488,547,
535,481,541,
536,478,537,
539,475,532,
545,477,532,
540,470,521,
541,467,515,
539,463,510,
543,463,509,
542,459,504,
540,454,501,
541,453,498,
541,454,499,
541,452,495,
522,434,477,
532,443,485,
535,446,487,
535,444,486,
536,443,485,
534,441,483,
537,443,485,
538,442,486,
539,442,487,
540,441,485,
539,438,483,
538,438,483,
540,438,484,
541,438,485,
542,437,485,
539,435,483,
541,435,483,
541,435,484,
542,437,484,
542,436,484,
538,434,483,
539,434,484,
538,433,483,
539,434,483,
535,431,482,
530,428,478,
531,428,477,
531,427,478,
534,429,481,
530,427,477,
532,430,481,
537,433,484,
540,436,487,
542,436,487,
537,434,486,
539,436,487,
541,436,488,
542,438,489,
543,437,490,
541,437,488,
541,437,489,
542,437,489,
