535,429,472,
536,430,472,
534,429,472,
533,429,472,
535,428,474,
534,429,472,
537,430,474,
535,429,472,
532,428,472,
534,428,472,
535,429,472,
537,431,473,
534,429,472,
533,428,472,
534,430,472,
535,429,472,
537,431,474,
536,429,472,
532,429,472,
536,428,472,
535,429,473,
537,431,474,
534,429,472,
534,429,473,
535,429,472,
536,431,475,
538,432,474,
535,429,473,
535,430,475,
536,432,475,
538,434,476,
538,434,476,
536,431,475,
536,434,477,
537,436,478,
539,438,479,
538,438,479,
534,436,479,
531,435,477,
528,434,477,
529,437,481,
529,437,484,
529,438,488,
530,441,493,
531,440,495,
536,443,503,
537,445,508,
528,449,513,
529,452,518,
537,451,520,
535,448,519,
544,459,522,
542,459,534,
544,462,536,
542,461,537,
550,467,545,
548,467,546,
549,471,547,
549,475,556,
552,480,559,
552,482,561,
553,485,567,
551,489,570,
554,494,575,
554,496,573,
553,497,571,
491,449,520,
510,464,534,
507,460,531,
529,481,541,
531,476,547,
525,478,543,
515,473,545,
526,478,550,
504,460,537,
539,492,563,
539,493,564,
537,491,564,
526,481,551,
525,480,536,
523,478,547,
520,477,506,
519,476,544,
531,485,558,
536,488,562,
530,483,555,
528,483,556,
530,482,555,
527,482,554,
526,479,552,
515,471,541,
502,459,527,
508,464,533,
507,464,531,
511,466,535,
508,465,534,
508,465,534,
507,466,532,
510,467,536,
511,467,535,
507,465,532,
506,462,530,
503,460,525,
512,468,536,
507,464,530,
509,464,530,
503,461,527,
511,465,530,
528,481,550,
505,462,526,
514,469,531,
545,495,559,
526,474,534,
522,468,532,
536,479,539,
537,479,546,
519,458,524,
507,443,447,
544,472,537,
544,469,534,
539,463,528,
538,460,518,
536,456,518,
538,455,512,
536,451,502,
535,449,504,
534,446,501,
534,444,492,
514,425,475,
497,412,457,
489,409,452,
526,433,478,
530,435,478,
530,432,474,
531,432,474,
531,430,473,
533,432,473,
535,433,473,
537,433,477,
512,429,472,
533,430,470,
532,430,469,
535,430,467,
534,428,465,
532,426,463,
533,426,465,
531,422,463,
529,422,462,
531,423,463,
530,422,463,
531,424,464,
524,417,457,
525,417,457,
523,416,454,
520,415,452,
521,415,454,
515,410,449,
518,412,450,
522,416,455,
522,416,457,
522,416,455,
522,416,456,
513,406,445,
520,414,454,
524,419,458,
526,420,460,
