515,417,469,
511,415,466,
509,412,464,
509,414,465,
510,414,465,
510,414,467,
511,414,466,
512,415,469,
515,417,469,
515,418,469,
513,416,470,
515,418,471,
518,419,473,
520,421,475,
522,423,476,
520,422,476,
522,425,478,
524,425,480,
528,426,481,
527,426,480,
523,425,478,
525,425,480,
524,424,478,
522,422,477,
515,418,471,
509,412,467,
505,408,461,
495,401,453,
506,408,462,
511,414,468,
524,423,480,
527,427,483,
528,430,485,
530,432,487,
528,434,489,
532,438,495,
533,441,499,
534,443,502,
540,447,509,
542,450,516,
542,454,522,
540,456,526,
544,459,530,
543,460,534,
522,463,537,
534,467,543,
540,467,543,
541,471,545,
547,477,551,
542,478,552,
537,481,554,
543,486,559,
543,486,561,
563,492,569,
496,460,537,
531,487,561,
545,495,570,
575,493,565,
537,482,528,
494,478,514,
501,463,531,
537,494,522,
561,494,554,
532,491,560,
529,490,561,
530,489,557,
523,482,529,
516,475,542,
514,473,493,
511,472,540,
527,486,544,
521,482,538,
527,485,553,
520,479,549,
535,493,564,
543,501,572,
544,500,572,
544,501,572,
530,489,558,
526,485,553,
523,482,549,
536,493,563,
538,494,562,
540,498,567,
509,469,534,
502,465,530,
513,472,538,
510,468,532,
515,473,541,
521,480,549,
522,480,548,
526,484,550,
529,487,555,
521,484,550,
517,483,547,
534,500,563,
515,482,541,
538,500,560,
501,465,522,
488,450,501,
499,454,507,
529,466,518,
518,465,515,
538,480,531,
538,474,520,
537,466,514,
542,466,511,
541,460,503,
539,454,498,
522,439,480,
541,451,492,
541,450,489,
538,445,486,
538,444,484,
537,444,482,
488,402,437,
511,421,459,
525,430,471,
524,429,469,
530,434,474,
537,438,479,
537,438,479,
529,430,471,
521,422,462,
519,421,461,
524,424,464,
521,421,462,
528,428,468,
530,429,470,
532,428,470,
532,429,471,
530,427,469,
527,425,467,
528,426,467,
529,427,467,
530,428,470,
530,427,470,
529,428,471,
531,429,470,
532,429,470,
534,431,472,
531,428,471,
529,428,471,
530,429,471,
531,430,473,
534,431,474,
532,430,473,
531,430,473,
