510,421,479,
510,421,479,
511,421,478,
506,417,476,
503,415,473,
503,415,473,
503,416,472,
506,416,472,
502,412,471,
498,411,468,
501,413,470,
503,414,473,
507,418,475,
506,416,474,
503,416,473,
506,415,473,
506,417,474,
508,418,476,
506,416,476,
504,415,473,
505,416,475,
508,419,475,
508,417,475,
505,416,474,
504,416,474,
506,417,474,
506,418,475,
508,418,476,
504,416,473,
502,414,473,
507,418,475,
511,421,478,
534,440,500,
510,422,477,
513,426,479,
529,442,493,
530,444,493,
533,448,495,
535,454,501,
538,458,506,
535,457,505,
531,456,503,
532,456,504,
511,440,487,
499,428,474,
506,440,488,
508,442,488,
508,441,488,
544,477,530,
531,467,518,
519,457,509,
539,476,536,
512,452,506,
503,446,501,
514,456,512,
518,459,517,
518,460,517,
538,481,546,
552,495,544,
554,497,561,
548,493,554,
526,474,536,
559,505,571,
549,496,562,
559,506,574,
562,510,577,
562,510,576,
559,508,575,
558,507,574,
558,506,573,
555,505,570,
552,501,565,
541,491,555,
538,489,552,
555,504,568,
555,505,569,
548,499,562,
555,504,569,
556,506,571,
558,507,571,
552,502,565,
547,496,560,
547,496,559,
549,498,561,
552,501,564,
563,511,575,
562,509,573,
561,509,573,
562,509,573,
538,486,538,
558,506,566,
549,503,563,
546,502,561,
556,515,573,
553,512,570,
499,465,516,
523,494,544,
534,507,559,
534,505,556,
538,500,553,
533,486,540,
535,479,539,
533,473,532,
533,466,527,
529,458,518,
532,456,516,
529,451,509,
527,447,505,
517,435,492,
521,437,495,
527,440,500,
524,435,494,
529,437,495,
529,436,495,
532,437,495,
531,434,492,
528,432,492,
521,425,484,
517,421,480,
518,422,480,
516,419,476,
515,418,477,
518,419,479,
520,423,481,
518,419,478,
522,423,484,
524,425,485,
526,428,486,
527,428,487,
528,428,488,
525,427,486,
526,427,487,
527,427,487,
527,429,488,
525,427,486,
520,423,482,
519,422,481,
519,423,481,
521,424,481,
519,423,480,
516,421,479,
518,422,480,
519,423,481,
520,425,482,
522,425,483,
521,424,483,
522,425,484,
521,425,482,
520,423,481,
530,430,489,
515,421,478,
515,421,477,
516,420,478,
518,422,479,
515,421,478,
514,422,477,
515,422,478,
517,422,479,
517,421,478,
514,420,476,
514,420,477,
514,421,478,
517,423,479,
516,422,478,
515,420,477,
515,421,478,
516,422,478,
517,423,480,
517,423,479,
516,422,478,
