534,438,496,
536,439,497,
536,439,497,
533,437,496,
533,437,497,
534,439,497,
536,440,498,
536,439,497,
533,437,496,
533,438,498,
534,438,497,
537,438,498,
535,438,498,
534,437,497,
534,438,496,
535,438,497,
538,439,499,
536,438,498,
533,437,496,
534,438,497,
535,438,498,
538,439,499,
534,438,497,
532,436,497,
535,438,497,
535,438,498,
538,440,499,
534,438,497,
533,438,497,
534,439,497,
535,439,498,
536,439,497,
533,438,496,
534,438,497,
534,438,498,
536,440,498,
538,439,498,
533,437,497,
534,438,497,
535,438,498,
537,440,498,
536,439,498,
533,436,497,
533,439,497,
535,438,498,
537,440,499,
537,440,498,
533,438,498,
535,440,498,
535,441,499,
539,444,500,
537,444,501,
535,444,500,
536,447,503,
537,447,506,
539,450,508,
537,450,508,
535,450,510,
535,450,510,
538,455,516,
538,455,519,
532,451,516,
510,430,495,
537,460,530,
511,440,506,
549,472,542,
522,462,531,
478,424,491,
502,447,512,
511,438,500,
509,458,526,
467,444,512,
496,451,504,
521,476,529,
540,493,567,
524,478,547,
495,460,527,
525,483,555,
520,477,549,
550,484,557,
548,477,548,
539,492,567,
517,474,543,
520,476,546,
558,511,585,
561,514,589,
555,508,584,
555,509,584,
557,510,584,
559,513,586,
556,509,585,
555,510,584,
556,510,586,
557,511,586,
559,512,587,
557,511,586,
556,511,585,
558,510,586,
558,511,586,
559,512,584,
557,510,583,
556,511,582,
557,511,585,
557,512,585,
559,512,585,
556,510,584,
557,511,584,
557,511,585,
558,512,586,
558,512,584,
555,511,577,
553,512,585,
551,513,585,
549,513,585,
545,514,585,
538,510,583,
535,510,583,
533,508,580,
538,510,581,
530,498,568,
534,498,566,
537,495,561,
523,474,536,
492,454,521,
536,466,533,
532,459,523,
533,456,519,
534,454,516,
536,454,514,
532,448,505,
530,443,498,
531,445,496,
531,443,494,
532,442,492,
525,440,490,
526,440,488,
530,437,485,
532,437,486,
533,437,484,
530,434,482,
530,433,483,
531,433,483,
533,434,483,
533,433,482,
531,431,480,
532,430,482,
532,431,482,
533,433,482,
534,433,484,
530,431,482,
532,433,483,
532,432,484,
535,435,485,
534,433,484,
530,431,484,
531,432,484,
533,433,484,
534,435,487,
533,432,485,
532,432,486,
532,433,486,
534,433,487,
536,434,488,
534,435,488,
532,432,486,
532,433,488,
534,434,488,
535,435,489,
533,433,487,
532,433,487,
533,434,487,
533,434,488,
535,435,488,
531,433,487,
531,433,487,
532,434,488,
533,434,488,
534,435,489,
532,433,487,
532,435,488,
532,435,488,
533,434,488,
535,436,489,
532,435,488,
533,436,489,
