486,525,476,
491,526,482,
497,524,475,
491,527,473,
489,524,485,
491,522,482,
494,530,480,
489,529,483,
493,518,477,
495,519,473,
492,526,478,
488,532,485,
493,528,483,
496,528,476,
492,511,473,
485,513,479,
487,529,483,
493,526,472,
496,517,476,
490,519,473,
494,505,474,
490,495,478,
490,500,487,
491,499,480,
492,492,475,
500,487,478,
496,488,473,
495,477,479,
491,477,481,
490,473,486,
489,472,489,
494,469,471,
482,463,469,
489,452,479,
494,458,485,
493,468,480,
498,460,479,
494,448,474,
491,454,480,
495,443,475,
494,451,479,
497,440,478,
488,430,478,
486,436,482,
491,430,481,
490,439,485,
488,436,482,
494,425,470,
492,427,471,
486,420,479,
492,422,480,
490,428,474,
489,427,476,
496,418,474,
496,430,473,
492,419,484,
488,415,474,
489,423,471,
485,427,465,
489,417,459,
495,423,455,
483,429,465,
484,423,459,
487,438,451,
493,437,445,
489,428,457,
485,439,459,
483,438,467,
484,448,478,
483,450,477,
487,449,472,
488,447,476,
484,451,484,
493,454,473,
487,464,475,
495,469,478,
494,463,472,
483,474,472,
485,476,480,
494,483,473,
490,485,482,
489,489,477,
489,495,473,
484,493,471,
490,493,482,
484,499,487,
482,499,484,
488,500,477,
481,508,480,
488,504,482,
487,514,482,
488,512,478,
490,513,477,
490,513,472,
489,512,481,
496,515,480,
485,519,485,
485,516,477,
488,524,475,
490,524,486,
494,516,480,
494,523,475,
490,526,480,
485,520,482,
489,526,485,
488,523,480,
494,520,472,
494,521,475,
489,528,488,
486,523,486,
493,526,473,
