492,514,459,
492,513,458,
492,513,457,
492,513,458,
492,514,458,
492,514,459,
492,513,458,
492,513,458,
492,513,458,
492,514,458,
492,513,458,
493,514,458,
492,513,458,
493,514,458,
493,514,458,
492,514,458,
492,513,458,
492,513,458,
492,513,459,
492,513,458,
493,512,458,
492,511,459,
492,511,458,
493,510,459,
493,507,459,
492,501,459,
493,494,459,
492,491,459,
493,487,459,
493,482,459,
493,474,459,
493,468,460,
493,464,460,
493,461,460,
493,458,460,
493,455,460,
494,452,461,
493,448,460,
493,445,460,
493,442,459,
491,438,457,
489,434,457,
491,432,457,
493,432,459,
494,432,460,
494,430,461,
495,429,461,
495,428,462,
497,427,463,
497,425,463,
498,424,464,
498,423,464,
498,421,464,
498,420,464,
498,419,464,
498,418,463,
498,419,464,
498,418,464,
499,419,464,
499,420,464,
499,420,464,
499,421,465,
500,422,464,
500,425,465,
500,425,465,
500,428,465,
500,429,465,
500,432,466,
500,433,466,
500,435,466,
500,438,466,
500,441,466,
500,443,466,
500,445,466,
500,447,466,
500,450,466,
500,454,466,
500,457,466,
500,459,467,
500,461,467,
500,464,466,
500,467,466,
500,470,466,
500,472,466,
500,474,466,
500,476,466,
500,479,466,
500,481,466,
500,483,466,
500,485,466,
499,487,465,
500,490,465,
499,492,465,
499,494,465,
499,495,464,
498,497,464,
499,499,464,
498,501,464,
497,503,463,
497,504,463,
497,505,463,
497,506,462,
496,507,463,
496,507,462,
495,507,461,
494,507,461,
494,508,460,
494,508,460,
493,507,459,
494,508,459,
493,508,459,
493,508,458,
494,510,460,
495,511,460,
495,512,461,
496,513,461,
496,513,461,
496,513,461,
496,513,461,
495,513,462,
496,514,461,
495,514,462,
496,513,461,
495,513,460,
495,513,461,
495,512,461,
495,514,461,
495,513,461,
495,513,461,
