474,481,435,
473,480,434,
471,479,433,
469,477,431,
473,480,434,
471,477,431,
471,478,433,
471,478,433,
472,479,433,
472,479,433,
473,479,433,
473,479,433,
472,479,434,
472,478,433,
473,478,434,
473,475,434,
473,473,435,
474,469,436,
474,463,436,
483,463,445,
472,443,435,
473,436,434,
475,432,441,
472,426,438,
469,419,434,
467,413,432,
464,409,429,
467,409,430,
466,407,430,
466,404,431,
467,403,431,
466,401,430,
467,399,430,
468,398,431,
468,397,431,
469,395,430,
467,395,432,
468,395,431,
468,396,432,
468,396,431,
468,397,432,
467,395,431,
468,397,431,
469,397,431,
468,398,431,
469,401,432,
469,403,432,
470,407,432,
470,410,433,
470,414,432,
471,417,432,
470,420,433,
471,423,433,
471,424,433,
471,426,434,
471,428,433,
471,429,433,
471,431,433,
471,433,432,
471,435,433,
471,436,433,
471,438,433,
471,441,434,
470,445,435,
470,446,432,
469,450,432,
470,453,434,
469,456,432,
469,458,432,
469,461,434,
472,466,437,
489,484,452,
503,499,467,
502,498,464,
491,489,456,
504,503,469,
504,503,469,
504,503,468,
503,503,469,
502,503,467,
494,496,461,
486,487,448,
471,473,432,
471,473,433,
474,476,435,
475,478,437,
475,478,437,
476,478,437,
475,478,437,
476,479,437,
