492,502,454,
492,502,455,
491,502,455,
491,502,455,
492,503,455,
492,502,455,
491,502,455,
492,502,455,
491,502,455,
492,502,455,
492,503,455,
492,502,455,
492,501,455,
492,499,455,
492,495,455,
492,490,455,
492,484,455,
492,475,456,
492,467,455,
492,461,454,
492,458,455,
491,453,455,
492,450,454,
492,446,454,
491,443,454,
491,442,454,
491,438,454,
491,437,454,
491,435,454,
491,435,454,
491,433,454,
491,430,454,
491,430,454,
490,428,454,
490,429,454,
491,428,453,
491,427,454,
491,426,454,
491,427,454,
492,426,454,
492,427,454,
492,427,454,
492,429,455,
491,431,455,
491,433,455,
491,435,455,
491,438,455,
491,440,456,
491,443,456,
492,445,456,
492,446,455,
492,449,456,
492,452,456,
491,454,457,
492,458,456,
492,461,456,
492,464,456,
492,468,456,
492,470,455,
492,473,456,
492,476,457,
493,478,456,
492,480,455,
492,482,456,
492,484,456,
492,485,456,
492,487,456,
493,489,456,
492,491,457,
493,492,456,
492,493,456,
492,494,456,
493,495,456,
493,496,456,
492,498,457,
493,498,456,
493,500,457,
493,500,456,
493,501,456,
492,501,457,
493,502,455,
493,502,456,
493,503,456,
