454,457,418,
452,455,416,
453,456,417,
451,453,415,
450,453,415,
449,453,415,
450,452,414,
449,452,413,
449,451,414,
449,450,413,
450,449,414,
451,442,414,
451,437,414,
484,467,446,
500,480,467,
459,436,429,
450,425,420,
450,420,419,
450,415,421,
455,416,424,
451,410,444,
451,406,422,
452,403,419,
452,399,415,
451,396,414,
453,396,416,
453,392,418,
452,390,417,
464,398,429,
458,393,423,
455,390,421,
454,387,419,
454,385,418,
452,383,417,
452,382,415,
451,381,415,
452,381,415,
465,392,427,
465,392,427,
485,410,446,
501,424,460,
499,423,458,
495,420,454,
487,414,448,
484,414,445,
491,423,451,
491,426,451,
492,429,452,
492,432,452,
492,434,452,
492,435,452,
493,438,453,
492,441,452,
481,433,442,
485,439,445,
481,438,443,
483,443,443,
479,441,439,
483,448,445,
489,455,449,
475,445,436,
473,444,435,
470,444,432,
466,443,429,
466,444,427,
465,446,429,
465,448,428,
465,450,428,
465,452,428,
503,490,464,
506,496,466,
506,497,466,
506,498,466,
506,499,465,
503,498,464,
504,499,464,
502,498,462,
496,493,456,
500,497,460,
504,502,464,
485,483,446,
464,463,428,
463,464,429,
462,463,428,
464,465,429,
463,465,429,
462,464,427,
460,461,425,
457,459,423,
457,459,425,
459,462,425,
457,459,423,
458,461,424,
