488,511,454,
487,510,454,
488,511,454,
487,510,453,
488,511,454,
488,511,454,
487,511,454,
487,511,454,
487,510,454,
487,511,454,
488,510,454,
488,508,455,
489,506,455,
489,504,456,
491,501,457,
493,497,460,
495,492,462,
495,486,462,
496,481,463,
496,480,463,
496,477,462,
496,474,463,
496,470,464,
497,466,464,
496,462,463,
495,457,462,
494,454,461,
493,449,460,
493,445,459,
495,445,461,
496,444,462,
490,437,457,
491,435,458,
490,432,456,
490,431,457,
490,429,457,
490,427,456,
490,426,456,
489,424,456,
489,422,455,
489,421,455,
488,420,455,
488,418,455,
488,416,454,
488,415,454,
488,414,454,
487,414,454,
488,413,454,
487,413,454,
487,412,454,
487,413,454,
488,412,454,
488,413,454,
487,415,454,
487,418,454,
487,421,454,
487,423,454,
488,426,455,
487,429,454,
487,429,455,
487,432,455,
488,435,455,
488,437,456,
488,439,455,
488,440,456,
489,443,456,
489,445,457,
490,448,457,
489,450,457,
489,451,457,
489,452,456,
488,453,456,
488,455,455,
487,456,456,
487,458,455,
488,460,456,
487,462,455,
487,464,455,
488,466,455,
488,467,455,
487,469,455,
487,470,455,
487,472,455,
486,473,454,
486,476,455,
486,477,454,
486,479,455,
486,481,454,
486,482,454,
486,484,454,
486,486,454,
486,486,454,
487,488,454,
486,489,455,
486,490,454,
486,491,454,
486,491,455,
486,492,454,
487,493,454,
487,495,454,
487,495,455,
488,496,455,
487,497,455,
487,497,455,
488,499,455,
488,500,456,
488,500,457,
489,501,456,
489,502,456,
489,503,456,
490,504,457,
490,505,457,
490,506,457,
490,507,457,
490,507,457,
490,508,457,
490,508,457,
490,508,457,
490,508,458,
490,509,457,
490,509,457,
490,509,457,
490,509,457,
490,509,457,
490,509,457,
