442,474,408,
443,475,408,
441,474,407,
441,474,407,
443,475,408,
444,476,409,
444,475,409,
454,487,419,
450,482,415,
454,486,420,
453,485,419,
458,489,423,
461,489,424,
464,489,430,
464,476,431,
453,455,422,
440,433,408,
438,425,406,
438,421,406,
439,416,407,
439,413,407,
439,409,407,
438,406,408,
439,404,407,
439,400,408,
440,398,407,
439,396,408,
439,393,408,
440,392,408,
440,390,409,
440,387,408,
439,387,408,
438,384,407,
439,382,409,
438,380,407,
438,380,407,
439,380,408,
437,379,407,
438,379,407,
433,375,402,
445,385,414,
447,387,415,
436,377,405,
432,373,400,
458,401,426,
440,391,410,
435,390,407,
437,395,407,
445,408,414,
434,404,406,
420,393,391,
430,407,400,
424,405,394,
427,411,397,
427,415,397,
425,418,396,
429,427,401,
425,425,395,
408,410,379,
422,427,392,
422,430,392,
430,441,399,
448,463,416,
434,448,400,
429,449,404,
446,469,415,
453,477,421,
447,473,416,
443,469,409,
440,468,408,
441,470,411,
441,471,410,
441,470,410,
438,467,408,
430,459,399,
428,456,397,
424,452,394,
440,470,409,
436,466,405,
446,475,415,
447,477,415,
447,478,415,
447,478,416,
