498,500,459,
498,500,459,
498,500,459,
498,501,459,
498,501,459,
498,500,459,
498,500,458,
498,500,459,
499,500,459,
498,498,459,
498,495,459,
499,494,460,
498,491,459,
498,488,459,
498,482,459,
499,475,460,
499,466,459,
497,458,458,
496,451,457,
498,450,458,
498,447,458,
500,446,460,
500,441,460,
497,436,458,
496,432,456,
495,430,456,
495,427,455,
495,425,456,
495,423,455,
495,422,455,
497,423,457,
496,420,455,
495,418,455,
494,418,454,
494,417,454,
495,417,454,
493,417,454,
492,416,453,
492,415,453,
492,415,452,
492,415,452,
492,417,453,
492,416,452,
492,419,453,
492,421,452,
492,425,453,
493,429,453,
493,432,454,
493,436,453,
493,440,454,
493,443,453,
493,445,453,
492,448,454,
493,450,454,
493,452,453,
493,454,452,
493,456,453,
493,458,452,
493,459,452,
493,461,453,
493,463,453,
493,465,453,
493,467,453,
493,469,454,
493,471,453,
494,472,453,
499,479,459,
502,484,462,
501,483,460,
495,480,455,
493,480,453,
505,493,464,
496,487,457,
494,487,455,
495,488,455,
495,489,455,
495,490,455,
495,490,456,
495,491,455,
496,493,457,
499,496,459,
500,496,459,
500,497,460,
501,498,461,
501,499,461,
502,500,462,
496,495,456,
505,506,465,
496,498,457,
496,499,457,
496,499,457,
497,500,457,
497,500,456,
497,500,457,
497,501,457,
497,501,457,
497,501,458,
498,501,457,
498,502,458,
498,501,457,
498,502,458,
497,501,458,
497,501,457,
498,502,459,
