513,530,513,
513,525,512,
511,525,511,
512,528,508,
510,527,512,
513,526,512,
514,527,510,
510,528,513,
509,524,515,
511,525,512,
510,526,511,
512,524,509,
513,524,511,
512,517,510,
510,507,512,
507,497,512,
507,484,514,
509,475,508,
506,464,503,
508,455,500,
509,450,501,
507,452,511,
508,450,509,
508,447,511,
505,445,515,
506,440,507,
505,439,519,
505,435,501,
506,437,502,
504,434,499,
502,433,494,
503,427,496,
506,426,502,
502,427,507,
501,423,504,
503,422,499,
502,424,496,
504,419,497,
504,422,499,
500,422,502,
499,422,501,
501,426,500,
500,426,502,
503,424,501,
503,429,499,
499,434,501,
499,436,504,
500,442,508,
501,446,510,
503,448,510,
503,447,513,
499,452,513,
500,459,514,
499,461,510,
501,461,512,
504,468,513,
505,471,510,
503,472,512,
502,478,510,
499,480,509,
499,487,514,
500,490,515,
503,497,515,
504,500,513,
506,505,512,
505,509,512,
502,508,511,
505,513,511,
501,515,504,
500,517,505,
504,517,503,
503,516,502,
502,520,502,
504,520,497,
500,519,488,
504,520,487,
501,521,499,
501,524,500,
501,524,498,
503,524,458,
502,525,495,
501,525,499,
502,522,498,
506,525,489,
502,525,502,
503,523,499,
505,528,497,
503,526,485,
505,524,496,
505,528,491,
504,525,500,
505,526,497,
504,528,497,
502,528,493,
505,525,494,
