498,502,459,
498,503,459,
498,502,458,
498,502,458,
499,502,459,
499,502,459,
498,502,459,
498,502,459,
498,502,459,
498,501,458,
499,502,459,
498,501,458,
499,501,459,
498,499,459,
498,497,458,
499,491,459,
498,485,459,
500,479,459,
500,474,460,
501,468,460,
500,462,460,
500,456,459,
500,452,460,
499,448,459,
499,444,459,
499,442,459,
499,438,458,
499,437,459,
499,434,459,
499,432,459,
499,431,458,
498,430,458,
499,429,458,
499,429,458,
499,427,459,
498,425,458,
499,425,458,
498,424,458,
498,422,458,
499,421,458,
499,420,458,
499,419,458,
498,419,457,
499,419,457,
498,419,457,
499,419,457,
498,419,458,
498,419,457,
498,421,458,
498,422,458,
498,425,457,
498,427,458,
502,432,461,
503,434,462,
502,436,461,
502,438,462,
503,442,461,
502,445,461,
502,447,462,
502,449,461,
502,451,461,
502,453,461,
502,456,461,
502,459,461,
501,459,460,
500,461,459,
498,463,458,
498,464,458,
498,467,457,
498,469,457,
499,471,457,
498,473,458,
498,474,457,
498,475,457,
498,476,458,
498,478,458,
498,479,458,
498,481,458,
499,483,458,
499,484,458,
505,493,465,
510,499,468,
510,500,468,
498,490,457,
498,491,457,
504,498,463,
504,499,463,
497,494,457,
497,495,457,
496,496,457,
496,496,455,
496,497,455,
495,496,455,
494,496,453,
494,497,453,
495,498,454,
494,497,453,
494,498,453,
493,498,453,
494,498,452,
494,498,453,
493,498,453,
493,498,451,
493,498,448,
493,498,452,
493,498,452,
493,498,453,
493,499,453,
