492,520,481,
491,521,482,
489,522,481,
490,520,481,
491,524,482,
491,524,482,
493,521,480,
491,521,481,
489,523,483,
489,520,481,
491,524,482,
489,523,482,
492,524,479,
492,524,480,
490,520,482,
490,517,476,
489,517,482,
490,512,483,
493,507,479,
492,499,480,
488,486,482,
493,473,480,
491,466,481,
494,455,483,
492,453,479,
490,451,476,
489,450,480,
489,444,481,
489,445,482,
490,442,480,
489,445,479,
487,443,475,
486,441,475,
483,442,478,
482,441,478,
484,443,473,
481,443,476,
483,443,475,
483,434,475,
483,435,473,
484,432,475,
485,427,473,
480,425,476,
478,427,474,
480,428,472,
482,424,471,
481,420,472,
482,423,471,
482,418,471,
481,419,470,
481,415,470,
478,414,474,
478,414,472,
477,419,474,
479,417,473,
481,420,472,
482,421,470,
480,419,473,
482,425,473,
480,432,477,
482,435,477,
483,442,473,
481,446,474,
481,446,473,
481,453,474,
481,452,477,
483,457,476,
483,463,476,
481,464,477,
482,463,476,
482,469,476,
481,472,478,
482,475,479,
484,479,475,
483,482,475,
482,482,477,
483,484,477,
481,489,477,
485,492,474,
483,493,478,
483,498,478,
485,498,477,
484,502,478,
485,506,478,
485,505,475,
484,505,477,
483,506,478,
486,513,480,
483,514,480,
485,517,479,
485,517,479,
486,513,476,
484,515,477,
484,519,481,
485,520,480,
485,521,479,
487,521,478,
485,521,479,
483,521,480,
484,522,479,
488,521,478,
486,521,477,
486,521,479,
488,522,480,
486,523,478,
