487,487,448,
487,487,448,
487,487,448,
487,487,448,
487,487,449,
488,487,448,
487,486,448,
487,487,448,
488,487,448,
488,486,449,
488,484,449,
488,477,449,
488,470,450,
488,463,451,
489,457,450,
490,452,451,
490,448,451,
491,445,451,
493,443,453,
493,440,454,
493,439,455,
493,436,454,
496,437,457,
497,436,457,
497,433,457,
496,432,457,
496,431,457,
497,430,457,
497,428,457,
497,427,457,
497,426,457,
497,425,458,
497,424,457,
497,423,458,
497,422,458,
497,422,458,
497,422,458,
497,420,458,
497,420,458,
497,420,458,
497,421,458,
497,420,458,
497,422,458,
498,421,459,
497,422,459,
498,422,458,
497,422,458,
498,423,459,
497,423,457,
498,424,458,
498,426,458,
498,429,457,
498,431,458,
498,433,458,
497,436,458,
497,439,459,
498,441,458,
497,444,458,
498,447,458,
497,450,458,
497,452,458,
498,454,458,
498,456,458,
497,458,458,
497,460,458,
497,463,458,
497,465,458,
498,468,458,
498,470,458,
497,471,458,
497,474,458,
498,476,459,
500,480,460,
498,481,458,
498,483,458,
498,487,459,
497,488,458,
497,490,458,
497,492,457,
497,494,458,
497,494,458,
498,495,458,
497,496,458,
497,497,457,
497,497,457,
498,499,458,
497,498,457,
498,499,457,
498,499,458,
497,499,457,
497,500,457,
497,500,457,
498,500,457,
497,500,457,
497,500,459,
498,500,458,
497,500,457,
