460,472,424,
461,472,423,
460,471,424,
460,471,423,
460,471,422,
460,471,423,
460,471,423,
460,471,424,
460,470,423,
460,470,423,
460,467,423,
460,464,422,
461,462,423,
464,460,426,
464,452,426,
464,442,427,
464,435,427,
467,428,429,
465,423,429,
464,420,430,
465,418,435,
483,431,457,
464,411,451,
464,410,432,
464,409,432,
466,408,436,
470,407,443,
466,403,444,
465,401,442,
464,401,449,
464,399,447,
465,399,435,
464,394,441,
463,393,432,
463,393,429,
463,393,428,
463,393,428,
464,393,427,
465,395,430,
465,395,429,
465,395,429,
465,396,429,
465,397,429,
465,401,429,
465,404,430,
465,406,429,
465,409,429,
465,410,428,
464,413,428,
464,416,429,
466,419,429,
466,422,429,
464,423,428,
465,426,429,
465,428,430,
464,431,431,
464,432,431,
464,435,429,
464,437,431,
466,442,434,
466,445,432,
472,454,439,
477,461,443,
464,452,432,
464,453,430,
462,454,429,
462,456,429,
467,462,432,
483,481,449,
502,500,466,
462,462,429,
463,463,429,
463,465,429,
463,466,429,
464,469,430,
465,470,431,
458,464,424,
465,471,431,
470,478,438,
478,485,440,
477,484,439,
476,484,439,
478,485,439,
478,486,439,
481,489,443,
480,488,442,
