463,493,432,
463,493,431,
463,492,431,
463,493,431,
463,492,431,
463,492,431,
463,493,432,
462,492,431,
463,492,431,
463,493,431,
463,492,432,
463,492,432,
463,491,432,
462,489,433,
463,483,432,
463,478,433,
463,475,433,
464,475,433,
464,473,433,
463,471,434,
464,469,434,
464,466,434,
464,464,433,
464,460,434,
464,457,434,
464,454,434,
464,450,434,
465,447,434,
464,445,435,
464,441,434,
465,438,435,
466,436,436,
466,433,436,
467,433,436,
466,431,436,
467,429,436,
467,427,437,
467,424,436,
465,423,435,
466,421,436,
465,420,435,
465,418,436,
466,418,436,
467,418,437,
467,417,437,
469,416,437,
469,416,438,
469,414,438,
468,414,438,
469,412,437,
468,411,437,
468,409,436,
467,408,437,
467,406,436,
467,406,436,
467,404,436,
466,402,436,
466,402,436,
466,400,435,
466,401,435,
467,400,434,
466,401,435,
466,400,435,
467,400,435,
467,400,435,
467,401,435,
468,401,435,
467,402,435,
468,401,435,
467,403,435,
466,406,436,
466,407,435,
467,410,435,
466,412,435,
466,414,435,
467,416,436,
466,418,435,
466,420,435,
465,422,436,
466,425,435,
466,427,436,
466,430,435,
466,432,434,
466,435,435,
466,435,434,
466,438,434,
465,440,434,
465,444,434,
465,447,434,
465,450,435,
465,453,434,
465,456,434,
465,459,434,
465,461,434,
465,464,433,
465,467,433,
465,468,434,
465,471,434,
465,474,434,
465,476,433,
465,477,433,
465,479,434,
465,480,434,
464,481,433,
464,481,433,
463,481,432,
461,481,431,
457,477,426,
456,477,426,
453,474,423,
453,476,424,
450,472,420,
450,473,421,
447,470,418,
446,470,417,
451,476,423,
454,478,423,
455,480,425,
454,479,424,
457,483,427,
459,485,430,
