15.3728,21.0979,18.2293,
15.3126,21.0112,18.1565,
15.3126,21.0112,18.0839,
15.3126,20.9249,18.0117,
15.3126,21.0112,17.9399,
15.3126,20.9249,17.9399,
15.3126,20.8391,17.8683,
15.3126,20.8391,17.8683,
15.3126,20.8391,17.9399,
15.3126,20.8391,17.7971,
15.1927,20.7537,21.0112,
15.1927,20.6687,20.1676,
15.1332,20.5841,22.1736,
15.1927,20.5,18.0839,
15.1927,19.443,17.5154,
15.1332,17.3075,17.3075,
15.0149,16.1804,17.5854,
15.0149,16.9,16.8331,
14.4377,16.7666,19.2084,
14.7233,15.0149,20.5841,
14.8392,14.2691,21.1851,
14.9561,15.8021,20.8391,
15.0149,18.2293,18.9007,
15.0149,17.3075,15.3126,
14.8975,16.1166,15.0149,
14.7811,16.2444,15.3728,
14.7233,13.9379,19.5219,
15.9271,15.8021,14.7233,
16.438,16.1166,16.5686,
17.1024,15.74,15.6781,
17.5154,16.3732,19.2084,
15.3126,14.2133,14.3812,
15.1927,14.8392,13.668,
15.1332,15.0739,13.4034,
15.0149,14.9561,13.4034,
15.0149,14.1578,13.5086,
14.9561,12.2021,13.7216,
15.0149,15.6166,14.1025,
14.9561,16.9672,14.2691,
14.8392,16.8331,18.5242,
14.7233,17.2388,16.9,
14.7233,14.2691,15.0149,
14.7233,17.7262,15.3126,
14.6657,17.5854,15.3728,
14.6657,16.2444,15.8021,
14.6084,15.2525,15.8021,
14.6657,14.7811,15.74,
14.6657,14.2691,15.8021,
14.6657,18.5988,19.443,
14.7811,18.9007,16.1166,
14.6657,18.9007,17.1705,
14.7233,18.2293,18.5988,
14.6657,18.3761,19.9225,
14.6657,18.6738,19.2084,
14.7233,19.0538,18.5988,
14.7811,18.9771,18.45,
14.7811,19.2084,18.5988,
14.7811,18.9771,18.9771,
14.8392,18.9771,18.5242,
14.8975,18.9771,18.6738,
15.0149,18.6738,18.9007,
15.2525,19.2084,16.9672,
15.5552,19.2084,17.4458,
15.8645,18.9771,18.5242,
16.2444,18.8247,18.3026,
16.3732,18.45,17.3765,
17.1024,18.9007,23.0256,
17.2388,18.0839,21.4492,
15.5552,16.2444,20.0855,
17.8683,17.4458,18.3761,
15.8021,17.3075,17.1024,
14.5512,17.1705,20.7537,
16.6343,16.9672,23.2205,
17.5854,16.8331,17.5154,
17.9399,16.9,21.0979,
17.3075,16.5032,17.1705,
17.4458,15.8021,16.8331,
17.6556,15.4942,18.5988,
19.7611,16.1804,20.7537,
19.8416,15.6166,20.2501,
19.9225,18.2293,21.8984,
19.1309,17.3765,22.3595,
20.4163,16.7003,22.7371,
20.333,15.9271,22.5473,
20.4163,15.6166,22.9289,
17.7262,15.9271,27.7337,
18.0117,16.2444,23.4175,
17.8683,15.8021,22.9289,
