13.8835,13.9926,18.7491,
14.5512,15.3126,19.681,
14.7233,15.6781,19.7611,
14.2691,15.4942,19.443,
14.6657,16.0532,19.8416,
14.6084,16.5686,19.9225,
14.7233,17.5154,20.0855,
14.6084,17.3765,19.9225,
14.6084,17.4458,20.0038,
14.3251,17.0346,19.6013,
14.3812,17.1024,19.681,
14.4377,17.1705,20.9249,
14.3812,17.1705,21.0112,
14.1025,16.5686,20.8391,
14.0474,16.5686,18.3026,
13.9926,16.7003,20.0038,
13.9926,16.7003,17.1024,
14.1578,16.7003,17.1705,
13.9379,16.3732,16.8331,
14.6084,17.1705,19.2862,
14.5512,13.1954,18.3026,
14.4377,15.4942,20.7537,
14.3812,13.7753,21.1851,
14.4377,12.5904,16.5032,
14.4943,19.6013,21.5381,
14.3251,19.2862,23.9195,
14.4377,18.3026,20.333,
14.4943,17.3075,14.8392,
14.4377,16.0532,18.1565,
14.3812,12.9399,16.9,
14.2133,11.7329,14.4377,
14.2691,14.3812,16.5686,
14.0474,12.6893,15.6781,
13.9926,15.1332,16.0532,
13.9379,12.8391,18.2293,
13.5615,14.2133,12.5904,
13.4559,13.9926,14.5512,
13.3511,13.4034,12.6893,
13.3511,13.3511,12.25,
13.299,12.6893,12.25,
13.2471,12.4434,12.2981,
13.2471,12.5904,12.2981,
13.299,12.5904,12.5412,
13.2471,12.7889,12.8894,
13.2471,13.1954,13.299,
13.2471,13.5086,13.8293,
13.2471,14.4943,14.6084,
13.2471,16.1166,15.0149,
13.2471,17.7262,15.8021,
13.1954,16.438,16.3086,
13.299,16.7003,17.0346,
13.2471,15.1927,17.2388,
13.3511,15.1927,17.5854,
13.4034,15.1927,17.7971,
13.5086,15.6166,18.0839,
13.5615,14.9561,18.9771,
13.5615,13.9926,18.45,
13.5615,12.1069,18.3761,
13.6147,19.2862,19.9225,
13.6147,19.3644,18.5242,
13.6147,18.0117,18.45,
13.6147,19.2084,18.3761,
13.6147,19.2084,18.3761,
13.668,19.3644,18.3761,
13.6147,19.443,18.3026,
13.6147,19.2862,18.2293,
13.6147,19.0538,18.2293,
13.6147,18.0117,18.1565,
13.668,18.0117,18.1565,
13.7216,18.0839,18.1565,
13.7753,18.1565,18.3026,
13.8835,18.1565,18.5242,
14.0474,18.0839,18.6738,
14.3251,17.6556,19.1309,
14.6084,17.5154,19.5219,
14.8975,17.3075,21.7174,
15.2525,17.3075,19.9225,
15.6166,16.9672,23.0256,
15.6781,16.8331,20.7537,
16.1166,16.7666,21.7174,
16.7003,16.7003,21.0979,
17.3075,16.438,21.0979,
17.6556,16.2444,20.9249,
18.0117,15.5552,20.8391,
18.3761,15.0739,21.0979,
18.8247,13.299,21.2727,
18.9771,13.6147,21.4492,
19.2084,13.4034,21.5381,
19.2862,14.1025,23.6167,
19.3644,12.4434,27.1245,
19.443,12.4434,21.4492,
19.443,13.1954,21.8077,
19.443,12.9906,21.7174,
19.443,12.4922,21.5381,
19.3644,12.6893,21.6275,
19.2084,11.9653,21.6275,
19.1309,12.6397,21.3607,
18.3026,11.2806,20.5,
18.2293,11.4595,20.333,
18.2293,10.8443,20.4163,
18.2293,10.5063,20.4163,
18.1565,10.3408,20.4163,
18.0839,13.0926,20.333,
18.0839,12.2021,20.333,
18.0117,12.3948,20.2501,
