14.0474,14.7811,17.9399,
14.1025,16.7003,18.0117,
14.2691,15.8021,18.2293,
14.2133,13.7216,18.3026,
14.2133,14.6657,18.5242,
14.2133,14.2133,18.45,
14.2133,15.1927,18.9007,
14.1578,14.8392,16.8331,
13.6147,14.5512,19.6013,
14.1578,14.3812,15.3728,
14.1578,14.3251,14.2691,
14.1578,13.6147,9.585,
14.2691,15.0739,18.3761,
14.1578,15.3126,15.5552,
14.1578,16.3732,16.1804,
14.1025,14.1578,15.99,
14.1025,14.2133,13.7216,
14.1025,12.6893,12.9906,
14.1025,14.2691,12.0123,
14.1025,16.9672,10.9303,
14.0474,15.0739,18.3026,
13.9926,15.1332,9.9767,
13.9926,13.299,11.5954,
13.9926,13.4034,11.9653,
13.8835,12.4434,10.0166,
13.8293,13.1439,9.0584,
13.8293,13.4559,10.3408,
13.7753,12.6893,9.3941,
13.7216,11.5954,11.4595,
13.668,11.7329,14.3812,
13.668,12.25,12.2021,
13.6147,11.9185,13.4034,
13.5615,12.0595,11.9653,
13.6147,15.2525,14.8975,
13.5615,15.1927,13.299,
13.5086,15.2525,12.6893,
13.5086,15.4942,11.9185,
13.4559,15.1927,14.8392,
13.4559,16.0532,16.6343,
13.4034,16.9,11.9653,
13.4559,18.0117,12.6397,
13.4034,17.5154,18.6738,
13.4559,20.0038,14.1578,
13.4034,18.3026,21.0112,
13.4559,22.3595,16.1804,
13.5086,22.3595,21.2727,
13.6147,22.8328,18.5242,
13.668,22.9289,17.2388,
13.668,22.8328,21.8984,
13.668,23.0256,21.7174,
13.668,23.2205,18.1565,
13.668,23.0256,18.0839,
13.668,22.9289,13.6147,
13.668,22.8328,13.1954,
13.7216,22.7371,13.0926,
13.7753,22.642,13.0926,
13.9379,22.5473,13.1439,
14.2133,22.1736,13.3511,
14.6657,21.8077,13.9379,
15.0739,21.8077,13.668,
15.3728,21.3607,18.5988,
15.74,20.333,15.99,
15.99,16.7003,16.3732,
16.5686,15.1927,19.9225,
17.1024,15.3728,22.4531,
17.4458,15.5552,16.6343,
17.7262,14.6084,14.1578,
18.0839,12.8391,14.2133,
18.3761,11.779,13.8835,
18.5988,11.4145,18.3761,
18.7491,10.5899,20.8391,
18.8247,11.0169,20.8391,
18.9007,11.4145,20.8391,
18.9771,11.2806,20.9249,
18.9007,11.2362,20.7537,
19.0538,12.3463,20.8391,
19.1309,13.4559,20.8391,
19.0538,11.4145,20.7537,
19.1309,12.6893,20.6687,
19.1309,12.8391,20.8391,
19.1309,13.5615,20.7537,
19.1309,13.4034,20.7537,
19.0538,13.7753,20.7537,
18.9771,13.8293,20.6687,
18.9007,13.3511,20.6687,
18.9007,13.8293,20.6687,
18.7491,13.9926,20.5,
18.7491,13.9379,20.5,
