14.0474,14.7233,11.4595,
13.9926,14.6657,11.4145,
13.9926,14.6084,11.3697,
13.9926,14.4377,11.3697,
13.9926,14.6084,11.3697,
13.9926,14.6657,11.3697,
13.9926,14.8975,11.4595,
13.9926,14.8975,11.4145,
13.9379,10.8015,11.2362,
13.9379,12.6397,11.192,
13.9379,14.1025,11.2806,
13.8835,14.0474,15.1332,
13.8835,14.6657,14.7811,
13.8835,14.7233,14.8392,
13.9379,14.5512,11.6411,
13.9379,14.7811,12.25,
13.8835,14.7233,13.9379,
13.8835,14.8975,14.6657,
13.8835,15.2525,14.3812,
13.7753,13.7753,14.1578,
13.7753,12.8894,10.9303,
13.668,12.5412,10.4232,
13.668,10.8015,11.4145,
13.6147,14.7811,11.0605,
13.5615,13.0415,11.6869,
13.6147,12.3948,14.4943,
13.5615,13.299,18.7491,
13.6147,12.739,12.5904,
13.5086,12.7889,9.1692,
13.4559,12.4434,9.8578,
13.5086,13.299,9.4701,
13.4034,12.5412,8.3123,
13.4559,12.5412,9.5083,
13.4034,12.739,8.5554,
13.3511,12.8391,8.5906,
13.3511,13.8293,9.2437,
13.299,14.3251,13.0926,
13.299,16.5032,10.4647,
13.299,15.8021,10.2997,
13.299,15.0149,12.6397,
13.3511,16.6343,10.9303,
13.4034,14.2133,11.8718,
13.4034,17.2388,13.3511,
13.5615,14.1578,12.25,
13.668,18.1565,12.4922,
13.7216,14.8975,17.7262,
13.8293,18.9007,12.1544,
13.8835,22.9289,12.4922,
13.9379,22.642,13.4034,
13.9379,19.9225,13.4559,
13.9379,18.3761,13.4559,
13.9379,18.0839,13.4559,
13.9926,17.0346,13.5086,
13.9926,16.6343,12.9399,
14.0474,15.9271,12.6397,
14.1578,15.9271,12.739,
14.3251,15.74,12.7889,
14.5512,17.2388,12.9906,
14.7811,19.443,13.7216,
15.0149,19.5219,14.3251,
15.2525,21.3607,14.4377,
15.4334,21.6275,17.9399,
15.5552,19.681,15.8021,
15.6781,18.9007,16.7003,
15.8645,13.8835,15.74,
16.0532,12.9906,18.7491,
16.438,13.3511,14.3251,
16.6343,13.0926,14.4377,
16.9672,11.8253,13.9926,
17.2388,14.6657,15.3728,
17.3075,11.1042,15.2525,
17.1024,11.5046,15.3728,
17.1705,11.7329,20.2501,
17.3765,11.3697,18.8247,
17.3765,11.8253,17.5854,
17.5854,12.9399,16.6343,
17.5854,11.779,22.4531,
17.5854,13.0415,24.331,
17.5854,13.0926,21.0112,
17.5854,13.299,24.1241,
17.6556,13.2471,21.0112,
17.5854,14.3812,23.0256,
17.5854,14.3251,26.3014,
17.5154,14.1578,32.7273,
17.5154,13.668,26.1865,
17.5154,13.5086,23.1228,
17.5154,13.3511,21.0112,
