14.4377,14.2133,19.6013,
14.4377,16.2444,19.6013,
14.4377,18.45,19.6013,
14.4377,18.3761,19.6013,
14.4377,18.3026,19.6013,
14.4377,18.2293,19.6013,
14.4377,18.3026,19.443,
14.3812,18.3026,19.6013,
14.3812,18.3026,19.681,
14.3251,17.7971,19.443,
14.3812,13.9926,19.5219,
14.3812,14.1578,18.9771,
14.4377,19.443,19.443,
14.3812,13.8293,19.1309,
14.3251,16.6343,19.0538,
14.3251,16.1166,19.2862,
14.3251,16.3732,19.6013,
14.2691,15.74,15.99,
14.2691,14.0474,18.3761,
14.2133,14.5512,18.7491,
14.1578,12.9399,14.2133,
14.1578,11.779,17.1024,
14.2133,13.1439,16.3732,
14.1578,16.3732,15.6166,
14.1578,14.7811,16.3086,
14.1578,14.1025,14.5512,
14.1578,13.299,12.2021,
14.0474,13.1954,14.3251,
14.0474,13.1954,17.7971,
13.9926,13.5615,15.6781,
13.9379,13.7753,15.1332,
13.9379,13.8835,14.5512,
13.9379,14.2691,13.9379,
13.9379,14.4377,13.2471,
13.9926,15.1927,13.3511,
13.9926,16.3086,14.3251,
13.9379,15.0149,15.2525,
13.9379,16.1166,14.7811,
13.8293,17.5154,21.5381,
13.9379,18.45,15.8645,
13.8293,15.99,18.5988,
13.9379,17.4458,16.5686,
13.9926,18.6738,18.2293,
13.9926,18.9771,16.7666,
13.9926,16.7003,17.3075,
13.9926,16.7666,17.5154,
13.9926,15.0739,24.1241,
14.0474,18.0839,17.3075,
14.0474,17.1024,17.8683,
14.0474,17.3075,18.9007,
14.1025,17.3765,17.6556,
14.0474,17.2388,17.7262,
14.0474,15.99,18.5988,
14.0474,16.5686,18.3026,
14.1025,15.3728,17.4458,
14.1578,14.8975,17.4458,
14.2133,14.9561,17.5854,
14.2691,14.7233,20.2501,
14.3812,14.4943,20.1676,
14.7233,15.0739,18.9771,
15.0149,14.9561,20.5841,
15.3126,15.4334,19.9225,
15.3728,13.7753,19.8416,
15.6781,18.9771,20.333,
15.8645,16.7666,24.4353,
15.9271,13.6147,19.9225,
16.1166,12.3463,21.0112,
16.3732,16.3086,21.0979,
16.438,16.3086,24.2273,
16.6343,15.2525,23.1228,
16.8331,14.8975,22.642,
17.1024,14.4943,24.6457,
17.1705,12.1069,25.6221,
17.3765,13.8835,27.0048,
17.5154,14.4943,21.6275,
17.3075,13.5086,21.2727,
17.7971,12.9906,21.1851,
17.8683,13.668,20.9249,
18.0117,13.0926,20.8391,
17.9399,11.9185,22.0814,
17.9399,10.7164,20.8391,
17.9399,10.5063,21.0979,
18.0117,11.8718,21.2727,
17.9399,10.548,21.5381,
18.0117,12.2981,23.2205,
17.8683,9.0217,27.366,
17.8683,14.6657,26.5331,
17.8683,14.5512,24.8584,
17.8683,13.9379,24.9657,
17.7971,13.1439,24.8584,
17.7262,14.3251,24.6457,
17.7262,14.3812,24.5402,
