13.7216,19.2862,18.8247,
13.668,19.2862,18.7491,
13.668,19.3644,18.9007,
13.668,19.2084,18.7491,
13.668,19.1309,18.7491,
13.668,19.0538,18.6738,
13.6147,18.9007,18.6738,
13.5615,18.9007,18.6738,
13.5615,18.8247,18.5242,
13.5615,18.9007,18.2293,
13.5615,18.8247,18.1565,
13.5615,18.8247,18.0839,
13.6147,18.8247,17.5854,
13.5615,18.9771,17.5154,
13.5086,18.5988,16.6343,
13.5615,18.45,20.2501,
13.4034,17.3075,15.8021,
13.0415,16.1804,16.5686,
13.1439,15.3728,14.8392,
13.2471,14.6657,15.4942,
13.3511,14.4943,15.2525,
13.4559,14.0474,14.1025,
13.3511,12.4434,18.3761,
13.1954,12.739,16.5686,
12.739,14.1025,12.5412,
13.1439,13.9926,17.5154,
12.9906,13.7753,13.3511,
12.3463,13.6147,13.1439,
12.4922,13.5615,12.25,
12.4434,13.5615,12.4922,
12.5904,13.5086,14.5512,
12.6893,13.6147,12.5412,
12.6893,13.9379,13.3511,
12.5412,14.4377,12.9906,
12.6397,15.8645,16.1804,
12.5904,17.0346,13.8835,
12.3948,17.6556,16.1804,
12.3463,18.3026,16.2444,
12.0123,18.45,16.3086,
12.5412,18.6738,18.9771,
12.5412,18.9007,19.0538,
12.9399,19.0538,22.3595,
12.9906,19.1309,18.3026,
13.0415,19.2084,18.1565,
13.0926,19.1309,17.2388,
13.0926,19.0538,19.3644,
13.0926,18.9771,18.5242,
13.1439,19.0538,20.1676,
13.0926,18.9771,21.0979,
13.1439,18.9007,21.9897,
13.1439,18.8247,21.7174,
13.0926,18.7491,24.1241,
13.1439,18.7491,23.9195,
13.299,18.8247,18.9007,
13.299,18.7491,20.4163,
14.0474,18.8247,23.9195,
14.1578,18.5988,20.7537,
14.2133,18.3761,23.4175,
14.1578,18.1565,27.0048,
15.3126,18.0117,20.5,
15.5552,17.7971,20.1676,
16.0532,17.4458,20.6687,
16.438,17.1705,20.0855,
16.7003,16.9,20.333,
17.0346,16.438,23.1228,
17.4458,16.1166,21.8077,
15.99,15.8021,20.6687,
18.0117,15.4942,20.6687,
18.0839,15.1927,20.6687,
18.1565,14.9561,20.5841,
18.3761,14.7811,20.8391,
18.45,14.6084,20.5841,
18.5242,14.4377,20.6687,
18.5242,14.3251,20.7537,
18.45,14.2691,20.5841,
18.3026,14.1578,20.5841,
18.3026,14.1025,20.2501,
18.2293,13.9926,19.7611,
18.1565,13.8293,19.3644,
18.0839,13.2471,19.0538,
18.0117,12.739,18.3761,
17.9399,12.8894,16.8331,
