16.5686,18.7491,21.6275,
16.5686,18.7491,21.2727,
16.5032,18.5988,21.0112,
16.5032,18.5988,20.5841,
16.5032,18.5242,20.5841,
16.6343,18.5988,20.7537,
16.5686,18.5242,20.5841,
16.5032,18.5242,20.4163,
16.3732,18.3761,19.7611,
16.438,18.45,20.2501,
16.5686,18.5242,20.4163,
16.3086,18.2293,20.0038,
15.8645,17.8683,19.5219,
15.6781,17.5154,19.443,
15.6166,17.4458,19.9225,
15.6781,17.3765,18.3026,
15.6166,17.1024,18.0839,
13.299,16.3086,18.1565,
15.4334,15.6781,17.6556,
15.3728,14.3251,18.5988,
15.3126,13.668,16.9,
15.3126,18.9771,16.5686,
15.1332,17.3765,19.0538,
15.2525,18.3761,17.3075,
15.1927,18.5988,15.1927,
15.0739,15.6166,16.1804,
15.4942,13.8293,15.0149,
14.4377,12.8894,13.9926,
15.0149,13.6147,14.1578,
14.8975,13.8293,16.1166,
15.6781,13.9379,18.5988,
16.3732,14.5512,15.8021,
15.2525,13.2471,14.3251,
15.1927,12.6397,14.2133,
16.0532,13.3511,15.0149,
16.2444,14.8392,15.4334,
15.99,15.3728,15.1927,
15.8021,15.0739,15.4334,
15.74,15.1927,17.4458,
15.74,15.6166,16.438,
15.9271,23.5168,17.7262,
14.4943,11.8718,19.5219,
16.1804,19.7611,18.9007,
16.6343,19.5219,19.8416,
16.9,20.8391,20.9249,
13.7753,17.7971,17.1705,
15.9271,21.1851,18.9771,
14.7811,20.4163,21.3607,
15.1927,18.7491,23.3188,
17.2388,23.818,22.4531,
15.6166,22.5473,20.0038,
15.3126,22.0814,20.6687,
15.6166,24.7517,19.8416,
15.5552,24.1241,20.0038,
14.3812,22.642,18.3761,
13.4034,19.7611,17.3765,
13.4034,18.0117,17.2388,
13.4559,18.3026,17.1705,
13.6147,18.9007,17.2388,
14.3812,19.9225,18.0839,
14.5512,20.6687,18.2293,
14.2691,20.2501,17.8683,
14.1025,20.0038,17.7971,
14.0474,20.333,18.0117,
14.1025,20.9249,18.5242,
14.1025,20.6687,18.9771,
14.2133,19.2084,19.443,
14.7233,19.9225,21.9897,
14.0474,19.3644,19.1309,
14.4943,19.2862,20.0038,
16.7666,21.0979,22.2663,
17.4458,20.9249,25.6221,
17.3075,20.1676,31.5154,
17.5854,19.681,28.7475,
18.0117,19.8416,21.8077,
19.681,20.7537,22.642,
17.8683,18.2293,21.4492,
16.7666,16.5686,20.0038,
17.3765,15.8645,20.0855,
17.0346,16.5032,19.9225,
17.1705,14.9561,20.0855,
17.1024,14.1578,20.0855,
17.3075,10.4647,20.0855,
17.5854,13.9379,20.0038,
17.6556,12.4434,20.0855,
20.6687,16.0532,32.8834,
20.6687,16.3732,25.2911,
20.5841,16.2444,25.8459,
20.5841,15.6166,24.7517,
20.7537,16.3732,24.5402,
20.6687,13.9926,24.331,
20.6687,16.2444,24.7517,
20.7537,16.1166,24.7517,
20.6687,16.1166,24.6457,
20.5,15.0739,24.5402,
20.2501,15.0739,24.4353,
20.0855,15.0739,24.331,
20.0855,15.4334,24.2273,
