15.5552,20.333,11.8718,
15.5552,20.333,11.8718,
15.5552,20.4163,11.9185,
15.4942,19.9225,11.9653,
15.4942,20.0038,11.9185,
15.4942,20.333,11.9653,
15.4334,20.2501,11.8718,
15.4334,20.1676,11.779,
15.3728,20.0855,11.6869,
15.4334,20.2501,11.6411,
15.3728,20.0038,11.6411,
15.4334,19.9225,12.1069,
15.3728,20.0038,12.2021,
15.3728,19.681,11.325,
15.3728,19.681,13.668,
15.2525,20.6687,13.5615,
15.3126,21.4492,15.4942,
14.4943,20.7537,15.3728,
14.3812,19.8416,13.8293,
14.2133,16.8331,12.4434,
13.0415,13.0926,10.6741,
14.2133,13.4559,13.668,
14.2691,12.5412,19.2862,
14.2691,11.9653,14.9561,
14.2133,12.2981,13.3511,
14.1578,12.5904,17.5154,
14.2133,15.0739,12.9906,
14.1025,15.0149,11.9185,
14.1025,15.0149,10.7164,
14.1578,14.8392,15.9271,
14.0474,13.4034,16.6343,
14.0474,13.2471,11.5954,
14.0474,13.4034,11.4145,
14.0474,13.0926,10.3819,
13.9926,13.2471,10.5063,
13.9926,13.4559,10.2997,
13.9926,13.299,10.9735,
13.8835,13.1954,10.9735,
13.8293,13.1439,11.0605,
13.7753,13.299,11.2362,
13.7753,14.4943,11.3697,
13.7753,16.1804,11.5954,
13.7216,17.1024,16.5032,
13.7216,18.1565,14.6657,
13.7216,18.9007,12.2981,
13.7216,18.6738,14.7811,
13.668,17.5154,15.4334,
13.668,16.1804,16.2444,
13.668,16.9672,14.8975,
13.8293,15.6781,14.4943,
13.8835,18.45,15.0149,
13.8293,18.3761,15.3126,
13.8835,18.2293,16.7003,
13.9379,17.9399,15.3728,
13.8293,17.6556,18.45,
13.8293,17.4458,21.7174,
13.8835,17.3075,20.5841,
13.8835,16.438,17.2388,
13.8835,16.9672,17.5854,
13.8835,18.1565,16.9,
13.8835,16.3086,16.3732,
13.9379,16.438,16.0532,
13.9926,15.5552,15.6781,
14.0474,15.9271,15.6166,
14.1025,15.99,15.4334,
14.1578,15.8021,15.6781,
14.3251,15.8645,15.8021,
14.4943,15.9271,16.0532,
14.7811,16.9672,15.6781,
15.0739,16.7003,18.3761,
15.4334,14.3812,20.1676,
15.99,14.6657,18.2293,
16.7003,16.0532,26.7676,
17.7262,17.1024,18.0117,
18.1565,16.9,17.7262,
18.1565,16.8331,19.0538,
18.3026,16.2444,25.9588,
18.9771,14.8392,16.5686,
17.8683,14.6084,17.3075,
19.1309,13.8835,21.8077,
19.2862,13.8835,25.7337,
19.2862,13.2471,15.6166,
19.443,13.1439,21.2727,
19.3644,12.3948,16.8331,
19.5219,14.3251,15.4942,
19.443,13.8835,17.3765,
19.5219,14.3812,18.9771,
19.6013,13.6147,19.6013,
19.443,13.668,19.6013,
19.5219,13.5086,18.7491,
19.5219,13.7753,18.5242,
19.443,13.668,19.3644,
19.443,13.4559,20.0038,
19.3644,13.7216,19.3644,
19.3644,13.5086,20.1676,
19.2862,13.4559,26.1865,
19.2084,13.5615,27.7337,
19.2084,13.5615,28.1081,
19.1309,13.668,25.5111,
19.1309,13.5615,24.5402,
19.1309,13.4559,24.5402,
19.0538,13.0415,24.6457,
19.0538,13.4559,24.5402,
18.9771,13.299,24.7517,
18.9771,13.299,26.4169,
