14.3812,16.5686,16.5032,
14.3812,16.1804,16.438,
14.3812,16.3732,16.3732,
14.3251,16.438,16.3086,
14.3251,16.3732,16.3086,
14.3251,16.3086,16.5032,
14.3251,16.1166,16.5032,
14.2691,16.1166,16.1166,
14.3251,16.2444,18.5988,
14.3251,16.3732,17.7971,
14.2691,16.6343,19.5219,
14.2133,16.438,19.681,
14.2133,15.74,19.0538,
14.2133,15.6781,14.6657,
14.1578,17.0346,19.2084,
14.1578,16.5686,13.5086,
14.1578,16.1166,17.3765,
14.0474,14.8975,21.5381,
14.0474,14.7811,12.9906,
13.9926,10.5899,12.25,
13.9926,16.1804,12.4922,
13.9379,11.0169,12.9906,
13.8835,15.5552,17.7971,
13.8835,13.9379,11.4595,
13.8293,13.5615,11.55,
13.7753,12.8391,11.4145,
13.7216,12.25,11.5954,
13.7216,12.9906,11.6411,
13.668,12.9399,12.4434,
13.6147,13.0926,12.8894,
13.5615,13.5615,11.9653,
13.5615,13.1439,12.1544,
13.5615,13.299,12.2981,
13.5615,14.6084,12.739,
13.4559,13.2471,15.1332,
13.4559,16.1804,13.9379,
13.4559,17.0346,14.4943,
13.4034,11.4595,14.6657,
13.4559,13.5086,15.4334,
13.4559,13.1954,16.5032,
13.6147,16.9,18.0839,
13.9379,16.5032,17.3075,
14.1578,16.9672,16.438,
14.2691,16.6343,16.5032,
15.0739,17.7262,18.0839,
13.7216,15.3728,19.5219,
15.1332,16.2444,18.3761,
15.0149,16.1166,18.1565,
14.8975,15.8021,18.0117,
14.2133,15.3126,17.2388,
14.1578,15.9271,17.1024,
15.0739,16.8331,18.8247,
15.3126,17.1024,18.2293,
15.6166,16.9672,18.5242,
15.99,16.5686,18.9007,
16.438,16.5686,19.2084,
16.7666,16.438,18.0117,
17.1705,16.2444,18.2293,
17.3075,16.1166,20.5841,
17.5854,16.1166,18.0839,
17.6556,15.74,16.3732,
17.3075,14.7233,15.5552,
17.6556,14.3812,17.4458,
18.1565,13.8293,16.9,
18.5988,13.6147,18.7491,
18.9007,13.7216,21.1851,
19.1309,11.9653,19.0538,
19.2862,12.25,19.681,
19.5219,10.2589,24.2273,
19.681,12.0595,24.7517,
19.8416,10.8443,25.5111,
19.8416,11.192,25.0735,
19.681,10.0968,27.0048,
19.681,16.7666,26.7676,
19.681,15.4942,26.4169,
19.5219,12.6893,26.3014,
19.443,12.4922,26.3014,
19.443,11.1042,26.0723,
19.3644,12.1069,26.3014,
19.2084,11.0605,26.1865,
19.2084,11.6411,25.7337,
19.1309,11.325,25.9588,
19.0538,11.779,26.3014,
19.0538,11.4145,25.2911,
18.9007,11.6869,23.5168,
18.9007,11.6869,23.4175,
