14.1025,17.6556,19.5219,
14.0474,17.6556,19.3644,
14.0474,17.0346,19.443,
13.9926,17.1024,19.3644,
14.0474,16.8331,19.2862,
13.9379,16.9672,19.2862,
13.9926,16.7666,19.1309,
13.9926,16.6343,18.9771,
13.9926,16.5032,19.443,
13.9926,16.8331,19.2084,
13.9926,17.0346,19.0538,
14.2133,17.3075,19.2862,
14.4943,17.4458,19.3644,
14.4377,17.4458,19.3644,
14.2691,17.1024,19.0538,
14.3251,16.7666,22.2663,
13.8293,16.1804,25.0735,
14.1025,16.5032,18.3761,
14.0474,17.7262,20.7537,
14.2133,17.3765,19.3644,
13.9379,17.1705,20.6687,
13.9379,16.1804,21.5381,
13.4559,15.6781,20.333,
14.7233,18.2293,16.9,
14.9561,16.7003,16.438,
14.5512,15.6781,15.4334,
14.2133,15.6781,15.6781,
14.4943,15.1332,18.0839,
14.3812,15.74,15.1927,
14.2133,15.2525,14.6084,
15.4942,15.8645,15.5552,
14.2133,15.0149,14.4943,
14.4377,14.7233,14.6084,
14.7811,15.2525,14.8392,
14.5512,16.0532,14.6084,
14.5512,16.1166,16.1166,
15.0149,16.7003,18.5242,
14.8975,16.5032,18.8247,
15.0739,16.8331,16.3732,
15.0739,16.9672,17.1024,
15.74,17.8683,16.7003,
15.3728,17.5854,20.0038,
15.3728,16.7003,16.9,
15.3126,18.1565,17.7971,
15.0739,14.5512,20.6687,
15.0739,17.8683,20.6687,
14.8392,17.2388,19.681,
14.0474,17.1024,19.0538,
14.0474,19.443,19.3644,
14.2691,16.1804,19.9225,
14.4943,17.3075,20.2501,
14.3251,16.5686,20.2501,
14.2133,15.9271,20.2501,
14.2133,15.0739,20.333,
14.2691,18.0839,20.4163,
14.3251,22.1736,20.5841,
14.2691,22.0814,20.5,
14.2691,22.0814,20.4163,
14.2133,21.6275,20.2501,
14.1578,20.5841,20.1676,
14.1025,19.6013,20.0855,
14.0474,19.9225,20.0855,
14.0474,21.2727,19.9225,
14.0474,21.6275,19.8416,
14.0474,21.7174,19.9225,
14.0474,21.3607,20.0038,
13.9926,21.2727,20.0038,
13.9926,21.1851,19.8416,
13.9926,21.0979,19.9225,
13.9926,21.0112,19.8416,
13.9926,20.9249,19.8416,
13.9926,20.8391,19.681,
13.9926,20.7537,19.8416,
13.9926,20.7537,19.9225,
12.8391,19.2862,18.6738,
15.99,23.1228,22.642,
13.7216,18.6738,20.0855,
16.1166,22.9289,23.4175,
16.5032,22.5473,24.331,
14.2133,19.2084,20.4163,
14.8392,19.9225,21.3607,
13.4559,17.7262,20.9249,
13.668,15.74,20.2501,
16.1166,18.3026,24.2273,
16.3086,18.0839,23.6167,
17.3765,19.2862,30.7898,
18.3026,19.6013,28.618,
18.1565,18.8247,23.3188,
19.9225,15.9271,24.331,
19.7611,14.1025,23.7171,
19.9225,17.0346,24.0215,
20.0038,17.5154,24.0215,
21.0979,15.8021,24.331,
21.7174,12.5904,25.6221,
20.5841,14.6084,23.9195,
20.5841,14.1025,24.2273,
20.8391,14.7811,24.331,
20.9249,15.5552,24.331,
21.0112,15.4942,24.5402,
20.9249,15.8021,24.5402,
21.0112,15.8021,24.5402,
19.7611,14.5512,23.0256,
20.0855,14.7233,23.6167,
19.8416,14.4943,24.5402,
19.443,14.3251,22.9289,
19.3644,14.5512,22.7371,
19.6013,14.5512,23.818,
19.6013,14.6657,24.6457,
19.5219,14.6084,24.331,
19.2084,14.4943,24.2273,
