504,418,424,
505,418,425,
505,417,423,
505,419,425,
505,420,425,
505,421,426,
506,423,426,
507,423,426,
507,424,428,
507,423,432,
507,424,433,
507,424,434,
506,424,441,
507,422,442,
508,427,455,
507,429,406,
510,445,468,
517,462,456,
515,475,484,
513,487,473,
511,490,477,
509,498,497,
511,529,430,
514,523,456,
523,497,527,
515,499,442,
518,503,511,
531,506,515,
528,507,533,
529,507,528,
526,508,489,
524,506,527,
524,500,511,
527,491,518,
525,467,462,
526,449,501,
530,440,462,
531,431,461,
538,429,460,
527,426,422,
527,423,421,
519,421,382,
518,420,431,
517,419,433,
516,420,446,
516,421,417,
516,422,428,
515,421,407,
516,422,396,
515,423,386,
515,424,389,
516,425,364,
515,425,366,
512,424,423,
512,425,404,
498,424,366,
496,427,400,
495,430,371,
496,433,338,
476,435,403,
472,438,407,
464,443,401,
458,447,408,
454,451,405,
449,458,374,
443,463,388,
465,468,401,
435,473,401,
434,478,401,
433,482,402,
430,485,399,
429,488,402,
428,491,401,
428,493,400,
429,494,402,
431,496,402,
431,497,406,
432,499,412,
433,502,417,
434,513,421,
435,523,430,
436,520,452,
