483,424,445,
481,423,447,
482,422,447,
481,422,448,
482,422,448,
482,425,448,
482,426,446,
482,428,450,
482,427,451,
482,432,452,
483,432,451,
484,439,444,
483,435,441,
483,411,442,
482,379,441,
483,378,442,
492,380,443,
498,380,458,
483,381,457,
498,383,458,
486,437,460,
487,429,469,
487,435,472,
486,436,471,
488,439,476,
491,450,480,
497,492,398,
511,559,503,
500,486,478,
484,476,449,
475,477,491,
459,476,474,
470,438,446,
465,419,449,
489,451,492,
511,465,465,
511,467,518,
510,468,547,
512,466,513,
513,469,546,
512,468,461,
512,467,523,
512,460,451,
511,449,424,
512,431,503,
513,422,439,
513,415,490,
514,403,437,
514,451,474,
515,424,404,
515,385,411,
534,391,393,
513,446,448,
514,491,384,
514,425,429,
514,415,448,
514,422,448,
514,455,449,
513,450,449,
513,454,450,
514,453,449,
514,452,449,
514,451,449,
514,450,449,
513,451,448,
511,451,446,
510,451,443,
506,452,439,
499,455,427,
494,460,376,
491,468,369,
484,453,361,
490,461,396,
477,464,416,
472,461,415,
468,454,391,
462,456,342,
456,460,389,
454,476,406,
451,467,404,
455,472,404,
443,475,402,
442,486,403,
440,497,404,
439,500,407,
439,498,403,
439,510,403,
439,516,404,
439,520,405,
441,488,408,
442,490,411,
442,490,417,
442,495,420,
443,529,422,
442,460,423,
