495,403,487,
513,402,485,
508,407,497,
504,409,492,
496,404,491,
504,413,499,
506,426,499,
508,458,504,
506,434,503,
505,444,503,
504,445,501,
504,441,502,
499,440,498,
507,442,506,
507,425,507,
505,416,503,
480,395,485,
482,396,486,
504,454,449,
485,405,459,
493,399,497,
479,430,443,
476,447,476,
461,385,479,
465,396,448,
460,422,448,
470,453,503,
483,445,503,
452,416,450,
474,442,427,
477,458,433,
499,470,533,
509,480,475,
512,484,502,
515,490,572,
517,491,560,
517,491,565,
517,489,557,
515,484,551,
514,469,537,
514,453,488,
512,437,523,
506,418,508,
501,444,489,
500,438,477,
499,422,392,
498,442,393,
497,470,456,
496,469,447,
495,461,448,
495,459,438,
495,460,449,
495,452,452,
495,456,450,
494,447,453,
494,435,453,
494,430,455,
494,425,456,
494,432,456,
494,435,456,
493,436,455,
492,435,449,
489,431,440,
487,467,426,
482,437,441,
477,441,437,
474,483,435,
470,471,386,
468,465,430,
485,478,405,
485,486,328,
462,467,404,
468,455,397,
457,442,405,
464,444,428,
457,443,399,
452,461,420,
461,464,338,
451,477,329,
445,498,336,
441,497,331,
436,476,406,
440,494,376,
444,497,392,
445,511,446,
453,501,367,
449,501,384,
450,499,448,
449,513,414,
446,520,411,
446,511,411,
446,512,411,
447,520,412,
446,514,410,
445,514,409,
442,513,407,
442,512,408,
