478,412,418,
478,410,418,
478,412,419,
479,412,419,
479,410,419,
479,410,419,
479,411,419,
480,411,420,
480,412,420,
480,412,420,
481,413,416,
481,413,425,
481,415,420,
481,415,415,
485,416,417,
483,418,363,
485,418,364,
483,419,436,
484,419,425,
485,421,429,
485,461,453,
488,486,458,
490,471,435,
464,432,425,
476,452,388,
505,496,463,
478,459,469,
479,459,478,
485,472,394,
483,472,450,
487,495,489,
483,502,492,
483,505,475,
481,497,490,
484,500,491,
486,505,488,
496,501,484,
489,500,470,
499,471,445,
493,483,431,
493,459,406,
497,490,441,
489,497,435,
495,428,393,
472,460,406,
476,440,411,
484,442,393,
483,452,414,
489,469,409,
483,464,408,
479,481,351,
478,445,402,
472,432,395,
483,447,378,
484,442,396,
482,436,397,
482,437,408,
481,440,406,
481,435,407,
482,442,408,
481,437,406,
481,415,406,
481,426,407,
484,429,410,
479,394,407,
483,401,410,
485,408,412,
483,408,411,
480,405,406,
482,408,407,
509,430,426,
519,428,428,
483,396,395,
474,397,391,
468,408,389,
464,412,380,
462,441,353,
450,474,377,
446,477,365,
459,483,392,
387,422,338,
395,461,360,
437,504,395,
390,494,300,
396,440,362,
417,478,382,
400,497,373,
412,512,360,
413,513,378,
383,478,323,
386,486,343,
426,526,394,
424,547,394,
430,518,394,
425,519,394,
424,516,394,
428,510,399,
424,509,396,
425,511,395,
426,520,395,
434,524,402,
434,526,403,
436,520,403,
437,521,404,
437,524,404,
438,527,405,
