508,525,444,
508,507,420,
509,505,428,
509,530,429,
509,516,413,
508,476,456,
508,470,458,
503,463,449,
497,499,454,
497,432,452,
497,464,464,
500,505,461,
501,498,473,
500,480,517,
501,465,549,
500,543,555,
503,592,483,
500,503,547,
501,532,551,
503,540,453,
502,502,567,
502,482,535,
504,483,577,
503,486,536,
503,487,579,
505,487,570,
504,474,519,
502,467,531,
503,463,542,
506,454,500,
502,401,529,
502,394,518,
492,448,504,
499,449,488,
505,453,485,
509,427,506,
492,410,472,
483,408,442,
485,412,482,
485,412,484,
487,415,483,
486,418,456,
497,423,467,
510,432,508,
508,438,503,
474,412,472,
469,417,465,
462,419,465,
458,422,459,
453,422,430,
451,426,444,
454,434,447,
450,443,438,
450,456,421,
450,458,431,
434,465,354,
427,473,392,
419,476,442,
412,489,402,
413,485,434,
414,507,418,
412,497,357,
410,508,348,
409,463,368,
409,466,396,
412,469,403,
412,474,369,
411,497,397,
412,501,358,
415,504,356,
416,501,354,
416,510,353,
417,514,347,
