492,470,422,
489,472,422,
489,472,422,
487,469,423,
487,467,423,
487,485,423,
487,451,423,
488,438,423,
488,437,423,
489,491,423,
491,498,424,
491,511,424,
491,504,425,
494,486,426,
490,482,422,
491,478,421,
488,485,423,
491,493,425,
494,491,403,
489,480,436,
490,491,426,
490,482,450,
489,455,423,
496,480,362,
491,506,445,
490,480,466,
492,429,471,
490,474,453,
491,497,446,
492,484,471,
493,521,503,
497,568,470,
498,452,484,
503,463,523,
506,460,518,
507,463,498,
507,462,518,
507,463,530,
508,464,525,
508,464,528,
509,466,528,
510,464,524,
510,459,518,
510,453,511,
510,446,433,
511,430,488,
513,418,433,
513,541,446,
516,503,465,
529,395,456,
514,425,457,
511,399,453,
509,418,449,
509,453,443,
508,432,440,
507,447,440,
507,453,437,
507,480,436,
506,503,435,
506,500,427,
506,483,434,
506,489,433,
506,498,435,
506,496,434,
506,497,434,
506,502,435,
506,493,436,
506,489,437,
507,488,437,
506,488,438,
506,486,436,
505,486,433,
503,486,433,
500,483,431,
493,473,426,
486,481,423,
481,472,418,
476,475,414,
470,481,414,
465,480,345,
460,487,396,
457,487,402,
451,489,400,
444,490,350,
460,499,393,
442,510,335,
436,515,369,
431,489,354,
431,574,401,
426,470,359,
418,517,353,
418,540,354,
421,527,341,
417,527,377,
416,509,370,
416,533,355,
415,544,386,
414,546,388,
415,547,390,
413,512,389,
414,520,391,
415,537,360,
415,507,356,
414,493,359,
415,543,360,
415,549,354,
414,478,357,
