495,425,423,
496,424,423,
496,424,423,
496,425,424,
496,423,425,
496,423,423,
496,424,422,
496,425,421,
497,423,420,
497,424,418,
497,426,419,
497,425,419,
497,426,418,
498,429,419,
498,434,414,
497,435,440,
497,436,439,
498,432,390,
498,436,393,
498,456,447,
500,484,418,
501,482,461,
504,472,438,
505,446,468,
510,547,414,
500,435,489,
502,448,457,
503,455,473,
504,461,506,
506,466,509,
508,472,510,
510,490,518,
510,453,520,
511,456,520,
513,497,441,
511,472,520,
510,476,516,
514,478,434,
514,477,490,
513,475,486,
511,463,505,
511,439,495,
512,471,486,
512,460,476,
513,439,469,
514,509,465,
513,390,457,
513,468,452,
514,487,448,
512,424,445,
511,455,442,
513,455,440,
510,404,437,
524,484,436,
509,408,434,
510,401,434,
511,400,434,
510,413,434,
509,412,434,
512,417,434,
513,422,435,
514,469,435,
513,492,437,
512,492,437,
511,494,438,
511,431,437,
511,454,438,
511,468,438,
511,477,438,
508,477,436,
505,453,436,
503,454,433,
498,451,428,
491,454,423,
484,468,417,
481,469,414,
478,466,413,
474,454,377,
474,461,409,
465,460,385,
467,468,356,
454,463,400,
451,467,398,
443,481,376,
436,458,396,
429,472,394,
425,504,396,
425,463,395,
423,464,391,
414,469,390,
412,455,390,
416,456,340,
413,505,322,
410,450,322,
412,460,374,
412,452,371,
418,469,358,
412,539,367,
413,541,359,
412,538,364,
413,538,364,
413,543,367,
414,533,364,
414,534,366,
414,537,366,
