473,437,496,
473,448,498,
473,443,498,
475,460,499,
475,472,501,
474,448,499,
475,485,501,
474,445,499,
475,506,501,
475,469,501,
476,479,500,
476,480,501,
476,472,500,
476,472,502,
475,451,503,
476,439,505,
477,437,506,
477,429,502,
477,454,476,
479,519,456,
478,465,483,
481,485,462,
479,489,501,
476,470,493,
479,507,508,
475,524,481,
486,483,485,
484,514,459,
479,531,352,
480,441,488,
476,446,511,
481,457,513,
484,505,521,
481,481,424,
482,479,519,
484,485,515,
488,534,443,
488,530,455,
488,516,475,
488,515,470,
488,514,513,
489,512,472,
488,506,506,
488,501,498,
489,492,483,
491,481,485,
489,461,480,
491,451,431,
494,492,408,
495,535,417,
497,470,370,
497,500,369,
501,485,366,
498,483,442,
494,513,438,
500,536,440,
494,409,440,
522,459,463,
492,429,428,
494,418,373,
493,437,387,
493,406,376,
492,397,390,
491,401,426,
492,427,410,
491,422,410,
491,429,406,
491,474,398,
490,449,405,
490,447,392,
489,448,380,
488,449,382,
492,446,355,
485,448,324,
482,450,358,
479,454,336,
473,455,347,
470,460,332,
464,463,354,
459,465,366,
454,474,399,
452,471,360,
445,475,392,
442,473,394,
451,489,403,
444,486,392,
448,488,389,
498,486,392,
429,509,394,
429,525,401,
428,509,405,
427,514,403,
433,521,396,
429,500,392,
428,502,372,
428,506,332,
428,496,370,
426,498,390,
430,497,383,
430,488,389,
426,506,390,
432,488,393,
433,491,397,
427,496,399,
426,507,400,
428,524,399,
439,560,407,
