464,479,422,
462,478,424,
462,481,414,
461,428,412,
461,438,413,
463,453,413,
463,489,416,
464,498,416,
465,502,417,
467,490,416,
465,483,416,
466,494,398,
463,484,418,
466,463,430,
488,505,447,
478,453,443,
481,459,439,
492,470,443,
472,425,427,
471,451,382,
462,451,445,
464,456,435,
463,486,461,
486,493,439,
462,490,434,
461,504,385,
468,538,490,
464,454,488,
464,494,466,
469,530,428,
468,526,498,
470,527,484,
472,530,466,
473,527,446,
475,519,425,
475,511,440,
476,514,448,
476,493,456,
479,479,523,
478,471,481,
478,453,496,
478,446,470,
479,464,407,
480,436,457,
477,412,378,
479,450,439,
481,427,426,
477,440,450,
479,439,361,
476,449,449,
479,471,372,
478,458,393,
476,368,410,
476,371,396,
477,375,369,
478,374,364,
480,399,365,
477,392,375,
476,399,398,
475,399,398,
474,401,400,
471,400,397,
467,402,391,
461,406,380,
452,406,418,
448,404,410,
445,408,405,
444,406,387,
437,390,363,
431,402,382,
482,403,382,
422,412,336,
418,406,375,
422,423,337,
413,423,318,
412,451,333,
416,433,339,
405,430,341,
409,438,339,
414,481,339,
406,485,320,
407,470,339,
407,495,364,
409,531,370,
425,547,333,
417,411,306,
412,425,309,
475,457,343,
409,447,302,
408,436,297,
409,441,312,
414,454,298,
407,454,341,
