494,438,517,
494,443,515,
494,448,515,
495,470,522,
495,444,520,
495,415,522,
495,404,520,
496,404,518,
497,421,464,
497,484,444,
497,444,466,
497,519,428,
498,474,434,
498,440,492,
497,453,477,
502,476,458,
502,493,477,
500,538,540,
501,492,556,
502,525,573,
502,523,543,
504,520,538,
504,525,500,
505,536,605,
505,515,596,
506,515,604,
507,519,545,
507,517,511,
508,513,516,
508,514,542,
508,475,500,
509,460,514,
509,453,505,
509,461,491,
510,442,450,
510,427,455,
510,426,517,
509,436,515,
508,402,432,
507,399,501,
507,399,446,
506,399,485,
506,400,504,
505,399,510,
506,402,513,
506,405,517,
505,408,518,
505,419,516,
505,445,518,
503,426,517,
501,470,518,
499,462,517,
495,451,514,
487,443,509,
482,446,503,
478,443,498,
475,444,484,
469,450,427,
464,452,397,
460,457,453,
454,456,484,
448,434,469,
441,447,478,
434,466,469,
431,479,476,
428,469,399,
427,472,396,
425,477,347,
424,489,349,
425,490,410,
425,480,417,
424,474,393,
424,483,361,
424,491,404,
425,501,408,
427,506,409,
428,508,406,
429,510,406,
429,516,406,
429,514,407,
430,506,408,
431,511,408,
432,521,409,
432,514,408,
