478,438,604,
478,443,602,
479,470,605,
480,553,580,
480,516,585,
480,502,593,
480,517,597,
481,518,569,
481,477,609,
481,471,606,
481,477,605,
482,471,598,
482,479,570,
483,480,516,
483,480,555,
483,476,529,
483,476,539,
483,466,480,
483,466,506,
483,471,517,
481,475,570,
480,430,424,
481,429,504,
481,400,571,
482,410,566,
480,449,482,
481,439,440,
482,459,473,
481,462,467,
481,487,402,
482,518,460,
484,536,514,
485,533,425,
487,538,588,
485,568,551,
487,541,476,
486,532,615,
486,552,521,
486,542,523,
487,552,519,
487,571,517,
488,548,516,
487,552,517,
488,546,524,
489,539,550,
490,549,564,
490,538,554,
491,535,526,
492,517,526,
492,506,509,
492,515,475,
493,466,528,
493,465,485,
493,510,523,
494,507,501,
492,419,475,
492,439,480,
491,462,495,
491,486,507,
490,465,482,
489,435,485,
489,434,467,
489,435,464,
488,443,471,
489,476,464,
489,435,474,
489,441,438,
488,432,474,
488,442,453,
488,432,439,
487,436,447,
486,447,445,
484,437,464,
481,446,467,
477,449,463,
471,451,443,
465,434,427,
459,436,455,
457,432,425,
452,435,422,
475,465,400,
443,431,405,
440,427,374,
436,429,437,
433,429,416,
430,429,412,
427,432,450,
425,436,424,
421,439,476,
418,444,385,
418,450,430,
417,456,444,
419,483,463,
419,499,418,
420,488,430,
419,492,402,
422,528,428,
423,549,391,
423,556,410,
423,524,454,
424,538,439,
425,545,390,
425,554,378,
426,552,376,
425,530,382,
425,537,378,
426,550,385,
425,542,417,
426,562,419,
427,549,404,
427,551,414,
427,495,418,
