498,468,503,
498,471,504,
499,470,505,
499,469,505,
499,470,507,
499,472,502,
500,481,494,
503,492,508,
502,483,495,
505,492,541,
504,496,456,
505,521,533,
505,481,553,
506,486,533,
508,521,548,
507,525,600,
508,529,584,
509,541,571,
509,535,567,
511,545,525,
511,542,548,
512,581,522,
513,570,516,
513,562,542,
514,533,559,
513,512,524,
513,480,508,
513,492,477,
513,478,479,
513,516,470,
512,511,533,
512,501,528,
510,498,504,
508,386,513,
512,386,499,
514,388,525,
514,390,526,
515,395,527,
507,403,528,
506,405,528,
506,405,527,
503,405,522,
501,405,520,
497,405,516,
491,404,510,
485,400,506,
480,401,399,
476,410,480,
471,413,477,
466,417,498,
459,423,429,
452,429,471,
449,436,430,
444,445,446,
438,458,430,
433,468,481,
431,496,398,
429,521,398,
431,525,395,
431,527,397,
433,522,395,
435,538,349,
435,549,395,
434,546,394,
435,560,394,
434,526,394,
435,565,395,
436,568,394,
