454,497,427,
456,469,426,
455,434,426,
456,440,427,
456,436,428,
456,445,430,
457,478,433,
458,460,435,
457,455,437,
458,463,425,
458,470,434,
460,453,371,
460,450,399,
459,448,432,
461,499,396,
462,514,405,
463,430,391,
464,469,433,
463,446,414,
460,374,456,
462,419,473,
466,455,396,
466,424,484,
466,405,479,
474,446,532,
469,495,539,
468,518,542,
468,514,558,
469,475,434,
468,489,477,
470,487,460,
468,491,545,
469,491,547,
472,496,468,
472,499,496,
473,510,440,
472,505,430,
469,497,390,
469,485,369,
470,458,488,
471,446,378,
473,454,470,
473,414,484,
475,456,496,
474,467,456,
473,429,368,
472,429,449,
472,436,456,
474,443,437,
472,455,449,
472,449,406,
472,441,347,
470,452,455,
471,466,455,
471,399,418,
471,439,444,
470,427,452,
472,454,445,
471,414,443,
472,420,414,
471,414,419,
471,419,417,
470,418,413,
469,416,401,
467,420,405,
464,419,372,
459,418,432,
456,423,410,
452,424,368,
446,422,446,
480,456,476,
440,425,425,
443,430,355,
439,424,328,
426,426,406,
422,436,382,
416,481,375,
409,417,421,
410,468,439,
403,518,456,
398,497,425,
390,490,409,
390,502,417,
389,504,359,
386,507,311,
384,456,338,
391,490,330,
385,486,321,
393,491,301,
393,510,309,
393,493,319,
395,499,316,
397,540,319,
397,555,322,
399,493,324,
400,496,327,
422,507,361,
