475,396,432,
476,397,433,
476,397,434,
476,398,435,
476,397,436,
476,398,436,
476,399,437,
476,399,437,
476,399,436,
476,399,438,
478,400,397,
478,401,407,
479,402,384,
478,403,434,
478,416,442,
479,445,445,
481,462,441,
481,451,452,
491,453,419,
486,481,402,
484,494,395,
482,468,399,
481,432,423,
481,445,476,
483,463,481,
485,461,475,
486,500,415,
466,468,486,
458,463,456,
448,469,470,
442,459,419,
476,495,492,
478,484,505,
479,480,510,
481,482,510,
481,496,508,
482,534,504,
481,471,497,
482,450,494,
484,452,428,
486,446,451,
486,494,481,
486,439,476,
487,441,475,
487,461,468,
488,477,468,
487,485,469,
487,494,468,
487,427,416,
485,423,463,
487,423,447,
486,432,427,
487,430,410,
487,426,419,
486,421,427,
485,422,429,
485,419,427,
485,422,422,
484,422,428,
483,422,426,
481,426,423,
477,419,450,
472,419,443,
467,422,428,
461,424,431,
459,429,444,
448,423,375,
446,434,392,
472,461,408,
437,443,430,
468,445,448,
489,447,400,
455,450,373,
441,452,442,
436,451,396,
445,457,447,
443,468,452,
440,473,427,
412,462,400,
411,471,406,
410,432,387,
420,444,382,
404,454,378,
405,466,380,
404,471,376,
439,466,332,
435,461,371,
437,468,376,
