479,412,497,
480,410,497,
481,414,499,
481,391,499,
481,413,501,
482,462,506,
483,425,510,
483,417,524,
484,418,546,
484,420,547,
484,418,499,
484,431,453,
485,465,478,
485,439,543,
486,465,558,
486,432,566,
487,439,489,
489,469,477,
487,463,422,
489,501,536,
489,536,462,
489,527,483,
491,530,531,
491,498,462,
490,479,448,
491,479,522,
491,498,543,
493,496,455,
494,497,455,
495,496,532,
495,495,463,
495,491,483,
494,480,447,
494,477,520,
495,466,479,
497,455,427,
497,432,491,
497,417,480,
497,447,457,
497,401,443,
497,409,429,
495,410,472,
495,431,469,
496,424,404,
495,420,435,
497,497,441,
497,495,470,
497,502,448,
497,487,428,
496,498,429,
495,457,431,
494,461,393,
491,458,411,
485,458,412,
476,486,400,
467,477,418,
460,478,451,
454,478,459,
448,479,450,
442,493,450,
436,517,383,
430,464,483,
426,482,373,
421,493,443,
417,479,402,
416,440,389,
415,448,385,
415,452,350,
416,466,344,
418,496,368,
416,501,409,
416,497,397,
416,490,320,
417,500,406,
418,485,405,
419,498,374,
419,508,380,
420,504,366,
422,505,357,
422,502,343,
422,502,346,
423,504,335,
424,505,370,
