16.0532,12.5412,19.443,
16.1166,12.4434,19.443,
16.1166,12.4922,19.443,
16.1166,12.5904,19.443,
16.1166,12.5904,19.443,
16.1166,12.5412,19.443,
16.1166,12.5412,19.443,
16.1166,12.5904,19.443,
16.1166,12.6893,19.5219,
16.1166,12.6893,19.443,
16.1166,12.5904,19.443,
16.1166,12.6893,19.443,
16.1166,12.8391,19.443,
16.1166,12.8894,19.3644,
16.1166,13.668,19.443,
16.0532,14.3812,19.443,
16.0532,15.8021,19.443,
16.0532,16.9,19.443,
15.99,18.3761,19.2862,
15.9271,19.6013,19.5219,
16.0532,18.6738,19.681,
16.2444,20.5,19.7611,
16.3086,20.0038,20.0038,
16.9,19.5219,20.7537,
17.3765,19.443,21.1851,
17.2388,18.8247,21.0112,
17.0346,19.0538,20.8391,
16.9672,19.1309,20.7537,
17.0346,18.9771,20.7537,
17.0346,18.8247,20.6687,
17.0346,18.6738,20.5841,
16.9672,17.1705,20.6687,
16.9,17.7262,20.5,
16.9,17.3075,20.4163,
16.9,16.7003,20.5,
16.9672,16.1166,20.5,
16.9672,14.3251,20.5,
17.0346,13.9926,20.4163,
17.0346,13.6147,20.5,
16.9672,13.4034,20.4163,
16.9672,13.1439,20.4163,
17.0346,13.1954,20.4163,
18.3026,14.3251,21.9897,
17.8683,13.8835,21.4492,
18.0839,14.1025,21.9897,
17.6556,13.6147,21.4492,
17.5154,13.4559,21.3607,
17.5154,13.299,21.4492,
17.4458,13.3511,21.4492,
17.5154,13.299,21.3607,
17.5854,13.2471,21.4492,
17.5154,12.0595,21.3607,
17.5154,12.5412,21.3607,
17.5154,12.8391,21.4492,
17.5154,13.1954,21.4492,
17.5854,13.1439,21.3607,
17.5154,13.1439,21.4492,
17.4458,12.9906,21.3607,
