15.2525,12.9399,21.0112,
15.2525,12.8894,21.0112,
15.2525,12.8894,21.0112,
15.2525,12.8894,21.0112,
15.2525,12.8391,21.1851,
15.2525,12.8391,21.0979,
15.2525,12.8391,21.0979,
15.2525,12.7889,21.0979,
15.2525,12.8391,21.0979,
15.2525,12.8894,21.0112,
15.2525,12.9399,21.0979,
15.2525,13.1439,21.0979,
15.2525,14.0474,21.3607,
15.2525,14.7811,20.7537,
15.2525,15.3728,20.6687,
15.2525,15.6781,20.6687,
15.2525,17.1705,19.443,
15.2525,18.1565,20.0038,
15.1927,18.9771,22.1736,
15.1927,20.0855,19.681,
15.2525,19.8416,24.1241,
15.2525,20.0038,22.5473,
15.2525,20.0038,22.1736,
15.1927,20.0038,22.2663,
15.1332,19.681,23.1228,
15.1332,17.9399,25.5111,
15.2525,17.6556,23.2205,
15.2525,18.1565,24.331,
15.2525,15.8645,25.8459,
15.2525,17.5154,19.0538,
15.2525,15.99,20.7537,
15.2525,15.0149,20.5,
15.2525,14.4377,20.2501,
15.3126,14.3812,19.8416,
15.3126,14.3812,21.1851,
15.3126,15.1927,20.5,
15.3126,15.0149,19.2862,
15.3126,14.8975,19.1309,
15.2525,14.7811,19.3644,
15.3126,14.7233,21.8984,
15.3126,14.6084,21.8984,
15.3126,14.6084,21.8077,
15.3126,14.6084,21.8077,
15.3126,14.5512,21.8077,
15.3126,14.4943,21.6275,
15.3126,14.4943,21.8077,
15.3126,14.4943,21.5381,
