14.7811,12.8894,16.5686,
14.7811,12.1544,16.5032,
14.7811,12.5904,16.5032,
14.7811,12.8391,16.5032,
14.7811,12.8391,16.5032,
14.7811,12.6893,16.5032,
14.7811,12.8391,16.5032,
14.7811,12.9399,16.5032,
14.7811,13.0415,16.5032,
14.7811,13.1439,16.5032,
14.7811,13.3511,16.6343,
14.7811,13.9379,17.7971,
14.7233,15.0739,16.6343,
14.7233,16.0532,16.7666,
14.7233,17.7262,16.8331,
14.7233,18.8247,16.8331,
14.7233,19.2084,16.9,
14.7233,19.443,16.8331,
14.7233,18.9771,16.9,
14.7233,18.3026,16.8331,
14.7233,18.1565,16.7666,
14.7233,17.6556,16.8331,
14.7233,17.2388,16.7666,
14.7233,17.1024,16.7003,
14.7233,16.1166,16.7003,
14.7233,15.3728,16.7003,
14.7233,16.1166,16.6343,
14.7233,15.8021,16.7003,
14.7233,15.2525,16.7666,
14.7233,15.0149,16.5686,
14.7233,14.3812,16.438,
14.7233,13.9379,16.2444,
14.7233,13.6147,16.2444,
14.7233,13.299,16.2444,
14.7233,13.299,16.2444,
14.7233,13.1954,16.1804,
14.7811,13.2471,16.1166,
14.7233,13.1439,16.1166,
14.7811,13.1439,16.0532,
14.7811,12.8391,16.0532,
14.7233,13.2471,16.0532,
14.7233,13.1954,16.0532,
14.7233,13.0926,16.0532,
14.7233,13.0926,16.0532,
14.7233,12.8391,16.0532,
14.7233,13.0415,16.0532,
14.7233,12.9399,16.0532,
14.7233,12.9906,16.0532,
