17.1024,13.1954,21.4492,
17.0346,13.0415,21.4492,
17.1024,13.0415,21.4492,
17.1024,12.9906,21.3607,
17.1024,12.9906,21.4492,
17.0346,12.8391,21.3607,
17.0346,12.8894,21.3607,
16.9672,12.8894,21.1851,
16.9672,13.1439,21.2727,
16.9672,13.4559,21.1851,
16.9,13.9926,21.0112,
16.8331,15.6781,21.0112,
16.7666,16.9,20.9249,
17.2388,19.443,21.4492,
17.5854,20.333,21.8984,
17.9399,21.3607,22.2663,
18.0117,22.4531,21.8077,
18.0839,22.1736,21.8984,
18.45,21.0112,22.0814,
17.8683,18.8247,21.5381,
18.45,18.2293,22.1736,
19.1309,18.8247,23.0256,
17.3765,17.5154,21.0112,
17.1705,17.5854,20.7537,
17.1705,17.6556,20.6687,
17.1705,16.2444,20.7537,
17.2388,17.5854,21.0112,
17.1705,17.1024,21.1851,
17.1024,14.4943,20.8391,
17.1024,15.4942,20.6687,
17.1024,16.5032,20.6687,
17.1705,15.4942,20.6687,
17.1705,14.7811,20.7537,
17.2388,15.5552,21.2727,
17.1705,15.3728,21.4492,
17.1705,15.2525,21.5381,
17.1705,15.2525,21.4492,
17.2388,15.2525,21.3607,
17.2388,15.1927,21.2727,
17.1705,15.0739,21.2727,
17.1705,14.8975,21.4492,
17.5854,14.8975,22.642,
18.3026,14.2691,24.5402,
18.6738,14.7233,23.6167,
17.7971,14.1578,22.5473,
17.7262,14.9561,24.331,
17.7971,14.9561,21.7174,
17.7971,14.9561,21.5381,
17.7971,14.7811,21.4492,
17.7971,14.7233,21.3607,
17.7971,14.6084,21.5381,
17.7262,13.6147,21.4492,
17.7262,13.9926,21.5381,
17.7262,13.0415,21.6275,
17.7262,13.0415,21.6275,
17.6556,13.0926,21.7174,
17.6556,13.6147,21.6275,
17.7262,14.1578,21.7174,
17.7262,14.1578,21.7174,
17.7971,16.1166,21.7174,
17.6556,15.99,21.6275,
