17.5154,16.8331,21.4492,
17.4458,16.8331,21.3607,
17.4458,16.8331,21.3607,
17.5154,16.8331,21.4492,
17.6556,16.9672,21.4492,
17.5154,16.9672,21.4492,
17.6556,17.1024,21.6275,
17.7262,17.1705,21.7174,
17.3765,16.8331,21.1851,
17.3075,16.9672,21.0979,
17.2388,17.9399,21.0979,
17.1705,20.0038,21.0979,
17.1705,21.1851,21.0979,
17.0346,24.0215,21.0112,
16.9672,25.4008,20.8391,
16.9,26.3014,20.8391,
16.8331,26.7676,20.7537,
16.7666,27.0048,20.7537,
16.7666,26.3014,20.7537,
16.7666,24.0215,20.6687,
16.5686,24.2273,20.5841,
16.5686,24.6457,20.7537,
16.5686,23.7171,20.6687,
16.5686,24.2273,20.6687,
16.5686,20.5,20.6687,
16.5686,19.8416,20.6687,
16.6343,22.642,20.6687,
16.6343,22.8328,21.3607,
16.6343,22.7371,21.0112,
16.6343,22.5473,21.1851,
16.7003,20.5,21.1851,
16.7003,19.1309,21.2727,
16.7666,16.0532,21.2727,
16.8331,15.6166,21.2727,
16.9672,15.4334,21.5381,
16.9672,15.8021,21.5381,
16.9672,15.4334,21.5381,
16.9,15.5552,21.4492,
17.1024,15.6781,21.6275,
17.1024,15.5552,21.7174,
17.2388,15.5552,21.8077,
17.5854,15.9271,22.2663,
17.8683,16.1804,22.3595,
17.6556,16.1166,22.3595,
17.8683,16.1166,22.5473,
17.7971,15.9271,22.3595,
17.5854,15.8021,22.1736,
17.5854,15.74,22.0814,
17.6556,15.8021,22.1736,
