15.6781,12.6397,20.7537,
15.6781,10.4232,20.7537,
15.6781,11.192,20.7537,
15.6781,11.192,20.7537,
15.6781,11.2806,20.6687,
15.6781,11.0605,20.7537,
15.6166,10.6741,20.6687,
15.6166,11.9185,20.7537,
15.6781,12.739,20.6687,
15.6781,12.739,20.7537,
15.6781,12.8894,20.7537,
15.6781,10.548,20.6687,
15.6781,9.9369,20.6687,
15.6781,14.9561,20.5,
15.74,15.8021,20.8391,
15.6781,18.3761,20.1676,
15.6781,20.5841,20.2501,
15.6166,21.9897,19.2862,
15.6166,22.7371,23.5168,
15.6166,23.4175,22.9289,
15.6781,23.4175,21.2727,
15.6781,22.8328,20.0855,
15.6781,22.4531,19.8416,
15.6781,21.8984,19.7611,
15.6781,21.2727,19.7611,
15.6781,20.7537,19.7611,
15.6781,20.5,19.7611,
15.6781,20.0855,19.7611,
15.6781,19.681,19.6013,
15.6781,18.7491,19.6013,
15.6781,17.8683,19.7611,
15.6781,15.8021,20.0038,
15.74,15.3728,20.0038,
15.74,15.0739,20.0038,
15.74,14.8392,20.0038,
15.8021,14.7233,19.9225,
15.8645,14.4943,19.9225,
15.99,14.1578,20.333,
15.99,13.4034,20.0038,
16.1166,12.7889,20.0855,
16.2444,13.1439,20.0855,
16.7003,13.7216,20.7537,
18.7491,15.6166,22.9289,
18.8247,15.1927,22.9289,
18.9771,15.4334,23.1228,
18.9771,15.4334,22.9289,
19.0538,15.3728,23.1228,
19.1309,15.2525,23.2205,
19.1309,15.3728,23.2205,
19.2084,15.4942,23.2205,
19.0538,15.3126,22.9289,
19.0538,15.2525,23.0256,
