15.3126,13.2471,19.1309,
15.3126,13.1954,19.0538,
15.3126,13.1439,19.0538,
15.3126,13.1439,19.1309,
15.3126,13.1439,19.0538,
15.3126,13.1439,19.1309,
15.3126,13.1439,19.0538,
15.3126,13.1954,19.0538,
15.3126,13.299,19.0538,
15.3126,13.3511,19.0538,
15.3126,15.0149,19.0538,
15.3126,15.8645,19.1309,
15.2525,16.9,19.1309,
15.3126,19.2862,19.1309,
15.3126,20.7537,19.0538,
15.3126,20.5,19.1309,
15.3728,20.5,19.1309,
15.3728,20.0038,19.1309,
15.4334,19.681,19.1309,
15.4334,20.0855,19.1309,
15.3728,20.0038,19.2084,
15.3126,19.8416,19.1309,
15.2525,19.5219,19.1309,
15.3126,19.0538,19.0538,
15.3126,18.6738,19.0538,
15.3126,18.2293,19.0538,
15.3126,18.3761,19.1309,
15.3126,18.0117,19.0538,
15.3126,18.1565,22.2663,
15.3126,17.1705,21.7174,
15.3126,15.5552,22.0814,
15.3126,14.4943,21.9897,
15.3126,15.3126,21.7174,
15.3126,15.0149,21.8077,
15.3126,14.7811,21.9897,
15.3728,14.7233,21.8984,
15.3126,14.6657,21.8077,
15.3126,14.4943,21.8077,
15.3126,14.4377,21.8077,
15.3126,14.3812,21.8077,
15.3126,14.3251,21.8077,
15.3126,14.2691,21.7174,
15.3126,14.2691,21.8077,
15.3126,14.3251,21.8984,
15.3126,14.2691,21.8984,
