14.7811,11.6869,17.6556,
14.7811,11.6411,17.6556,
14.7811,11.6869,17.6556,
14.7811,11.5954,17.6556,
14.8392,11.5954,17.6556,
14.8392,11.5954,17.6556,
14.7811,11.5954,17.5854,
14.7811,11.6411,17.6556,
14.7811,11.6869,17.6556,
14.8392,11.7329,17.7971,
14.7811,12.2021,17.8683,
14.7811,13.2471,17.4458,
14.7811,14.4943,17.5154,
14.7811,15.1927,17.5154,
14.7811,16.9,17.5854,
14.7811,15.74,17.5854,
14.7811,20.2501,17.5854,
14.7811,20.333,17.5854,
14.8392,20.1676,17.5154,
14.8392,20.2501,17.2388,
14.8392,20.333,17.3765,
14.8392,20.4163,17.5154,
14.7811,19.8416,17.4458,
14.8392,19.443,17.3765,
14.7811,18.9771,17.2388,
14.7811,20.0855,17.1024,
14.7811,19.681,16.9672,
14.7811,19.2084,17.0346,
14.7811,17.7262,16.7003,
14.7811,15.5552,16.3086,
14.7811,14.9561,16.2444,
14.7811,14.4943,16.3086,
14.8392,14.2133,16.3732,
14.8392,13.9926,16.3732,
14.8392,13.9379,16.3732,
14.8392,13.8293,16.438,
14.8392,13.7753,16.438,
14.8392,13.668,16.5032,
14.8392,13.668,16.5686,
14.8392,13.6147,16.5032,
14.8392,13.6147,16.5032,
14.8392,13.6147,16.438,
14.8392,13.5615,16.5032,
14.8392,13.5615,16.5686,
14.8392,13.5615,16.5032,
14.7811,13.5086,16.5032,
