17.0346,13.5615,23.7171,
16.9672,13.668,23.818,
16.9672,13.668,23.818,
16.9672,13.668,23.818,
16.9672,13.668,23.9195,
16.9672,13.668,24.1241,
16.9672,13.668,24.331,
16.9672,13.7216,24.0215,
16.9672,13.9379,24.0215,
16.9672,14.3812,24.6457,
16.9672,15.2525,24.0215,
16.9,17.3075,23.9195,
16.9672,17.4458,21.9897,
16.9,20.4163,22.1736,
16.8331,20.8391,23.3188,
16.9,22.9289,23.3188,
16.7666,23.818,23.3188,
16.1166,23.2205,20.4163,
16.438,23.9195,20.4163,
16.8331,24.5402,22.9289,
17.1705,24.6457,21.0979,
16.9,24.5402,23.2205,
16.8331,21.3607,23.2205,
16.7666,21.1851,23.2205,
16.8331,20.7537,23.9195,
16.7666,23.4175,23.9195,
16.7666,22.7371,25.8459,
16.8331,19.2862,24.9657,
16.7666,18.9771,20.7537,
16.8331,17.9399,25.7337,
16.9672,20.5841,20.9249,
16.9,19.9225,20.4163,
16.9672,15.8021,20.8391,
16.7666,15.1332,20.7537,
16.5686,14.6657,20.5841,
16.438,14.1578,20.4163,
16.3732,13.668,20.4163,
16.3086,13.1954,20.2501,
16.1804,12.8391,20.2501,
16.2444,12.5412,20.1676,
16.2444,12.6893,20.2501,
16.1804,12.4922,20.1676,
16.1804,12.8894,20.1676,
16.1804,12.9906,20.1676,
16.1804,12.9399,20.1676,
