17.3075,14.7233,18.3026,
17.3075,14.7233,18.3026,
17.3075,14.7233,18.3761,
17.3075,14.7233,18.3761,
17.3765,14.7233,18.3761,
17.3765,14.7811,18.45,
17.3765,14.7811,18.45,
17.3765,14.7811,18.3026,
17.3765,14.8975,18.45,
17.3765,15.2525,18.3761,
17.3075,15.5552,18.45,
17.3075,18.2293,18.3761,
17.2388,18.9771,18.3026,
17.2388,19.7611,18.1565,
17.2388,21.0979,18.2293,
17.4458,21.9897,18.5988,
17.6556,23.0256,19.0538,
18.3026,23.818,19.6013,
16.9672,22.2663,18.3026,
16.3086,20.1676,17.8683,
16.1166,19.5219,18.5988,
15.99,19.9225,17.9399,
15.99,19.2862,18.1565,
16.0532,19.2084,18.9771,
16.0532,18.5988,19.3644,
15.99,19.2084,19.2862,
15.99,18.8247,19.2862,
15.99,18.45,19.2084,
15.99,18.0839,19.2084,
16.0532,17.6556,19.1309,
16.0532,16.9672,19.443,
16.0532,14.8975,19.681,
16.0532,14.4943,19.7611,
16.1166,14.2133,19.7611,
16.1166,14.1025,19.7611,
16.1166,13.9379,19.7611,
16.1166,13.8293,19.7611,
16.1166,13.7216,19.681,
16.1166,13.668,19.7611,
16.1166,13.6147,19.7611,
16.1166,13.5615,19.7611,
16.1166,12.9906,19.7611,
16.0532,12.8894,19.7611,
16.0532,12.8391,19.681,
16.0532,12.8894,19.681,
16.1166,13.0415,19.681,
