16.3732,14.8975,23.3188,
16.3732,14.7811,23.1228,
16.3732,14.6657,23.2205,
16.438,14.6657,23.2205,
16.3732,14.4943,23.1228,
16.3732,13.2471,23.1228,
16.3732,13.2471,23.1228,
16.3732,12.9399,23.0256,
16.3086,12.9399,23.0256,
16.3086,12.4434,23.1228,
16.3086,11.4145,23.1228,
16.3086,14.2691,23.0256,
16.3086,14.2691,23.1228,
16.3086,14.2691,23.0256,
16.3732,14.2691,23.1228,
16.3732,14.2691,23.0256,
16.438,14.2691,23.0256,
16.5032,14.3251,23.0256,
16.5686,14.3812,18.1565,
16.5032,14.7811,17.2388,
16.438,16.7666,21.3607,
16.7003,15.2525,19.8416,
17.3075,15.3126,18.1565,
17.5154,18.6738,22.3595,
18.5242,20.7537,22.4531,
17.8683,21.0112,19.7611,
22.7371,26.7676,28.1081,
20.1676,24.5402,28.3615,
18.45,22.4531,28.618,
19.8416,24.0215,27.0048,
19.9225,24.2273,25.2911,
20.8391,25.182,22.4531,
19.8416,23.9195,24.0215,
19.2084,22.9289,35.5333,
19.5219,23.2205,22.642,
19.3644,23.3188,23.7171,
19.2084,23.1228,24.7517,
19.0538,22.9289,25.8459,
19.2862,22.4531,27.9825,
20.0855,22.9289,29.9495,
20.6687,23.2205,23.9195,
18.9771,21.0112,21.8984,
18.5988,20.1676,19.0538,
18.3026,19.9225,17.2388,
18.2293,18.9007,15.8645,
18.2293,18.3761,17.1024,
20.5,20.0855,17.5854,
21.0979,21.1851,17.5854,
22.8328,21.6275,20.8391,
22.0814,20.7537,19.5219,
21.6275,19.9225,22.3595,
21.5381,19.443,19.2084,
21.4492,19.1309,18.0839,
21.3607,18.9771,21.0112,
21.3607,18.7491,22.5473,
21.3607,18.5988,20.8391,
21.4492,18.45,20.9249,
21.4492,18.3761,21.8077,
21.3607,18.0117,26.1865,
21.1851,17.9399,21.9897,
21.0979,17.7971,25.182,
21.0979,17.7262,23.5168,
21.2727,17.8683,21.0979,
21.1851,17.7971,22.3595,
21.1851,17.7971,23.9195,
21.1851,17.7971,27.7337,
