17.4458,16.3732,23.1228,
17.3765,16.3732,23.0256,
17.4458,16.438,23.1228,
17.5154,16.438,23.2205,
17.4458,16.3732,23.0256,
17.3075,16.438,23.0256,
17.3765,16.7003,23.1228,
17.3765,16.9,23.4175,
17.3765,17.1705,22.8328,
17.4458,17.9399,22.7371,
17.3765,19.2862,22.7371,
17.3075,21.8984,22.7371,
17.2388,23.6167,22.642,
17.1705,25.182,22.3595,
17.1705,26.0723,21.3607,
17.1705,26.8858,21.8984,
17.1705,27.1245,21.8984,
16.7666,26.5331,21.2727,
16.9672,26.7676,21.4492,
16.3086,26.0723,20.7537,
16.0532,25.4008,20.4163,
15.74,24.8584,20.0855,
15.5552,24.5402,19.9225,
15.4942,23.818,19.8416,
15.4942,23.9195,19.7611,
15.4334,22.9289,19.7611,
15.3728,22.3595,22.0814,
15.3126,21.6275,22.1736,
15.3126,19.8416,19.443,
15.3126,18.7491,19.443,
15.3728,16.3732,19.3644,
15.3728,16.2444,19.8416,
15.4334,15.3728,19.9225,
15.4942,14.9561,20.0855,
15.4942,14.3812,20.1676,
15.6166,14.2133,20.2501,
15.74,13.6147,20.333,
15.9271,14.0474,20.5841,
15.99,13.9379,20.5841,
16.0532,13.9926,20.6687,
16.0532,13.9926,20.6687,
16.1166,13.9379,20.7537,
16.1804,14.1025,20.8391,
16.2444,14.2691,20.8391,
16.1804,14.1025,20.8391,
16.2444,13.9926,20.8391,
16.2444,14.0474,20.9249,
16.2444,13.9926,20.9249,
