16.5686,13.5086,20.0038,
16.5032,13.5086,20.0038,
16.438,13.5086,20.0038,
16.3732,13.5086,20.0038,
16.1804,13.5086,20.0038,
16.1166,13.4559,19.9225,
16.0532,13.4559,20.0038,
15.8645,13.4559,19.9225,
16.5032,13.4559,19.9225,
16.3732,13.4559,19.9225,
16.3732,13.4559,19.9225,
16.438,13.5086,19.9225,
16.3732,13.5086,19.9225,
16.2444,13.5615,19.9225,
16.3732,13.7753,19.9225,
16.3732,14.1025,19.9225,
16.438,15.0739,20.0038,
16.438,16.438,20.0038,
16.5686,17.7262,20.1676,
16.6343,19.2084,20.6687,
16.5686,20.5,20.333,
16.5032,20.9249,20.0038,
16.8331,21.0979,20.0855,
16.5686,21.0112,20.0038,
16.7003,20.9249,20.0855,
17.3075,20.6687,20.1676,
17.3075,20.333,20.0855,
17.1705,19.9225,20.0855,
17.0346,19.681,20.0038,
16.9672,19.3644,19.9225,
16.438,18.9007,20.0038,
16.5032,18.3026,20.1676,
16.7003,17.7262,20.333,
16.7003,16.9672,19.8416,
16.438,15.8021,19.7611,
16.1166,14.8392,19.7611,
15.8645,12.6893,19.6013,
16.1804,13.8293,19.5219,
15.99,14.2133,20.5,
15.99,14.5512,19.6013,
16.5686,14.4377,19.7611,
16.5032,14.3812,25.7337,
16.5032,14.2691,21.7174,
16.438,14.1578,19.681,
16.438,14.1025,20.7537,
16.3732,14.0474,23.3188,
16.3732,13.9379,19.681,
16.3086,13.8293,19.6013,
16.3086,13.8293,21.0112,
16.1804,13.9926,20.1676,
15.2525,14.2133,20.0855,
15.8021,14.7233,19.8416,
15.3728,14.8392,24.5402,
15.4942,13.668,21.0979,
15.4334,13.8293,19.3644,
15.1927,15.2525,19.443,
14.9561,15.6166,18.9007,
14.7233,15.1927,19.3644,
14.7233,15.6166,19.2862,
14.5512,16.1166,13.9926,
14.4377,13.7216,13.2471,
14.3251,16.5686,13.4034,
14.2691,16.2444,13.0926,
14.2133,15.9271,13.1439,
14.2133,16.8331,12.7889,
14.1578,16.7666,14.3251,
14.1025,17.6556,18.5988,
14.0474,18.9007,14.3812,
13.9926,18.5988,13.5086,
13.8835,18.8247,16.5686,
13.8835,19.3644,16.6343,
13.8293,19.6013,25.182,
13.8293,20.4163,19.8416,
13.7753,20.6687,20.7537,
13.7216,20.6687,20.8391,
13.6147,20.1676,23.3188,
13.6147,19.3644,18.5242,
13.5615,19.2084,19.2084,
13.4559,19.7611,15.0739,
13.4034,19.7611,17.6556,
13.4034,20.6687,17.5854,
13.3511,21.2727,14.2691,
13.299,21.8077,15.5552,
13.299,22.0814,16.5686,
13.2471,22.2663,15.74,
13.2471,23.0256,15.4334,
13.2471,22.2663,15.3728,
13.1954,22.7371,16.3732,
13.1954,22.4531,16.9,
13.1954,22.4531,17.7971,
13.1439,23.2205,18.3761,
