17.6556,20.4163,22.1736,
17.6556,19.0538,23.1228,
17.4458,19.3644,22.642,
17.4458,19.5219,18.5242,
17.3075,19.681,18.1565,
17.1705,19.7611,18.0117,
17.1705,18.2293,17.7971,
17.1024,19.0538,17.6556,
17.0346,19.5219,17.9399,
16.9672,19.5219,22.1736,
17.0346,19.9225,18.0117,
17.4458,19.443,19.0538,
17.4458,19.5219,19.443,
17.8683,19.3644,19.2084,
18.8247,20.8391,20.2501,
17.9399,23.4175,21.7174,
18.8247,22.8328,19.3644,
19.0538,24.1241,23.7171,
18.5988,25.5111,19.0538,
18.8247,26.0723,19.681,
18.0117,26.65,21.6275,
18.6738,26.8858,21.1851,
18.1565,26.8858,22.3595,
19.3644,27.0048,19.2862,
14.8392,26.7676,23.3188,
18.2293,26.65,22.8328,
19.1309,27.0048,19.8416,
17.6556,27.1245,19.2862,
17.1705,28.1081,19.2084,
17.7971,27.9825,18.8247,
15.2525,28.3615,18.6738,
18.3026,28.1081,18.5988,
17.6556,27.2449,18.3026,
18.8247,25.0735,18.3026,
18.3761,26.7676,18.5242,
18.8247,26.8858,18.8247,
17.2388,26.3014,23.4175,
18.5988,26.3014,18.9771,
18.1565,24.7517,19.7611,
18.0839,24.8584,17.2388,
18.7491,24.1241,17.6556,
19.0538,20.2501,21.9897,
17.5854,18.2293,16.9672,
17.3075,17.5854,18.0839,
17.1024,19.2862,15.6781,
17.0346,16.9,14.7811,
17.0346,16.6343,13.8835,
17.1024,16.5032,15.1332,
17.3765,16.6343,13.2471,
17.7971,16.7666,19.1309,
17.3765,16.3732,11.779,
18.3026,17.1705,13.7753,
18.2293,16.9672,13.9926,
18.2293,16.9672,13.5615,
17.5854,16.438,12.9906,
17.3075,16.3086,14.2133,
17.4458,16.6343,16.9,
17.4458,16.9,15.0739,
17.7971,17.9399,14.1025,
18.3761,19.9225,15.9271,
18.3026,19.7611,15.74,
17.3075,19.7611,15.1927,
16.7666,21.1851,15.4334,
16.5032,21.7174,15.74,
15.99,23.0256,15.1927,
14.1025,24.2273,14.2133,
15.5552,25.0735,16.5686,
15.6166,25.6221,20.5841,
15.1332,25.6221,15.1927,
14.6657,30.5061,20.5,
14.2133,29.6765,17.5854,
14.0474,27.9825,17.7262,
14.4943,28.1081,20.333,
14.7811,28.8777,18.0839,
13.9379,27.2449,19.9225,
13.8293,27.6104,18.0117,
14.1578,27.9825,23.818,
13.6147,27.9825,18.5988,
14.3251,29.0088,18.8247,
13.7753,29.4069,19.2084,
13.4559,29.6765,20.333,
13.1954,30.5061,19.443,
11.9653,29.8126,18.1565,
11.779,29.2734,18.0839,
12.4922,29.1407,18.1565,
12.3948,28.2344,18.2293,
12.1544,28.1081,18.7491,
11.6869,28.2344,22.4531,
11.6411,28.2344,18.8247,
8.9851,27.9825,19.2862,
12.0595,28.1081,18.7491,
11.9185,27.9825,18.6738,
11.8253,27.8577,18.6738,
11.6411,27.8577,18.5988,
12.3463,27.9825,18.5988,
12.2981,28.1081,18.45,
12.0123,27.9825,18.1565,
11.4595,27.8577,18.0117,
10.6741,27.7337,17.5154,
11.9653,27.6104,16.7666,
12.1069,27.4878,15.8645,
12.0595,27.366,15.9271,
12.1544,27.366,16.3732,
12.1544,27.366,16.5686,
11.9185,27.366,15.4942,
11.0605,27.366,15.0149,
