16.8331,12.6397,14.8975,
16.8331,12.6397,13.9379,
16.7666,12.7889,13.8293,
16.7003,12.6893,18.0117,
16.7003,12.0123,17.4458,
16.7003,12.1544,17.1024,
16.6343,12.4434,14.2691,
16.5686,12.6893,20.2501,
16.5686,12.5412,16.7666,
16.5032,12.5412,14.8392,
16.5032,12.4922,17.7262,
16.5032,11.9185,19.0538,
16.5032,13.3511,18.5242,
16.5032,13.4559,16.5032,
16.5686,13.5086,17.2388,
16.6343,13.7753,17.3075,
16.7666,14.4943,17.5854,
16.8331,14.9561,14.3812,
16.9672,15.4942,18.2293,
16.9672,16.3732,17.5854,
17.1705,17.2388,18.9771,
17.5154,18.45,18.45,
17.7262,19.0538,19.0538,
17.7971,19.8416,18.0117,
17.8683,20.2501,18.5242,
17.7971,20.5841,19.7611,
18.0117,20.7537,14.7811,
18.0117,20.8391,16.5686,
18.0117,20.9249,18.9771,
18.0117,20.8391,17.9399,
17.8683,20.7537,17.7971,
17.6556,20.4163,17.5854,
17.4458,20.1676,20.5841,
17.4458,19.6013,19.3644,
17.3765,19.2084,19.0538,
17.3075,18.7491,16.3732,
17.3075,17.8683,17.1024,
17.1705,17.0346,17.7971,
17.1705,17.1705,19.2862,
17.1705,16.9,18.8247,
17.1024,16.7666,18.8247,
17.0346,15.74,18.6738,
17.0346,15.99,18.9771,
16.9672,15.6781,22.2663,
16.9672,15.2525,16.7666,
16.9672,14.5512,20.0038,
16.9672,14.1578,23.5168,
16.9672,13.7216,17.3765,
16.9672,13.2471,23.2205,
16.9672,13.3511,22.8328,
16.9672,13.0926,25.0735,
16.9672,13.1439,20.4163,
16.9672,13.0415,20.5841,
16.9672,12.9906,22.8328,
16.9672,12.8391,17.2388,
16.9,12.739,18.45,
16.9,12.739,17.5854,
16.9,12.6893,24.7517,
16.8331,12.6397,21.7174,
16.8331,12.6893,20.7537,
16.7666,12.6893,20.0038,
16.5686,12.9399,19.8416,
16.438,14.8392,20.1676,
16.1166,15.4942,17.1024,
15.9271,15.0739,17.5854,
15.6166,19.9225,22.0814,
15.3728,21.0112,15.74,
15.1332,22.2663,20.6687,
15.0149,23.0256,13.668,
14.8392,24.4353,16.5686,
14.6657,25.182,15.74,
14.4943,25.5111,18.6738,
14.3251,25.7337,14.2133,
14.1578,25.9588,16.0532,
13.9926,26.1865,17.6556,
13.8293,25.5111,17.9399,
13.7216,25.4008,17.1705,
13.5615,23.5168,14.3812,
13.4559,23.5168,15.4334,
13.4034,23.6167,14.3812,
13.3511,23.9195,14.3812,
13.299,22.9289,15.8021,
13.2471,27.6104,17.5854,
13.1954,27.6104,22.1736,
13.0926,27.0048,16.5032,
13.0415,24.8584,19.6013,
12.9906,25.9588,16.9672,
12.9399,27.7337,14.7811,
12.8894,27.366,19.2862,
12.8391,24.9657,17.2388,
12.7889,26.1865,17.3075,
12.7889,24.5402,18.6738,
12.739,23.9195,18.9771,
12.739,22.642,18.9007,
12.739,20.2501,16.7666,
12.739,20.7537,16.1804,
12.739,20.9249,16.3732,
12.739,20.4163,16.3732,
12.739,20.1676,16.5686,
12.6893,22.642,16.5032,
12.739,21.8984,18.2293,
12.6893,20.333,17.9399,
12.6893,19.9225,17.5854,
12.6893,20.0038,17.3075,
12.6397,19.5219,17.0346,
12.6397,19.6013,16.9,
12.6397,18.8247,16.7003,
12.6397,18.9007,16.5032,
12.5904,18.5242,15.99,
