18.7491,17.4458,21.1851,
18.9771,17.3765,21.0112,
19.1309,17.7971,21.3607,
19.3644,18.3026,24.6457,
19.681,18.5988,27.366,
20.0855,18.7491,23.5168,
20.0038,18.6738,23.818,
19.9225,18.45,25.182,
20.0038,18.9007,24.6457,
20.0038,19.0538,26.5331,
20.333,19.443,23.1228,
20.7537,20.0038,23.7171,
21.0112,20.2501,21.4492,
20.9249,22.9289,21.5381,
20.9249,24.331,24.9657,
21.1851,26.1865,21.6275,
21.2727,26.0723,22.642,
21.4492,27.2449,25.8459,
21.5381,27.7337,22.2663,
21.1851,27.6104,21.0979,
21.0979,27.6104,23.9195,
21.1851,27.4878,26.4169,
20.8391,27.0048,20.8391,
20.5841,27.1245,20.7537,
20.5,27.0048,21.2727,
20.6687,27.0048,21.4492,
20.7537,26.8858,21.1851,
20.5841,28.3615,21.0112,
20.5,28.4893,20.8391,
20.2501,28.618,20.7537,
20.1676,27.9825,24.8584,
20.2501,27.7337,25.182,
20.333,26.7676,28.7475,
20.5,26.1865,24.7517,
20.4163,25.6221,26.1865,
20.333,25.2911,27.366,
20.1676,25.0735,24.8584,
19.6013,25.5111,21.1851,
18.9007,23.1228,19.7611,
18.3761,21.8077,19.3644,
18.0117,20.5841,21.8077,
17.8683,19.9225,20.7537,
18.2293,18.1565,23.3188,
18.0117,18.6738,22.9289,
18.1565,17.3765,22.3595,
18.0839,17.5154,19.3644,
18.0839,17.6556,22.642,
18.0117,17.5854,21.8077,
18.0117,17.6556,22.2663,
18.0839,17.7971,22.7371,
18.0839,17.3765,18.7491,
18.0117,17.1705,18.45,
18.0117,17.5854,18.3761,
17.8683,19.2084,18.45,
18.0839,20.2501,18.7491,
18.3026,21.5381,22.1736,
17.7971,21.5381,21.2727,
18.7491,24.6457,21.4492,
16.7666,26.1865,22.3595,
16.0532,27.6104,19.9225,
15.74,28.8777,15.5552,
15.74,26.3014,17.2388,
15.6781,27.7337,20.6687,
15.99,31.6634,15.4942,
16.7666,33.8427,15.74,
16.6343,34.1714,24.9657,
16.6343,31.2223,15.99,
16.3086,30.226,20.9249,
15.74,30.7898,16.1166,
16.1166,31.8123,15.99,
16.0532,32.1133,15.74,
14.1578,30.7898,21.6275,
13.1954,29.1407,22.2663,
13.299,30.933,18.5988,
13.1954,32.4182,22.5473,
12.9906,30.3656,20.8391,
12.8391,32.2652,20.5841,
12.7889,32.2652,18.7491,
12.5904,32.2652,19.3644,
12.4922,32.1133,22.0814,
12.4434,32.1133,19.1309,
12.3463,31.9623,18.9771,
12.3948,31.8123,18.9771,
12.5412,31.8123,19.2862,
12.5412,31.5154,19.8416,
12.4922,30.6475,18.9771,
12.4922,31.3684,19.2084,
12.4922,31.3684,18.9771,
12.3948,31.2223,19.0538,
12.3463,31.0772,18.9771,
12.3463,30.7898,18.9007,
12.0595,30.7898,18.8247,
12.1544,30.933,18.8247,
12.1069,30.6475,18.7491,
12.1069,30.6475,18.7491,
12.1069,30.5061,18.5988,
