18.1565,10.2997,20.9249,
18.0839,10.3819,21.0979,
18.0839,10.4647,24.0215,
18.0839,10.3819,22.8328,
18.0839,10.5063,18.5988,
18.0117,10.548,19.443,
18.0117,10.548,18.3761,
17.9399,10.5899,18.3026,
17.9399,10.5063,17.8683,
17.9399,10.5063,21.1851,
17.9399,10.548,22.7371,
17.8683,10.4647,22.0814,
17.8683,10.2997,21.5381,
17.8683,10.0166,18.0839,
17.8683,10.0566,19.0538,
17.8683,9.8578,18.0839,
17.8683,9.7792,18.1565,
17.8683,11.8718,18.1565,
17.8683,10.0968,18.0117,
18.0117,12.0123,17.2388,
18.0839,14.1025,17.7971,
18.2293,12.8391,18.6738,
18.3761,16.438,18.7491,
18.45,17.1705,17.6556,
18.5242,17.4458,16.5686,
18.5242,17.4458,9.5466,
18.5988,17.4458,21.7174,
18.5988,17.3765,17.7971,
18.5242,16.1166,16.7666,
18.5242,13.668,14.4943,
18.45,15.9271,13.8835,
18.3026,15.5552,12.3463,
18.1565,15.5552,12.5904,
18.0117,15.4334,12.9906,
17.9399,14.8975,12.4922,
18.0117,15.0149,13.0415,
18.0117,16.1166,15.8021,
17.9399,15.74,15.6166,
17.8683,14.7811,14.8392,
17.8683,13.7753,18.5988,
17.8683,13.8293,19.443,
17.7262,12.2021,15.99,
17.7262,12.25,18.1565,
17.7971,14.0474,23.4175,
17.7971,13.7216,25.0735,
17.7971,13.3511,23.7171,
17.6556,12.6893,16.1804,
17.6556,12.3463,21.5381,
17.6556,12.25,16.1166,
17.5854,12.2021,12.4434,
17.5854,12.0595,14.3812,
17.5854,11.779,15.3126,
17.5854,11.0605,20.2501,
17.5854,10.6319,19.2862,
17.6556,10.2181,16.9672,
17.6556,10.548,17.3765,
17.5854,10.5899,19.681,
17.5854,10.4647,20.5,
17.5154,10.2589,22.3595,
17.5154,9.9767,22.3595,
17.4458,11.1042,17.7971,
17.3765,10.2181,17.1024,
17.2388,10.0166,17.5854,
17.0346,11.8718,16.1804,
16.7666,12.1069,18.3761,
16.5032,12.3463,16.6343,
16.2444,12.3463,16.2444,
15.99,12.7889,17.1024,
15.74,13.7753,25.7337,
15.4942,14.7233,22.5473,
15.3126,17.1024,20.9249,
15.1332,17.7971,15.3126,
14.8975,18.9771,17.5854,
14.7811,21.8077,14.9561,
14.6084,21.7174,12.3948,
14.4943,20.7537,9.3941,
14.3812,19.6013,10.7164,
14.2691,19.6013,9.4321,
14.1578,20.5841,13.4559,
14.0474,20.7537,12.2021,
13.9379,24.0215,11.8253,
13.8293,24.0215,11.8253,
13.7753,23.9195,13.4559,
13.7216,22.7371,13.2471,
13.668,23.0256,16.9672,
13.6147,23.6167,17.3765,
13.6147,23.2205,21.0112,
13.5086,23.4175,17.3765,
13.5086,22.7371,16.9,
13.5086,20.9249,16.3732,
13.4559,24.2273,16.3086,
13.4559,24.5402,16.438,
13.4034,24.9657,16.5686,
13.4034,25.4008,16.5032,
13.3511,24.1241,16.438,
13.3511,24.4353,16.438,
13.3511,23.5168,16.438,
13.299,24.4353,16.3732,
13.299,24.7517,16.5686,
13.299,24.4353,16.7666,
