17.5154,16.7003,18.3026,
17.5154,16.7666,18.2293,
17.5154,16.7666,18.2293,
17.5154,16.7666,18.7491,
17.4458,16.6343,18.1565,
17.4458,17.1705,20.0038,
17.5154,17.7262,19.3644,
17.5154,19.681,19.2084,
17.3765,20.7537,19.2862,
17.7262,20.6687,19.6013,
17.1705,23.4175,19.9225,
17.1705,25.2911,20.4163,
16.9,26.5331,22.7371,
18.3761,27.6104,23.2205,
18.5242,27.366,18.5242,
16.8331,27.6104,20.1676,
16.438,27.4878,22.2663,
18.1565,26.7676,22.4531,
18.2293,24.9657,23.5168,
18.0839,24.5402,22.4531,
18.0839,25.2911,22.7371,
18.0117,26.3014,24.9657,
17.8683,26.3014,21.0979,
17.7971,26.0723,22.1736,
17.7262,25.9588,20.0038,
16.9,25.9588,22.7371,
15.3728,25.8459,21.3607,
17.3075,25.8459,21.1851,
17.7262,25.4008,24.331,
17.8683,24.9657,21.0112,
17.7971,24.5402,18.45,
17.6556,24.0215,20.5,
17.5854,23.1228,21.2727,
17.5854,21.8077,19.681,
17.5154,20.6687,18.6738,
17.3765,20.0855,22.3595,
17.2388,17.5854,17.8683,
17.2388,19.1309,21.8984,
17.1705,18.9007,18.5988,
17.0346,18.45,20.2501,
16.9,17.3075,21.8984,
16.5032,17.3075,17.7971,
16.5686,17.3765,23.6167,
16.438,17.3075,19.6013,
16.1166,17.3765,17.8683,
16.2444,17.1705,23.5168,
16.3086,17.3765,22.642,
16.3086,16.9672,23.3188,
16.3732,18.8247,21.8077,
16.5032,19.2084,20.9249,
16.7003,19.681,21.8984,
16.6343,19.7611,27.6104,
16.8331,21.5381,24.331,
16.5686,22.8328,22.5473,
16.0532,23.9195,25.182,
15.9271,24.7517,20.5841,
15.8021,25.0735,17.5154,
15.5552,26.8858,22.5473,
15.3126,27.9825,17.5154,
15.0739,29.6765,20.5841,
14.8392,30.3656,18.45,
14.5512,30.6475,17.9399,
14.2691,27.1245,17.7971,
13.9926,27.8577,18.0839,
13.8293,28.7475,18.45,
13.668,29.0088,18.6738,
13.5086,32.5722,19.5219,
13.4034,32.2652,19.3644,
13.3511,32.7273,19.3644,
13.299,30.933,19.3644,
13.4034,31.3684,19.6013,
13.7753,32.8834,20.1676,
14.2133,33.8427,20.6687,
13.5615,32.5722,19.8416,
13.4559,32.7273,19.681,
13.3511,32.4182,19.5219,
13.5086,32.7273,19.8416,
13.6147,32.5722,19.9225,
13.8293,32.8834,20.2501,
13.9926,33.0406,20.4163,
14.2691,33.5186,20.6687,
14.6657,33.8427,21.1851,
14.5512,33.8427,21.0979,
14.4377,33.6801,20.9249,
14.4377,33.6801,20.8391,
