17.6556,17.0346,16.0532,
17.5854,17.0346,15.74,
17.5854,17.0346,15.5552,
17.5854,17.0346,15.5552,
17.5854,17.1024,15.4942,
17.5154,17.1024,15.4334,
17.5854,17.1024,15.4942,
17.5154,17.1024,15.0149,
17.5154,17.1024,15.0149,
17.5854,17.1024,15.1332,
17.5154,17.1705,14.8975,
17.5154,17.1024,14.6084,
17.5154,17.1705,14.6657,
17.5154,17.1705,14.7233,
17.4458,17.1705,15.74,
17.4458,17.2388,16.3732,
17.5154,17.2388,17.5154,
17.5854,17.3765,17.3765,
17.6556,17.7971,17.2388,
17.8683,18.3026,14.7233,
17.8683,19.3644,25.6221,
18.1565,20.4163,21.0112,
18.3026,21.3607,18.9771,
18.3761,21.8984,20.7537,
18.3026,22.7371,24.0215,
18.6738,20.333,20.5841,
18.7491,20.333,20.9249,
19.0538,23.818,16.6343,
19.2084,23.5168,16.3086,
18.9771,23.3188,15.9271,
18.1565,22.9289,15.99,
18.7491,19.0538,21.0112,
17.3765,17.4458,19.2862,
18.8247,19.1309,21.8077,
18.7491,18.7491,21.6275,
18.45,15.6166,21.4492,
18.3026,19.1309,20.9249,
18.0839,14.8392,21.5381,
17.9399,14.1025,20.8391,
18.0839,15.1332,19.6013,
17.5154,15.4334,16.9672,
17.8683,16.6343,20.0038,
18.0117,15.4942,20.2501,
17.8683,16.1166,19.681,
17.8683,15.6781,24.331,
17.8683,15.8645,21.7174,
17.7971,15.4942,22.4531,
17.7262,16.6343,22.1736,
17.5154,13.2471,21.7174,
17.4458,12.6397,25.0735,
17.1705,12.25,21.6275,
17.1024,12.0123,19.6013,
17.1024,11.3697,19.6013,
17.1024,13.7216,22.9289,
17.3765,13.5086,22.9289,
17.3765,12.4434,22.5473,
17.3765,12.8391,16.5686,
17.3075,12.2021,15.74,
17.1024,12.2021,20.0038,
17.3075,11.7329,17.3765,
17.2388,13.5615,17.6556,
17.1705,13.5615,18.9771,
17.1705,13.5615,23.7171,
17.0346,13.6147,21.0979,
16.6343,13.5086,17.5854,
16.6343,13.6147,17.1705,
16.5686,13.7216,18.6738,
16.5686,13.7216,17.4458,
16.5032,13.8293,17.1705,
16.438,13.7753,18.9007,
16.438,15.2525,16.5032,
16.5686,17.1024,17.1705,
16.5032,17.8683,17.2388,
16.3086,25.2911,18.5988,
16.1166,27.1245,19.8416,
16.0532,28.7475,15.8021,
15.74,30.0873,14.3812,
15.6166,28.3615,14.4377,
15.4334,28.2344,18.5242,
15.1927,26.5331,17.5154,
15.0739,24.331,14.7811,
14.7811,23.4175,14.4377,
14.6657,25.4008,17.1705,
14.2133,16.1166,17.8683,
14.2691,24.0215,17.1024,
14.0474,17.5854,18.1565,
13.9926,21.8077,19.6013,
13.8835,20.333,17.5154,
13.7753,19.2084,15.4942,
13.7216,25.6221,16.1166,
13.668,30.5061,15.9271,
14.1025,31.5154,19.8416,
15.6781,34.0065,21.9897,
15.6166,33.6801,22.0814,
15.99,33.8427,22.642,
16.0532,33.8427,22.8328,
16.0532,34.0065,22.9289,
16.1166,34.1714,23.1228,
14.7233,32.1133,21.3607,
13.6147,29.6765,20.0855,
13.9926,30.226,20.5,
16.1804,33.8427,23.2205,
16.2444,33.5186,23.2205,
16.1166,33.0406,22.9289,
16.0532,32.8834,22.8328,
16.0532,33.0406,22.9289,
15.99,32.5722,22.8328,
15.74,32.4182,22.4531,
15.0739,31.3684,21.8077,
14.8392,30.7898,21.4492,
14.1578,29.8126,20.5841,
