17.3075,16.9672,15.6166,
17.3075,16.9672,15.6166,
17.3075,16.9672,16.1166,
17.3075,16.9672,19.443,
17.2388,16.9672,17.3765,
17.1705,16.9672,17.5154,
17.1024,16.9,16.9672,
17.0346,16.9672,15.6781,
17.0346,16.9,15.5552,
17.0346,16.9,14.7233,
17.0346,16.8331,15.8021,
16.9672,16.7666,16.7666,
17.0346,16.7666,14.5512,
17.0346,16.7666,14.6084,
16.9672,16.7003,14.2133,
17.0346,16.5686,14.2691,
16.9672,16.5686,14.4377,
16.9672,16.438,14.8392,
17.0346,16.438,14.8975,
17.1024,16.5686,16.8331,
17.0346,16.5686,16.6343,
17.1705,16.7003,18.1565,
17.3075,17.2388,16.7666,
15.5552,18.3026,16.7666,
17.6556,19.5219,17.1705,
17.7971,20.6687,15.99,
17.7971,22.2663,15.4942,
17.7971,23.4175,19.681,
18.1565,24.331,17.5154,
18.1565,24.7517,18.8247,
18.45,24.9657,18.5988,
18.5988,25.182,17.9399,
18.5988,25.182,18.9007,
18.5242,25.182,18.1565,
18.5242,25.0735,16.3086,
18.45,24.1241,16.7666,
18.3026,24.0215,17.7971,
18.1565,23.818,17.9399,
18.0839,24.0215,18.5242,
18.0117,23.3188,19.3644,
17.8683,23.7171,17.6556,
17.7971,23.5168,17.1705,
17.7262,23.4175,15.8645,
17.6556,23.0256,18.3026,
17.6556,22.5473,16.7003,
16.7666,22.1736,13.7753,
17.4458,21.8077,16.2444,
17.1024,21.1851,13.7753,
17.3075,20.2501,13.5086,
17.3075,20.2501,13.668,
17.2388,19.2084,16.2444,
17.1705,18.3761,15.3126,
17.2388,16.6343,18.5242,
17.1705,16.6343,14.3251,
17.1705,14.0474,13.2471,
13.3511,15.0149,17.1705,
16.3086,13.2471,13.8835,
16.3086,11.6411,13.6147,
14.1025,13.0415,13.0926,
15.9271,12.7889,14.1578,
15.8645,12.739,13.9926,
16.5686,12.2981,15.9271,
16.5686,12.25,17.0346,
16.5686,12.2981,12.9906,
16.5686,12.3463,13.2471,
16.5032,12.5412,17.1705,
16.5032,12.5412,17.0346,
16.438,12.4434,17.9399,
16.438,12.4922,19.443,
16.438,12.4922,15.0739,
16.438,12.3948,16.8331,
16.3732,12.8894,17.7971,
16.3732,12.8391,16.9,
16.3732,13.0926,13.4034,
16.3732,13.0926,18.8247,
16.5686,15.5552,16.6343,
16.3732,17.1024,18.6738,
16.3732,18.9771,13.0415,
15.99,20.6687,13.2471,
15.5552,21.5381,17.9399,
15.3126,22.5473,13.299,
14.5512,23.9195,13.4034,
14.2133,24.2273,18.5988,
13.6147,23.9195,19.7611,
13.5086,23.9195,17.8683,
12.9906,21.0979,14.3251,
14.4377,24.8584,16.6343,
12.9906,22.642,15.0739,
14.6657,16.5032,18.7491,
14.2133,27.9825,18.5988,
13.5086,28.2344,17.0346,
14.4943,28.3615,17.3075,
13.9926,28.1081,15.99,
13.7753,28.3615,17.7262,
13.7753,24.9657,17.0346,
13.668,22.1736,18.1565,
13.668,25.5111,16.1166,
13.6147,28.2344,16.2444,
13.5086,27.8577,15.74,
13.4559,26.8858,16.1166,
13.4034,25.0735,15.5552,
13.3511,24.8584,15.3126,
13.299,24.331,14.8392,
13.2471,25.0735,14.6084,
13.2471,25.4008,14.6657,
13.1954,26.4169,16.6343,
12.7889,24.6457,14.8975,
11.8253,26.8858,15.8021,
12.5904,27.6104,15.4942,
12.5904,27.0048,15.1927,
12.5904,23.818,15.4334,
12.8391,27.4878,16.5032,
12.8894,26.65,16.1166,
12.8391,19.0538,16.1166,
12.8391,23.3188,16.3086,
12.5904,23.0256,16.3732,
12.3948,25.6221,16.438,
12.3463,25.5111,16.3732,
