16.3732,13.4559,15.4334,
16.3086,13.4559,15.4334,
16.3086,13.4559,15.4334,
16.2444,13.4034,15.3728,
16.2444,13.299,15.3728,
16.2444,13.1954,15.3126,
16.1804,13.2471,15.2525,
16.1804,13.1439,15.1927,
16.1804,13.1439,15.1927,
16.1804,13.0926,15.1332,
16.1804,13.1439,15.1332,
16.1166,13.1439,15.0739,
16.1804,13.1954,15.0739,
16.1804,13.2471,15.0739,
16.1804,13.5086,15.0149,
16.1804,14.9561,14.7811,
16.2444,15.74,14.2691,
16.3086,14.1025,14.4943,
16.438,16.9672,14.9561,
16.3732,17.4458,15.4942,
16.7003,16.8331,16.1166,
16.7003,19.443,16.6343,
16.6343,19.1309,14.1578,
16.7666,21.3607,18.5988,
17.1024,21.4492,14.7811,
17.3075,22.3595,15.8645,
17.4458,22.7371,17.7262,
15.8645,20.333,17.6556,
17.4458,23.3188,18.6738,
17.5154,22.642,18.7491,
17.5154,23.4175,21.0112,
17.4458,23.5168,18.8247,
17.1705,23.4175,18.45,
17.1024,23.2205,18.45,
16.9672,22.7371,18.45,
16.8331,22.4531,18.3761,
16.7666,22.3595,18.3761,
16.7666,22.0814,18.3026,
16.9,21.8077,18.3026,
16.9672,21.8077,18.2293,
16.7003,21.4492,18.1565,
16.7003,21.0112,18.1565,
16.7003,20.7537,18.0839,
16.3086,20.0855,18.3026,
16.3732,19.5219,18.5242,
16.5032,18.7491,18.2293,
16.438,18.0117,18.1565,
16.438,17.1705,17.9399,
16.3732,16.7003,25.0735,
16.3732,16.438,21.4492,
16.3732,16.0532,18.5988,
16.3086,13.668,20.0038,
16.2444,14.7811,20.333,
16.2444,12.9399,17.8683,
16.3086,13.7216,17.8683,
16.2444,14.7233,24.1241,
16.2444,14.4377,23.5168,
16.2444,14.3251,21.5381,
16.2444,14.1578,18.1565,
16.2444,14.1578,23.0256,
16.1804,13.9926,17.8683,
16.1804,13.9926,18.0117,
16.1166,13.9926,25.5111,
16.1166,13.9926,18.5242,
16.1166,13.9926,18.2293,
16.1166,13.9926,18.3026,
16.1166,14.5512,18.0839,
16.1166,14.8392,18.0839,
15.99,14.9561,18.3761,
15.9271,15.0739,18.6738,
15.8021,14.1025,20.5,
15.74,13.7753,20.7537,
15.74,14.7233,20.9249,
15.5552,12.25,20.9249,
15.4334,14.6657,19.6013,
15.2525,17.5854,17.9399,
15.0739,21.5381,14.3812,
14.8975,22.642,17.8683,
14.6657,24.0215,13.5615,
14.3812,25.4008,13.2471,
13.9379,25.9588,13.8293,
13.8835,21.0112,19.2862,
13.7216,21.9897,17.4458,
13.5615,18.5988,14.4943,
13.4034,19.3644,13.9926,
13.299,18.0839,14.1578,
13.1954,23.6167,13.0926,
13.1439,27.4878,13.299,
13.0926,27.9825,19.2084,
12.9906,28.3615,18.5988,
12.9906,28.4893,18.5242,
12.9399,28.7475,21.3607,
12.8894,28.8777,19.1309,
12.8391,28.7475,18.6738,
12.8391,28.7475,19.0538,
12.7889,28.4893,18.9007,
12.739,27.2449,22.1736,
12.6893,27.7337,20.4163,
12.6893,27.7337,23.5168,
12.6397,27.7337,20.333,
12.6397,27.6104,18.9771,
12.6397,27.7337,19.2084,
12.6397,27.7337,18.9771,
12.6397,27.366,19.1309,
12.6397,27.2449,19.0538,
12.5904,27.0048,20.0855,
12.5904,27.0048,21.3607,
12.5904,26.8858,23.7171,
12.5904,27.1245,21.7174,
12.5904,27.0048,19.0538,
12.5412,25.5111,18.9771,
12.4922,27.6104,18.9007,
12.4434,27.2449,18.9007,
12.4434,27.0048,18.9007,
12.3948,27.366,18.9007,
12.3948,27.366,18.9007,
