16.438,13.8835,16.6343,
16.3732,14.1025,16.2444,
16.3732,14.1578,14.4377,
16.3732,13.9379,12.9906,
16.3732,13.8835,14.4943,
16.3086,13.7216,16.438,
16.3086,13.9926,14.2691,
16.3086,14.1025,13.5086,
16.3086,13.9379,16.9,
16.3732,14.0474,15.1332,
16.438,14.1578,12.6397,
16.5032,14.6657,15.3126,
16.5686,14.9561,15.4334,
16.5032,15.9271,17.1024,
16.2444,17.1024,15.3728,
16.1166,18.0117,14.8392,
16.7003,18.45,13.3511,
16.8331,18.1565,13.299,
16.7666,19.8416,15.0739,
16.9,20.0038,15.4334,
17.3075,19.6013,17.2388,
17.4458,19.8416,16.9672,
17.5154,20.0038,21.0112,
17.6556,21.0979,16.9,
17.5154,20.8391,15.0739,
17.5154,20.6687,17.4458,
17.4458,20.333,15.74,
17.3075,20.2501,16.7003,
17.2388,20.0038,21.4492,
17.1024,20.0855,21.2727,
17.1024,19.8416,20.5,
17.1024,19.443,15.8021,
17.0346,19.443,15.8645,
16.9,19.1309,14.6657,
16.9,18.8247,15.6166,
16.9,18.3761,15.8645,
16.8331,18.45,13.9926,
16.8331,18.5988,12.8894,
16.7003,18.0839,13.5615,
16.6343,17.7971,12.739,
16.6343,17.5854,12.8894,
16.5686,17.2388,13.3511,
16.5686,17.0346,15.0149,
16.5686,16.2444,18.0117,
16.5032,15.8021,21.8984,
16.5032,14.2133,27.7337,
16.5032,10.3408,20.0855,
16.438,9.9767,18.1565,
16.438,10.4647,17.1024,
16.438,12.6397,20.1676,
16.438,12.6893,16.9672,
16.3732,12.5412,21.5381,
16.3086,11.6869,18.6738,
16.3086,11.7329,16.438,
16.2444,12.9906,19.7611,
16.1804,11.5954,18.9007,
16.1166,12.4922,21.3607,
15.9271,12.8391,23.0256,
15.74,13.1954,19.8416,
15.5552,14.4943,16.0532,
15.2525,16.1804,20.0855,
14.8975,17.0346,17.3075,
14.6657,18.3026,17.0346,
14.3812,19.1309,18.0117,
14.1578,20.8391,17.6556,
13.9926,20.333,16.9,
13.8293,19.443,14.6084,
13.668,20.8391,15.1332,
13.5615,24.0215,16.1166,
13.7216,24.5402,16.3086,
13.668,25.182,13.7753,
13.5615,22.7371,16.5686,
13.4559,27.366,16.1166,
13.4034,27.9825,20.5,
13.3511,27.8577,20.7537,
13.2471,25.7337,18.0839,
13.1954,22.8328,20.6687,
13.0926,24.7517,18.3026,
12.9906,19.1309,21.2727,
12.9399,26.1865,18.3761,
12.8391,18.5988,18.3761,
12.7889,19.6013,18.5242,
12.739,18.1565,19.681,
12.6893,16.9672,19.8416,
12.6893,22.642,18.5242,
12.6893,21.6275,18.5242,
12.6397,16.5032,18.5988,
12.6397,19.3644,18.5242,
12.6397,19.5219,18.5242,
12.6397,18.9007,18.5242,
12.5904,19.8416,18.5242,
12.5904,20.6687,18.5242,
12.5904,22.2663,18.5242,
12.5904,22.3595,18.5242,
12.5412,22.4531,18.5242,
12.5412,21.9897,18.5242,
12.5412,20.8391,18.45,
12.4922,19.3644,18.5242,
12.4922,18.0839,18.45,
12.4922,18.5242,18.45,
12.4922,19.0538,18.45,
12.4434,17.5854,18.3761,
12.4434,18.7491,18.3761,
