16.7666,17.1024,18.0117,
16.7666,17.1705,18.1565,
16.7666,17.1024,19.2084,
16.7003,17.1024,18.8247,
16.7003,17.1705,18.5988,
16.7666,17.1705,18.45,
16.7666,17.2388,18.2293,
16.7666,17.2388,18.3026,
16.7003,17.1705,18.7491,
16.7666,17.1705,18.5242,
16.7666,17.2388,18.7491,
16.8331,17.3075,20.0855,
16.8331,17.4458,20.5,
13.4034,17.5154,20.2501,
13.0415,20.4163,19.8416,
14.3812,21.0979,18.3026,
17.5854,20.7537,20.1676,
17.7262,22.9289,20.0855,
17.7971,24.0215,19.681,
18.3761,25.6221,22.2663,
16.8331,26.3014,24.331,
18.7491,26.65,20.0038,
19.0538,26.7676,18.9007,
18.3761,26.65,21.8984,
18.2293,26.65,21.3607,
18.0839,26.7676,23.9195,
14.5512,26.7676,22.1736,
17.3075,26.7676,24.8584,
17.3765,26.65,20.333,
16.1166,26.5331,26.0723,
17.0346,26.1865,25.8459,
17.6556,25.9588,19.1309,
18.2293,25.9588,22.9289,
18.0839,25.8459,20.9249,
17.5154,25.5111,22.4531,
17.7971,25.2911,20.7537,
17.7971,24.8584,23.5168,
18.1565,24.4353,20.6687,
14.8392,24.1241,21.8077,
17.1024,23.7171,20.5841,
18.0839,22.5473,22.1736,
16.6343,19.443,23.1228,
17.7971,20.6687,23.0256,
17.3765,19.681,21.1851,
17.3765,19.1309,21.2727,
15.6166,17.0346,20.8391,
14.9561,16.9,20.0038,
17.5154,16.7666,18.5242,
17.4458,17.3765,26.0723,
17.3075,16.5686,24.0215,
17.2388,17.3075,21.0112,
16.9,16.1804,22.9289,
16.9,15.6781,22.8328,
16.7003,16.0532,18.5242,
17.1024,15.74,24.0215,
16.5032,15.8021,19.2084,
17.1024,16.1804,22.7371,
17.2388,16.0532,20.6687,
16.7666,16.1166,22.4531,
17.1705,16.2444,24.4353,
17.3765,16.6343,20.7537,
17.3765,16.9672,21.8077,
17.3075,16.7666,22.2663,
17.1024,16.9,21.0979,
16.9,18.0117,21.1851,
16.6343,14.4943,19.5219,
16.438,18.6738,19.2084,
16.0532,19.7611,18.9007,
15.74,23.7171,19.8416,
15.4942,24.6457,18.3026,
14.5512,21.7174,20.6687,
14.5512,28.2344,17.0346,
14.2691,27.4878,25.6221,
14.1025,22.8328,17.5854,
13.668,18.9007,17.7262,
13.4559,24.8584,19.681,
13.3511,28.7475,19.443,
13.4559,29.1407,18.7491,
13.2471,29.1407,19.1309,
13.0415,33.1988,21.1851,
12.6397,33.1988,19.5219,
12.6397,32.7273,20.6687,
13.1954,32.8834,20.6687,
13.1439,32.1133,22.0814,
13.0926,31.8123,19.5219,
12.9906,31.9623,19.5219,
13.0415,32.1133,19.5219,
12.9906,32.1133,19.5219,
12.9399,31.8123,19.5219,
12.9399,31.9623,19.443,
12.9399,31.9623,19.443,
12.8894,31.6634,19.443,
12.8894,31.3684,19.3644,
12.8894,31.2223,19.3644,
12.8391,30.7898,19.2862,
12.8391,31.0772,19.2862,
12.8391,31.2223,19.2862,
12.8391,31.0772,19.2084,
12.7889,30.7898,19.1309,
