16.9672,13.668,16.0532,
16.9672,13.6147,16.6343,
16.9672,13.7216,15.74,
16.9672,13.668,14.4377,
16.9,13.7216,16.1166,
16.9,15.2525,14.0474,
16.9672,15.5552,12.8391,
16.9,15.6166,13.668,
16.9,15.74,14.2133,
16.9,15.8021,13.0415,
16.9,15.8021,14.4943,
16.9,15.8021,13.1954,
16.9,15.8645,13.7753,
16.9672,15.9271,13.7753,
16.9672,15.9271,13.7753,
16.9672,16.0532,13.5086,
17.0346,16.6343,13.5086,
17.1024,17.1705,13.668,
17.2388,18.0117,14.7233,
17.3075,18.9007,14.6657,
17.3765,20.0038,14.1025,
17.3765,21.2727,16.8331,
17.5154,22.2663,13.0415,
17.5854,22.8328,13.1439,
17.6556,23.3188,17.4458,
17.5854,23.6167,16.9,
17.6556,23.818,16.1804,
17.5154,23.7171,15.8645,
17.5854,23.4175,16.438,
17.5154,23.5168,15.8021,
17.4458,23.7171,15.74,
17.4458,23.818,16.0532,
17.3765,23.7171,16.5686,
17.3075,23.5168,18.7491,
17.1705,23.1228,19.6013,
17.1024,22.5473,18.5988,
16.9672,22.0814,19.5219,
17.0346,21.8984,20.2501,
17.1024,21.5381,18.0839,
17.1705,20.0855,18.1565,
17.1705,18.2293,18.9007,
17.1705,18.2293,17.5854,
17.1705,17.8683,18.45,
17.1705,17.3765,19.681,
17.1024,16.438,16.1166,
17.1024,18.5242,16.1804,
17.1024,18.5242,16.1166,
17.0346,17.9399,16.2444,
17.0346,17.2388,16.7666,
17.0346,16.8331,17.5854,
17.0346,16.438,16.7003,
17.0346,15.99,18.1565,
16.9672,14.4943,18.7491,
16.9672,13.0415,24.1241,
16.9672,12.9399,15.8645,
16.9672,12.8391,19.6013,
16.9672,12.3948,17.5154,
16.9672,15.0739,15.0739,
16.9672,15.0739,14.7233,
16.9672,15.0149,14.8975,
16.9,15.0149,13.9926,
16.9,14.9561,14.3251,
16.9,14.8975,16.2444,
16.8331,14.8392,15.8021,
16.8331,14.7811,14.2133,
16.8331,14.7811,14.1025,
16.8331,14.8392,16.3086,
16.7666,15.0149,18.45,
16.7003,15.1927,16.0532,
16.5032,15.6781,14.6657,
16.3086,16.1804,14.9561,
16.1804,18.1565,16.8331,
15.99,20.0038,18.6738,
15.8645,21.8077,17.1024,
15.5552,23.6167,15.2525,
15.3728,24.6457,16.8331,
15.2525,25.4008,12.7889,
15.0739,26.0723,14.1025,
14.9561,26.4169,12.8391,
14.7811,26.4169,15.4334,
14.6657,26.8858,21.5381,
14.4943,27.0048,12.8391,
14.3251,27.0048,13.4034,
14.1578,27.1245,14.7811,
13.9926,26.8858,13.299,
13.8293,27.4878,13.9926,
13.668,20.5841,13.7753,
13.6147,19.3644,15.8021,
13.5086,27.366,17.2388,
13.4034,27.9825,17.5854,
13.3511,28.4893,18.0117,
13.299,28.7475,18.3761,
13.1954,29.2734,18.45,
13.0926,28.8777,18.5988,
13.0415,28.3615,20.5841,
12.9906,27.366,18.5988,
12.9399,27.366,21.8984,
12.8894,27.4878,21.3607,
12.8391,26.0723,18.7491,
12.8391,23.818,19.8416,
12.8391,22.8328,22.4531,
12.8391,27.6104,21.0979,
12.8391,27.4878,18.8247,
12.8391,27.1245,19.1309,
12.8391,27.0048,18.9007,
12.7889,27.1245,18.6738,
12.7889,26.8858,18.6738,
12.7889,25.6221,18.6738,
12.739,27.1245,18.7491,
12.739,27.2449,19.2084,
12.739,27.2449,18.6738,
12.6893,27.2449,18.6738,
12.6893,27.2449,18.5988,
