18.3026,16.9,13.9926,
18.9771,17.5154,14.4943,
18.9771,17.6556,14.4943,
18.5242,17.1705,14.2133,
19.2084,17.8683,14.8392,
19.8416,18.5242,15.3728,
19.1309,17.7971,14.7811,
18.9771,17.7971,14.6084,
18.5988,17.5154,14.3251,
18.6738,17.6556,14.4943,
19.2084,18.0117,14.9561,
18.8247,17.7262,14.6084,
19.0538,18.3026,14.7811,
18.8247,18.2293,14.5512,
18.5988,18.6738,18.45,
18.3026,19.8416,15.8645,
18.1565,21.0979,15.1927,
20.7537,23.818,16.1804,
20.333,24.4353,16.1166,
19.7611,24.7517,21.5381,
20.4163,26.0723,17.3765,
20.5841,25.5111,18.45,
20.7537,27.1245,21.2727,
21.0979,27.366,24.0215,
21.5381,27.8577,19.9225,
21.7174,27.8577,25.6221,
21.0979,27.0048,25.182,
20.4163,26.1865,24.4353,
20.0038,25.5111,24.0215,
19.9225,25.2911,24.2273,
19.9225,24.9657,25.0735,
20.2501,25.182,21.8984,
20.1676,24.7517,25.0735,
20.333,24.6457,30.933,
20.5,24.2273,23.6167,
19.8416,22.9289,22.8328,
19.8416,21.8984,20.6687,
19.9225,19.5219,22.7371,
19.6013,19.1309,18.6738,
20.0855,18.9771,18.6738,
20.7537,18.9007,16.0532,
19.9225,17.7262,19.2862,
19.2862,16.438,13.8293,
18.45,15.3728,18.9771,
18.9007,15.3728,13.668,
19.0538,15.0739,15.0739,
18.3026,15.5552,16.438,
18.1565,16.1804,19.1309,
18.6738,16.7003,15.0739,
18.9007,16.9672,17.5154,
19.1309,17.4458,16.8331,
19.681,18.0839,15.6166,
19.443,18.1565,16.9,
19.2862,17.5854,16.5686,
19.1309,17.5854,16.3732,
18.9771,18.1565,16.5686,
18.1565,18.6738,14.6657,
17.8683,20.9249,24.331,
16.9,22.2663,16.0532,
15.8645,23.2205,15.74,
16.7003,25.5111,16.9,
15.99,27.1245,21.2727,
15.3728,27.8577,13.4559,
15.3126,28.2344,14.1025,
15.5552,28.8777,14.5512,
15.3126,28.4893,14.5512,
15.0149,28.1081,15.2525,
14.6084,27.4878,14.1578,
14.6657,26.0723,16.438,
15.0739,30.0873,20.8391,
16.7666,32.7273,22.642,
15.3126,28.3615,20.6687,
14.5512,30.7898,21.0112,
15.3126,31.9623,27.366,
15.99,33.6801,22.2663,
16.1804,33.6801,16.6343,
16.3732,31.8123,19.3644,
16.438,29.2734,18.6738,
15.2525,22.8328,20.8391,
14.0474,29.1407,19.6013,
14.1025,27.9825,19.6013,
14.6084,29.9495,20.7537,
15.74,31.6634,22.0814,
15.6166,31.8123,21.8077,
15.5552,31.5154,21.0979,
15.3126,31.0772,20.9249,
15.0149,30.7898,21.0112,
14.9561,30.0873,20.9249,
