17.1705,16.9,21.0979,
17.1705,16.8331,18.9771,
17.1024,16.8331,18.2293,
17.1024,16.8331,18.0117,
17.1024,16.9,17.9399,
17.0346,16.9672,18.0117,
17.1024,16.9672,17.9399,
17.0346,16.9,18.0117,
17.1024,16.9,18.0839,
17.2388,16.9672,18.0117,
17.2388,16.7003,18.0839,
17.3075,17.7971,20.7537,
17.3075,18.3761,19.9225,
17.5154,20.333,21.1851,
17.6556,20.5841,23.6167,
17.7971,22.642,18.7491,
17.7971,23.9195,19.2084,
17.8683,24.4353,19.443,
17.7971,24.7517,19.6013,
17.7262,24.9657,23.3188,
17.6556,24.7517,20.7537,
17.7971,24.7517,22.1736,
17.7971,24.7517,22.2663,
17.3765,23.818,18.45,
16.9,24.6457,18.45,
17.2388,24.4353,18.45,
17.0346,24.5402,18.5242,
16.9672,23.9195,18.45,
15.4942,24.0215,18.3761,
16.6343,22.642,18.3026,
16.3732,22.1736,18.5988,
16.7666,21.8984,18.2293,
16.8331,21.6275,18.2293,
16.7003,21.3607,18.1565,
16.7666,21.1851,18.0839,
16.6343,20.8391,18.1565,
16.438,20.5841,22.4531,
16.9672,20.9249,19.7611,
16.9,19.443,20.0038,
16.9672,18.9007,18.3026,
16.9672,18.3026,18.0117,
16.9672,16.7666,21.4492,
16.9672,16.5032,18.2293,
17.0346,16.2444,18.0117,
17.1024,16.1804,17.9399,
17.0346,16.0532,22.7371,
17.0346,15.99,21.1851,
17.0346,15.3728,18.0117,
16.9672,13.6147,19.6013,
16.9672,14.6657,22.1736,
16.9,13.9926,18.3761,
16.8331,13.7753,19.681,
16.7666,15.3728,19.8416,
16.5032,14.1578,19.9225,
16.3086,16.9672,18.3026,
16.1804,17.7262,18.5988,
16.0532,18.3761,20.5841,
15.8645,19.3644,17.5154,
15.6781,21.0979,21.6275,
15.3728,22.9289,19.1309,
15.1927,23.3188,23.0256,
15.0149,25.2911,19.7611,
14.8392,26.65,14.3251,
14.6657,28.3615,14.5512,
14.4943,25.7337,15.6166,
14.3812,26.0723,21.1851,
14.2133,26.1865,15.8021,
14.0474,26.4169,12.3948,
13.9379,26.4169,13.1954,
13.7753,26.65,13.9926,
13.668,27.1245,13.299,
13.5086,32.1133,16.9,
13.4034,31.5154,15.3126,
13.299,32.1133,16.7003,
13.1954,31.9623,16.3086,
13.0926,33.0406,16.0532,
13.0926,33.0406,16.5032,
13.0415,32.1133,18.3026,
13.2471,32.1133,19.2084,
13.8293,32.7273,16.7666,
14.0474,33.8427,17.5154,
13.9926,33.8427,17.8683,
13.9379,33.0406,17.8683,
13.9926,33.1988,18.1565,
14.0474,34.1714,18.5242,
14.0474,33.5186,18.5242,
14.0474,33.5186,18.5242,
13.9926,32.5722,18.5242,
13.9379,32.1133,18.45,
