468,481,473,
469,481,473,
468,481,473,
468,481,473,
469,480,473,
468,481,473,
469,481,472,
469,480,472,
469,480,472,
469,480,472,
469,480,472,
469,480,471,
469,479,471,
469,479,471,
469,477,472,
469,475,473,
469,472,474,
469,467,475,
470,459,475,
469,448,472,
469,440,429,
469,433,457,
468,427,437,
468,423,447,
467,417,415,
467,412,413,
466,408,434,
465,405,450,
465,402,448,
464,399,444,
463,398,443,
463,395,445,
462,395,442,
460,395,426,
462,397,403,
461,396,421,
460,396,428,
460,397,435,
461,397,443,
463,399,444,
462,399,440,
463,401,428,
463,403,430,
463,405,435,
464,407,442,
464,409,441,
464,410,441,
464,413,438,
464,415,437,
464,417,424,
464,420,433,
464,423,408,
464,428,428,
463,434,439,
464,441,448,
464,449,464,
464,458,441,
464,465,454,
464,470,467,
465,474,418,
465,477,430,
464,479,469,
464,481,471,
464,483,471,
464,484,458,
463,485,397,
462,486,472,
461,486,473,
461,486,471,
461,487,471,
461,487,441,
462,486,406,
461,484,442,
461,482,471,
461,481,468,
462,479,471,
464,476,469,
465,471,472,
467,462,463,
469,455,472,
471,447,470,
474,439,477,
476,433,471,
478,429,478,
480,425,466,
482,422,457,
482,419,464,
483,417,473,
484,416,477,
484,416,461,
485,414,469,
487,415,462,
496,421,471,
486,411,483,
486,410,483,
485,407,487,
484,405,444,
479,400,485,
474,395,468,
472,391,457,
469,388,489,
475,391,499,
472,387,487,
472,385,480,
470,382,466,
465,375,420,
470,378,448,
470,375,458,
471,376,466,
473,376,482,
475,376,452,
478,377,446,
479,377,445,
479,375,442,
482,377,436,
498,389,443,
500,390,437,
484,378,423,
473,367,413,
483,377,418,
498,389,464,
490,382,469,
488,380,471,
487,377,462,
490,382,469,
513,400,488,
513,399,486,
510,397,479,
508,395,473,
504,392,470,
501,390,468,
500,390,470,
496,388,471,
496,388,465,
