426,440,381,
425,439,398,
423,437,395,
422,435,399,
421,435,404,
421,435,404,
421,434,401,
421,435,400,
422,435,392,
421,434,398,
420,433,393,
421,435,362,
419,432,386,
417,430,396,
414,425,394,
411,420,389,
418,423,395,
416,418,393,
415,414,389,
415,412,376,
412,402,383,
413,393,396,
410,387,397,
411,383,402,
410,378,401,
417,379,360,
416,374,408,
415,370,394,
417,371,326,
411,362,398,
410,359,402,
409,359,400,
419,369,407,
429,376,416,
441,388,429,
448,393,434,
450,394,435,
449,395,435,
449,395,435,
450,397,436,
451,399,436,
451,401,438,
452,404,433,
453,406,413,
453,409,406,
454,410,393,
453,413,441,
454,417,405,
453,422,438,
454,427,428,
454,430,439,
454,435,440,
453,439,440,
453,442,442,
449,443,437,
446,447,437,
448,454,438,
455,466,445,
456,470,449,
444,463,439,
442,464,436,
441,467,438,
441,469,438,
444,472,442,
444,474,442,
444,473,441,
444,474,442,
444,474,442,
444,474,443,
446,474,443,
447,474,445,
449,473,445,
450,472,446,
451,471,446,
454,469,445,
457,464,443,
461,461,440,
465,459,414,
468,457,419,
472,455,412,
474,450,439,
476,446,445,
478,444,447,
480,443,445,
480,439,451,
481,435,457,
481,433,455,
480,430,448,
479,428,460,
478,424,458,
478,422,402,
477,419,460,
478,418,462,
478,415,463,
479,411,463,
480,411,465,
482,410,466,
485,408,466,
487,407,466,
490,406,469,
493,405,468,
496,407,469,
498,404,467,
500,404,467,
502,404,467,
505,404,468,
507,403,468,
509,403,468,
517,407,473,
519,408,475,
519,408,474,
520,408,475,
521,408,474,
522,408,474,
523,410,475,
526,410,476,
528,412,476,
528,412,477,
529,413,477,
529,413,477,
530,413,477,
530,414,477,
530,413,476,
531,414,476,
530,413,477,
531,414,477,
531,414,477,
531,414,477,
531,414,477,
531,413,475,
531,414,476,
531,414,476,
531,414,476,
531,414,476,
532,414,476,
532,414,476,
532,415,476,
532,415,476,
532,415,476,
532,415,476,
532,414,476,
532,414,477,
