465,486,453,
465,486,454,
465,486,451,
465,486,449,
465,487,447,
465,487,450,
465,487,441,
465,487,445,
466,487,444,
465,487,450,
466,486,450,
466,487,452,
466,487,451,
466,487,446,
466,486,444,
466,486,436,
466,484,434,
466,481,438,
465,475,436,
464,468,434,
463,458,430,
462,446,433,
461,438,405,
459,431,432,
458,425,440,
458,421,401,
457,415,396,
456,407,409,
455,403,412,
455,400,407,
456,400,409,
453,398,434,
453,399,430,
452,399,403,
453,399,396,
452,399,393,
453,399,402,
454,400,409,
455,401,414,
456,402,424,
456,405,415,
457,408,399,
457,410,420,
458,413,415,
457,416,420,
458,418,417,
458,421,432,
458,424,431,
458,430,423,
458,433,413,
458,439,450,
459,446,440,
459,452,444,
459,459,440,
459,465,443,
459,471,451,
460,475,422,
460,478,444,
460,481,449,
459,483,439,
461,487,449,
459,486,445,
459,487,398,
459,488,446,
459,488,446,
459,488,444,
459,489,428,
459,488,447,
459,488,448,
459,488,448,
459,487,448,
459,486,448,
459,484,448,
459,481,447,
459,479,449,
460,478,449,
461,478,448,
462,476,417,
465,473,429,
468,467,419,
471,463,453,
474,456,454,
477,449,458,
479,444,457,
482,438,458,
483,432,458,
485,429,460,
486,426,461,
487,423,463,
489,422,465,
489,422,466,
491,421,468,
491,420,470,
492,419,472,
493,418,474,
493,418,476,
494,417,478,
495,416,479,
496,414,481,
496,414,481,
497,413,481,
498,412,481,
499,411,481,
501,411,481,
502,410,479,
504,410,478,
506,409,478,
506,408,475,
512,414,479,
510,411,476,
511,409,475,
513,410,476,
515,409,477,
515,408,475,
511,404,469,
492,387,451,
486,383,445,
490,384,447,
492,387,447,
492,386,446,
492,387,445,
496,388,448,
503,393,454,
505,394,456,
506,396,457,
508,396,458,
510,398,459,
512,399,462,
512,399,461,
512,399,461,
512,399,461,
512,399,461,
514,400,462,
519,405,467,
519,405,467,
518,404,466,
518,404,466,
518,404,466,
519,405,467,
520,406,467,
520,405,467,
520,407,468,
520,407,468,
