464,488,451,
464,488,450,
464,488,451,
464,488,450,
464,488,450,
464,488,448,
464,488,444,
464,488,446,
464,488,448,
464,488,448,
465,487,448,
464,486,448,
464,484,450,
464,480,451,
464,472,454,
463,459,455,
462,442,455,
462,436,454,
461,432,453,
460,425,449,
459,419,456,
459,416,478,
459,414,475,
459,410,460,
456,404,455,
454,402,449,
454,399,448,
453,397,447,
453,397,446,
453,397,446,
453,397,446,
454,398,446,
456,399,446,
456,401,447,
457,403,448,
457,405,448,
457,410,450,
458,413,451,
458,417,452,
458,420,452,
458,424,452,
459,428,385,
459,433,394,
458,437,411,
459,441,448,
458,448,434,
459,455,385,
459,461,405,
459,466,437,
459,472,467,
459,476,460,
460,480,449,
460,482,470,
459,484,465,
459,486,474,
458,487,479,
458,488,479,
457,489,477,
457,490,475,
457,490,475,
458,490,475,
458,490,475,
459,489,475,
459,488,475,
460,486,475,
460,483,475,
461,478,475,
462,473,476,
463,469,477,
465,466,478,
466,463,478,
467,459,471,
468,458,472,
470,457,480,
473,455,481,
477,452,480,
480,450,479,
482,447,474,
484,444,476,
486,443,477,
488,443,478,
490,442,473,
491,441,471,
491,439,472,
492,438,474,
493,437,475,
494,435,434,
494,432,480,
495,430,470,
496,427,430,
496,426,484,
496,425,469,
497,422,441,
498,422,472,
499,420,441,
500,419,493,
502,417,491,
504,417,492,
506,416,490,
508,415,492,
510,414,493,
512,414,486,
515,413,486,
517,413,487,
518,413,484,
520,414,483,
521,414,481,
523,414,480,
524,413,480,
526,413,479,
526,414,479,
527,413,478,
528,413,478,
528,414,477,
529,413,475,
530,414,476,
530,414,475,
531,414,475,
531,414,475,
532,415,475,
532,414,434,
532,415,460,
533,415,464,
533,415,476,
533,415,458,
533,415,460,
533,415,452,
533,415,475,
533,415,478,
533,415,477,
534,415,478,
533,416,477,
533,415,478,
534,416,479,
534,416,479,
534,416,479,
534,416,479,
534,417,479,
534,417,480,
