381,482,363,
385,486,367,
387,529,368,
387,537,369,
386,535,367,
384,499,367,
388,522,368,
388,528,368,
390,509,369,
388,503,368,
388,508,368,
385,508,367,
384,520,366,
393,564,365,
382,434,361,
387,434,365,
384,410,360,
386,403,363,
383,402,362,
385,399,350,
382,389,355,
384,488,370,
376,511,361,
362,327,319,
358,315,347,
350,310,363,
351,310,340,
350,310,312,
350,319,312,
356,328,319,
356,338,315,
356,330,314,
355,327,315,
349,321,314,
353,329,376,
344,323,318,
347,327,372,
335,320,350,
331,324,305,
346,340,360,
346,344,342,
350,352,299,
351,358,334,
354,363,335,
358,367,338,
371,370,343,
369,376,351,
364,375,349,
416,431,399,
420,436,404,
418,438,404,
421,442,406,
419,442,406,
418,436,404,
418,431,405,
421,433,404,
421,431,404,
418,420,399,
434,433,415,
435,431,415,
438,428,416,
436,427,415,
436,424,415,
437,423,413,
435,427,411,
434,461,409,
430,452,402,
467,450,401,
426,450,398,
448,492,389,
366,436,328,
419,535,377,
438,449,344,
436,428,373,
438,432,336,
439,434,351,
438,448,365,
438,423,347,
439,422,329,
439,422,338,
480,474,428,
475,464,376,
461,461,358,
438,434,294,
433,430,389,
446,443,374,
477,467,388,
442,436,393,
451,446,400,
453,449,401,
453,450,406,
