436,476,446,
435,473,445,
436,473,446,
436,471,445,
437,473,445,
437,474,444,
438,473,446,
438,474,445,
438,474,445,
438,473,446,
438,472,446,
439,472,447,
440,471,448,
440,469,449,
440,466,449,
440,468,449,
441,474,450,
439,467,450,
439,458,450,
437,446,451,
441,421,455,
433,394,446,
445,397,460,
448,393,464,
438,383,453,
446,404,463,
450,417,467,
450,425,468,
444,442,460,
423,429,439,
427,429,442,
434,433,447,
433,434,447,
437,436,448,
437,441,447,
435,443,446,
437,447,446,
438,455,446,
438,461,447,
440,467,447,
440,473,446,
439,488,445,
438,497,441,
420,466,424,
439,496,440,
468,533,468,
467,540,468,
468,544,470,
468,555,406,
468,550,406,
469,550,455,
469,550,469,
469,550,468,
471,549,468,
471,547,469,
471,534,469,
471,535,469,
471,541,469,
472,529,469,
473,524,469,
473,526,470,
474,513,470,
476,494,469,
477,509,470,
478,471,469,
481,465,470,
483,483,470,
485,493,470,
488,491,469,
491,486,469,
493,480,468,
494,461,468,
496,463,467,
498,466,467,
498,463,467,
500,465,466,
501,458,460,
503,456,437,
504,455,435,
505,458,430,
506,446,429,
507,420,427,
507,452,454,
508,457,429,
508,460,448,
509,477,437,
509,521,436,
509,422,462,
509,424,463,
509,423,453,
510,424,434,
510,425,457,
510,430,454,
510,431,462,
510,436,449,
510,441,418,
510,440,409,
