442,526,381,
442,520,379,
443,525,385,
442,532,392,
441,539,393,
441,534,390,
442,520,387,
442,514,377,
443,531,380,
450,514,385,
443,516,381,
442,513,382,
447,516,377,
455,515,389,
451,514,388,
451,507,382,
450,509,384,
464,457,395,
451,461,371,
463,455,386,
447,439,374,
449,446,415,
450,440,376,
447,422,377,
442,405,433,
438,399,410,
429,377,412,
435,382,373,
435,382,434,
437,395,437,
438,390,410,
437,390,414,
424,320,399,
427,321,395,
426,322,376,
427,322,416,
429,325,415,
430,326,401,
431,330,395,
433,332,430,
433,337,381,
435,340,392,
435,347,386,
437,358,380,
435,367,423,
435,377,423,
436,385,424,
436,391,425,
437,399,395,
440,403,431,
439,406,426,
438,435,364,
438,418,431,
437,479,414,
439,484,378,
441,518,432,
444,522,341,
446,523,438,
444,525,432,
441,517,430,
442,523,379,
442,520,389,
442,514,383,
441,492,389,
442,496,399,
444,486,406,
446,483,406,
450,463,404,
450,459,405,
451,449,405,
452,444,404,
455,435,405,
459,432,408,
459,430,404,
461,437,404,
464,441,397,
467,393,378,
471,390,404,
471,383,353,
473,384,393,
471,383,354,
472,409,382,
473,419,387,
472,425,412,
472,425,426,
472,415,422,
473,413,400,
473,414,425,
473,424,429,
474,422,432,
474,425,433,
474,431,433,
475,440,433,
475,426,433,
476,423,434,
476,423,433,
476,428,434,
