402,450,390,
403,450,390,
405,449,390,
406,448,391,
405,449,391,
405,447,391,
406,447,391,
406,445,392,
407,445,392,
406,445,391,
409,445,391,
412,445,391,
435,446,393,
433,446,393,
426,440,394,
417,436,393,
416,430,393,
404,426,393,
422,421,394,
398,420,392,
406,417,400,
410,388,396,
408,376,404,
425,390,434,
430,411,451,
447,455,479,
449,450,482,
447,459,480,
447,478,479,
448,458,477,
449,455,475,
450,455,475,
451,465,474,
452,470,473,
453,473,474,
453,474,436,
455,469,474,
456,477,472,
457,473,476,
457,468,468,
457,481,475,
458,496,430,
458,494,470,
458,497,468,
459,494,467,
459,498,465,
459,521,463,
460,517,460,
461,515,465,
462,518,466,
463,504,460,
462,508,464,
462,512,463,
463,511,464,
464,512,464,
464,515,464,
464,534,463,
466,514,424,
466,512,441,
467,507,402,
468,506,438,
469,517,445,
470,506,446,
472,502,446,
473,506,446,
475,507,446,
476,528,447,
478,496,445,
478,496,446,
480,497,446,
481,491,445,
482,511,446,
483,525,445,
483,500,451,
485,508,459,
486,528,460,
487,496,459,
488,504,453,
488,492,460,
489,490,460,
489,499,457,
490,512,418,
491,526,409,
491,498,459,
491,514,458,
491,527,461,
491,520,445,
491,506,460,
490,511,459,
489,518,433,
489,513,454,
489,520,417,
489,520,455,
489,517,433,
491,523,394,
492,532,431,
493,526,444,
493,525,456,
