443,452,415,
443,453,405,
443,478,394,
443,493,389,
443,471,387,
443,495,388,
443,495,379,
443,494,380,
443,493,380,
442,489,387,
443,457,373,
442,457,375,
442,460,375,
441,484,387,
442,447,380,
443,440,390,
444,434,398,
440,418,354,
437,402,395,
437,391,362,
434,381,391,
432,374,433,
434,370,438,
436,396,366,
437,364,413,
439,364,400,
437,359,386,
436,357,393,
442,365,412,
439,361,367,
435,356,422,
442,363,411,
443,363,432,
444,364,364,
444,367,447,
445,366,446,
441,363,442,
435,361,435,
436,365,435,
436,370,389,
437,376,410,
438,384,412,
438,392,412,
438,417,413,
439,412,409,
439,419,405,
439,475,401,
455,473,436,
453,500,429,
449,481,422,
438,488,417,
438,495,421,
439,499,387,
439,498,382,
438,501,429,
439,502,409,
438,503,419,
439,498,392,
439,494,370,
439,504,365,
439,508,372,
440,508,374,
439,507,404,
441,500,382,
440,504,394,
440,483,409,
442,502,384,
443,498,368,
444,492,387,
446,486,369,
447,485,368,
449,479,375,
452,476,373,
452,474,373,
453,470,375,
455,468,379,
456,462,375,
458,461,369,
460,457,373,
461,455,370,
462,455,373,
463,452,371,
464,450,375,
464,446,374,
465,442,372,
466,417,387,
467,432,386,
467,427,381,
468,430,383,
469,434,384,
471,442,385,
469,446,383,
470,460,383,
471,461,383,
471,462,383,
472,463,383,
472,462,383,
473,447,383,
473,447,384,
474,445,383,
