464,487,469,
465,488,470,
465,507,468,
465,506,468,
466,506,468,
466,505,469,
466,506,469,
466,505,469,
466,505,471,
466,504,469,
466,505,470,
467,504,469,
465,503,469,
465,503,470,
465,500,470,
464,498,468,
464,484,462,
463,479,447,
461,473,460,
460,472,447,
459,459,448,
457,442,460,
456,431,457,
455,422,446,
454,387,444,
454,378,444,
453,371,463,
451,367,467,
448,363,464,
440,357,456,
432,351,451,
439,357,458,
438,358,457,
438,360,457,
445,367,462,
448,372,465,
450,376,466,
452,381,465,
453,384,441,
454,389,443,
455,393,460,
456,400,466,
457,406,467,
458,413,465,
459,421,469,
460,428,470,
461,438,470,
461,448,470,
462,453,469,
462,444,469,
462,456,470,
459,459,466,
446,436,452,
454,484,461,
461,486,466,
463,489,467,
464,489,468,
465,491,469,
466,495,470,
467,496,471,
468,501,472,
468,496,472,
469,499,472,
469,503,473,
470,505,473,
471,500,473,
470,511,473,
472,497,473,
473,497,474,
474,503,473,
475,497,473,
477,480,473,
479,478,473,
481,473,473,
484,470,473,
487,469,472,
489,469,472,
491,435,472,
493,433,473,
496,432,473,
498,434,472,
499,459,472,
500,461,472,
501,463,472,
502,467,472,
503,480,472,
504,463,471,
505,496,471,
506,494,471,
506,492,471,
507,493,471,
507,495,470,
507,497,469,
507,439,469,
507,435,469,
508,433,469,
508,449,469,
508,445,469,
510,448,470,
509,451,470,
509,445,470,
509,445,470,
509,444,469,
510,443,469,
510,446,470,
510,446,469,
510,449,469,
511,449,469,
