432,539,457,
431,540,458,
431,540,457,
431,538,457,
431,536,456,
432,537,455,
431,539,455,
433,546,456,
432,543,456,
432,540,457,
432,541,460,
430,541,471,
432,543,473,
446,499,471,
438,436,474,
437,456,469,
427,403,474,
433,401,481,
445,405,491,
428,388,481,
431,382,482,
426,398,482,
441,410,482,
431,374,486,
431,370,486,
428,369,488,
432,369,486,
432,368,488,
434,368,488,
438,368,488,
446,367,490,
433,368,488,
441,370,492,
463,372,490,
440,373,490,
436,376,490,
434,381,489,
435,387,488,
438,390,489,
435,397,488,
436,404,487,
438,415,492,
438,420,493,
441,427,496,
440,426,495,
440,427,494,
440,428,494,
440,445,494,
441,453,495,
444,437,496,
445,435,495,
446,432,496,
447,440,496,
448,435,496,
445,437,496,
446,438,496,
447,439,495,
446,438,496,
446,440,494,
445,440,493,
447,441,486,
447,445,455,
447,443,459,
448,445,457,
448,444,493,
449,443,493,
445,440,489,
444,439,490,
443,437,462,
439,432,444,
419,404,396,
416,401,394,
426,411,401,
440,425,410,
442,424,412,
464,443,434,
478,457,441,
472,443,458,
472,439,458,
474,435,464,
474,431,465,
475,425,458,
482,451,457,
482,467,458,
483,426,461,
483,425,479,
483,426,470,
483,435,468,
484,435,476,
483,439,477,
484,441,468,
484,462,467,
484,470,468,
484,476,467,
484,474,455,
484,449,512,
484,455,511,
484,429,512,
485,445,508,
485,427,505,
485,424,466,
485,425,451,
485,423,436,
486,426,430,
486,425,462,
486,425,436,
486,423,469,
487,422,449,
