462,556,453,
463,530,453,
463,531,454,
463,547,454,
462,535,454,
463,556,454,
463,552,454,
464,553,454,
463,556,454,
463,556,454,
462,548,454,
462,548,455,
461,544,455,
461,513,453,
460,465,453,
459,448,452,
457,433,449,
457,430,449,
457,443,429,
458,441,448,
457,440,450,
453,436,451,
450,433,445,
449,434,447,
454,436,453,
455,440,453,
453,438,452,
452,438,452,
452,440,451,
454,444,451,
454,447,452,
453,446,448,
451,447,448,
452,448,437,
452,450,447,
453,455,443,
453,456,447,
453,460,394,
449,462,439,
448,468,433,
449,485,439,
453,481,443,
462,461,450,
459,468,446,
463,502,449,
463,517,451,
463,483,447,
461,479,442,
454,526,435,
453,502,431,
455,513,437,
456,521,438,
455,509,440,
456,513,440,
457,520,441,
457,539,441,
457,512,442,
458,510,442,
458,526,443,
458,537,442,
460,498,443,
461,491,445,
463,504,447,
463,515,442,
464,509,443,
465,485,444,
466,472,442,
468,478,444,
470,480,445,
471,480,444,
473,479,444,
473,432,444,
473,422,443,
474,425,443,
475,452,443,
476,479,443,
476,469,443,
476,424,443,
477,406,443,
486,404,450,
488,379,451,
489,389,452,
488,415,450,
487,404,449,
487,404,448,
482,384,443,
480,356,440,
480,361,441,
481,358,441,
480,369,441,
481,391,442,
481,358,442,
481,355,442,
482,357,442,
482,358,442,
482,396,441,
483,362,442,
483,363,441,
483,365,442,
483,401,442,
