438,494,432,
438,499,422,
438,508,414,
439,515,403,
439,495,406,
439,501,406,
439,521,407,
440,497,407,
440,501,407,
440,505,407,
440,508,412,
440,511,411,
439,514,412,
438,543,412,
438,540,413,
438,534,407,
440,478,411,
435,463,380,
433,449,386,
444,448,391,
445,445,376,
439,444,401,
441,438,383,
444,435,404,
445,432,392,
445,427,370,
445,433,445,
445,419,430,
444,435,428,
444,427,446,
444,410,449,
444,422,450,
445,415,450,
445,414,449,
446,415,450,
447,422,450,
448,434,436,
449,436,435,
451,437,449,
452,416,452,
452,419,453,
453,420,451,
454,424,434,
455,429,390,
455,434,425,
456,442,425,
455,454,439,
456,470,440,
456,492,439,
456,498,438,
455,497,436,
451,512,443,
439,486,437,
439,502,431,
439,547,401,
439,514,434,
440,544,325,
438,545,404,
437,549,432,
434,535,430,
424,522,421,
423,524,420,
423,525,421,
424,533,422,
424,521,421,
424,517,422,
425,526,422,
426,502,423,
428,494,423,
429,511,423,
431,494,421,
433,490,419,
434,497,422,
437,504,422,
440,501,421,
442,480,421,
445,476,419,
447,472,417,
449,490,415,
452,478,412,
452,436,414,
454,432,369,
456,438,362,
459,420,354,
449,397,397,
442,371,406,
458,395,420,
453,385,415,
452,383,385,
451,387,413,
448,391,404,
451,405,383,
450,445,345,
438,425,375,
434,425,352,
432,454,362,
425,412,370,
419,416,381,
419,411,310,
445,435,387,
443,381,402,
441,380,400,
439,378,400,
