409,457,372,
411,447,374,
411,446,373,
412,447,373,
413,448,377,
415,450,376,
414,450,377,
414,451,376,
415,456,377,
415,458,377,
415,453,377,
414,451,378,
414,452,378,
412,443,369,
412,431,386,
411,427,363,
411,415,366,
409,402,373,
408,430,395,
390,407,404,
415,451,408,
398,412,379,
402,424,351,
402,400,400,
396,395,397,
414,407,390,
427,424,399,
428,420,405,
420,406,391,
408,383,376,
428,399,388,
424,398,372,
425,403,403,
412,393,420,
412,398,352,
429,420,435,
433,431,440,
435,468,443,
434,470,440,
433,439,440,
434,448,440,
433,453,439,
435,470,440,
436,472,441,
437,474,441,
437,470,442,
438,469,442,
436,470,441,
438,473,443,
438,473,443,
438,474,441,
439,475,442,
439,477,442,
439,475,443,
440,474,443,
441,475,443,
441,479,443,
440,476,441,
438,457,438,
438,454,438,
439,449,438,
439,446,436,
440,437,435,
441,432,434,
444,430,435,
446,430,434,
448,438,434,
451,429,434,
453,423,435,
454,436,434,
456,441,434,
457,419,432,
458,419,432,
460,419,433,
461,429,432,
460,425,429,
465,422,433,
469,431,435,
468,438,433,
467,403,433,
469,402,434,
470,401,434,
472,401,435,
473,400,436,
473,400,436,
473,402,435,
474,402,436,
475,404,437,
475,402,437,
476,400,438,
476,400,438,
477,402,438,
477,404,439,
478,405,438,
478,406,439,
