469,514,520,
469,514,519,
469,516,520,
469,516,520,
469,516,520,
468,515,520,
468,514,520,
468,514,520,
468,513,520,
468,511,520,
468,514,520,
467,514,521,
467,514,520,
467,500,520,
466,492,520,
465,505,520,
464,486,520,
463,447,520,
461,481,519,
460,441,519,
458,408,518,
457,392,517,
455,379,516,
451,367,512,
453,366,514,
449,360,510,
443,357,505,
440,360,505,
440,357,506,
440,359,509,
441,362,510,
441,360,510,
443,362,512,
443,367,513,
447,382,513,
449,387,514,
450,391,514,
452,389,515,
453,396,515,
454,400,500,
455,399,471,
455,430,506,
456,394,452,
457,407,459,
457,417,462,
460,469,466,
459,450,410,
456,516,467,
455,523,447,
456,519,472,
457,529,436,
458,521,505,
459,522,490,
459,510,478,
460,515,478,
460,525,505,
461,526,515,
458,520,513,
456,523,509,
455,516,508,
455,523,500,
455,530,497,
455,509,492,
457,498,496,
457,455,492,
458,478,470,
458,484,487,
460,430,488,
461,425,473,
462,427,473,
461,419,475,
460,460,466,
466,473,485,
468,471,463,
454,452,480,
463,459,469,
457,454,462,
432,432,432,
460,419,452,
472,425,466,
459,404,448,
466,400,455,
471,400,453,
461,401,442,
461,386,455,
458,380,452,
457,378,449,
456,377,471,
459,378,428,
478,393,487,
478,392,458,
474,387,448,
469,382,461,
461,375,482,
468,380,474,
471,383,492,
476,387,494,
479,390,438,
481,390,441,
481,389,450,
480,390,494,
481,391,500,
483,392,499,
480,390,459,
481,391,483,
