445,465,445,
434,456,434,
430,453,430,
432,447,432,
426,445,426,
420,439,422,
418,432,418,
434,448,434,
437,451,438,
440,454,439,
438,457,439,
435,457,436,
434,457,434,
435,464,435,
435,459,436,
435,457,434,
433,458,435,
432,454,435,
432,445,435,
430,435,434,
431,422,434,
429,410,434,
421,391,426,
391,352,400,
452,399,458,
456,402,459,
454,399,465,
453,403,463,
453,430,427,
451,425,440,
452,427,423,
450,424,406,
450,422,424,
451,421,423,
452,426,395,
454,425,424,
457,402,421,
457,401,418,
458,406,426,
460,411,424,
460,418,470,
461,424,470,
462,435,469,
462,446,454,
463,455,438,
464,461,439,
465,464,439,
464,472,442,
465,469,448,
466,467,449,
466,468,449,
466,467,438,
467,468,421,
467,468,440,
468,475,443,
470,473,445,
470,483,435,
472,464,453,
472,461,454,
474,457,454,
475,455,453,
476,450,450,
476,446,443,
476,461,439,
477,455,455,
475,432,449,
464,420,420,
464,417,406,
448,399,373,
452,403,386,
451,400,384,
476,429,383,
480,450,405,
484,422,394,
486,422,402,
487,425,411,
489,436,409,
491,442,409,
491,424,417,
492,424,433,
491,425,436,
493,428,427,
494,431,420,
494,433,418,
495,457,412,
494,436,415,
495,430,417,
495,430,416,
496,430,417,
496,429,416,
496,429,416,
496,429,416,
496,430,417,
497,430,419,
497,430,418,
498,430,418,
498,430,419,
