477,544,434,
477,544,434,
477,543,434,
478,536,434,
477,542,435,
477,535,435,
477,539,434,
477,538,435,
477,542,435,
478,546,435,
478,546,435,
478,545,436,
478,543,436,
478,539,436,
479,544,437,
479,550,437,
479,547,437,
479,547,437,
479,543,438,
479,541,437,
479,541,438,
479,542,437,
478,521,437,
477,524,437,
476,506,431,
475,474,427,
474,466,414,
472,495,409,
471,456,382,
469,469,404,
467,382,407,
466,364,417,
463,355,362,
463,351,416,
462,353,389,
462,360,384,
462,403,392,
462,428,411,
463,427,408,
464,386,411,
465,392,411,
466,400,403,
467,407,368,
467,403,432,
468,407,383,
468,414,383,
469,420,403,
470,418,427,
470,424,429,
471,418,429,
472,422,427,
472,450,424,
472,428,423,
473,479,423,
474,483,423,
474,461,423,
474,491,422,
475,526,424,
475,522,423,
476,534,425,
476,549,425,
476,546,425,
477,549,427,
478,548,426,
479,552,424,
480,555,435,
480,555,429,
481,542,421,
481,552,423,
482,546,423,
482,546,425,
483,539,419,
483,525,412,
484,534,414,
484,500,424,
485,479,395,
486,467,386,
488,466,404,
488,459,416,
489,453,421,
490,463,431,
491,457,443,
492,453,445,
492,454,445,
493,439,446,
493,493,446,
494,407,446,
495,410,446,
495,402,447,
495,403,446,
495,420,446,
496,414,445,
496,413,445,
496,433,446,
496,439,445,
497,431,445,
497,446,446,
497,437,447,
497,484,447,
497,485,447,
498,448,447,
498,447,447,
498,441,448,
498,427,448,
498,434,448,
498,436,448,
498,441,448,
499,440,448,
499,435,448,
499,438,449,
499,448,449,
500,445,448,
