475,513,400,
474,495,401,
475,511,403,
475,500,404,
475,499,405,
475,502,405,
475,507,406,
475,506,406,
475,504,405,
475,504,406,
474,498,407,
474,510,408,
473,517,409,
472,502,407,
471,502,407,
470,459,406,
469,447,415,
468,428,398,
466,424,401,
465,403,404,
463,383,405,
462,374,408,
460,387,408,
459,419,408,
458,397,408,
458,388,406,
457,388,407,
457,392,411,
457,396,408,
457,413,408,
458,402,411,
459,401,413,
460,425,414,
461,413,414,
462,417,415,
462,419,415,
464,423,417,
465,424,419,
465,434,433,
466,432,452,
466,430,460,
467,438,460,
468,443,459,
469,445,460,
469,455,458,
469,460,457,
469,499,455,
470,477,455,
470,509,455,
470,515,456,
471,516,455,
471,514,455,
471,518,455,
471,517,455,
472,514,456,
472,516,456,
472,514,456,
472,509,457,
473,503,456,
474,507,456,
475,498,457,
476,483,448,
476,482,425,
476,480,432,
477,478,420,
478,485,454,
478,497,459,
479,496,460,
480,487,462,
482,505,460,
482,473,455,
483,474,452,
484,483,452,
485,461,452,
485,463,452,
486,491,451,
487,493,451,
487,491,451,
488,496,451,
488,500,452,
489,487,451,
489,483,452,
490,470,451,
489,464,451,
490,473,451,
490,464,450,
490,465,450,
490,410,450,
489,400,449,
490,394,449,
490,391,450,
490,391,450,
490,394,451,
490,399,448,
490,398,443,
490,398,432,
490,397,413,
490,396,421,
