423,482,438,
423,484,435,
423,488,435,
425,523,433,
425,541,432,
427,494,431,
429,490,430,
421,507,429,
420,511,428,
407,445,417,
424,465,433,
424,465,433,
415,458,426,
411,455,422,
412,453,421,
407,444,400,
386,421,405,
415,449,437,
423,447,445,
402,411,429,
425,419,447,
425,427,450,
426,415,447,
399,376,420,
412,351,355,
436,405,400,
405,404,414,
409,462,422,
410,445,435,
405,449,428,
401,454,429,
386,449,415,
390,430,415,
398,447,426,
410,446,433,
439,458,444,
422,457,444,
423,467,447,
425,461,440,
430,469,427,
429,468,424,
429,474,440,
429,472,391,
429,480,417,
431,491,425,
429,495,441,
431,503,447,
431,503,447,
431,517,448,
429,531,446,
432,545,451,
433,543,454,
429,536,449,
435,548,454,
425,538,445,
411,513,431,
411,514,430,
415,508,433,
428,520,447,
432,523,451,
431,521,451,
428,515,446,
431,515,449,
430,516,448,
445,519,461,
465,514,468,
436,481,447,
454,490,465,
443,470,455,
454,472,453,
447,468,453,
444,463,452,
444,460,449,
473,490,476,
475,491,475,
445,467,445,
444,468,446,
447,459,445,
446,443,439,
446,443,443,
447,437,445,
453,452,396,
472,455,467,
472,466,411,
472,472,415,
472,466,426,
472,465,457,
473,462,377,
472,463,461,
471,465,471,
471,467,470,
471,473,470,
471,470,467,
472,470,473,
472,471,469,
472,476,471,
