441,533,461,
443,505,462,
445,506,465,
449,539,469,
450,529,471,
451,507,471,
450,503,472,
451,499,472,
451,507,472,
449,498,472,
444,467,466,
393,414,414,
397,390,415,
414,399,428,
390,367,414,
380,353,405,
379,394,403,
381,346,405,
383,340,406,
388,343,413,
385,340,410,
384,337,406,
423,370,443,
421,401,441,
420,406,437,
417,407,433,
420,409,432,
426,419,435,
428,421,437,
427,419,435,
424,426,434,
424,430,432,
428,433,432,
444,434,434,
444,399,434,
445,404,436,
434,409,437,
430,429,436,
431,433,438,
430,425,437,
411,407,416,
400,404,408,
400,403,406,
400,402,405,
398,441,405,
397,458,405,
391,456,398,
390,453,397,
391,453,399,
389,450,397,
384,440,393,
379,427,387,
428,453,434,
396,444,403,
384,429,389,
419,460,422,
414,445,413,
431,452,424,
420,447,420,
425,448,423,
418,384,419,
423,374,424,
434,380,434,
454,395,452,
460,404,457,
461,477,459,
464,466,460,
466,454,461,
467,438,463,
466,433,463,
466,361,463,
466,347,462,
466,351,462,
467,348,461,
467,345,462,
467,343,462,
468,337,462,
468,340,462,
469,341,462,
469,345,462,
470,347,462,
470,346,462,
470,346,462,
471,348,462,
471,364,462,
470,398,461,
