444,507,377,
444,506,377,
444,511,377,
444,508,377,
444,510,378,
444,513,378,
444,523,379,
445,539,379,
444,539,379,
444,540,379,
444,536,378,
442,532,379,
442,519,379,
442,501,379,
440,487,378,
446,469,384,
448,448,424,
437,423,432,
445,436,431,
435,400,433,
447,412,435,
438,453,424,
442,451,379,
442,439,339,
443,437,393,
444,395,373,
444,351,368,
443,358,338,
444,388,348,
445,389,402,
446,391,397,
448,392,376,
449,392,408,
452,398,404,
455,400,443,
453,405,420,
454,409,403,
453,416,451,
454,430,451,
454,445,452,
454,456,452,
454,518,451,
455,561,451,
456,505,451,
456,571,451,
456,572,450,
456,544,449,
455,555,445,
454,558,406,
451,540,435,
450,539,442,
448,535,442,
449,537,443,
450,539,445,
452,540,445,
452,539,445,
452,537,445,
451,535,446,
451,532,445,
442,524,437,
443,521,436,
444,513,436,
449,507,436,
448,511,435,
450,495,435,
452,496,435,
454,481,434,
457,470,433,
459,466,432,
461,480,432,
462,495,432,
464,495,432,
466,524,433,
467,484,433,
469,443,432,
469,427,432,
469,459,432,
469,447,432,
470,437,432,
471,434,432,
472,449,432,
472,447,432,
472,454,432,
472,480,432,
473,493,432,
473,482,432,
473,486,432,
473,487,432,
474,483,432,
474,486,432,
474,486,431,
474,487,431,
474,485,432,
