463,511,416,
456,505,417,
456,515,417,
456,511,418,
456,519,419,
455,531,418,
460,519,418,
456,510,419,
457,498,419,
456,482,420,
456,489,420,
456,496,420,
456,458,420,
456,462,421,
457,463,421,
454,518,421,
453,411,421,
454,435,420,
452,398,421,
453,395,421,
450,395,421,
447,388,421,
445,433,421,
444,432,420,
443,493,422,
443,441,422,
438,499,421,
437,495,424,
429,496,425,
424,488,426,
428,497,431,
429,509,435,
424,508,432,
423,506,438,
424,504,441,
427,512,442,
426,452,458,
431,451,470,
431,452,482,
432,455,475,
432,460,471,
435,469,472,
439,471,464,
442,477,463,
442,484,468,
443,513,473,
447,424,486,
447,470,495,
449,458,477,
450,467,503,
448,477,501,
447,537,482,
453,554,474,
452,553,432,
453,575,508,
453,526,428,
453,558,497,
443,557,493,
443,549,477,
445,556,471,
445,555,442,
445,554,469,
445,557,453,
445,551,477,
447,549,499,
444,503,495,
453,504,503,
456,503,505,
461,496,508,
463,489,509,
462,478,505,
465,471,506,
466,464,505,
469,464,503,
471,492,473,
473,507,437,
476,522,497,
477,508,496,
479,463,497,
481,456,496,
483,454,486,
484,465,501,
484,439,498,
485,441,492,
488,451,471,
489,449,460,
489,460,439,
487,460,442,
487,475,442,
487,476,496,
487,477,449,
488,483,425,
488,486,478,
488,483,498,
488,483,479,
489,483,467,
489,481,494,
489,483,502,
