470,502,476,
470,504,476,
470,515,476,
470,513,476,
470,513,476,
470,513,476,
470,515,476,
470,518,476,
470,528,477,
470,530,477,
470,526,477,
470,527,477,
469,528,477,
467,519,478,
437,474,444,
446,464,453,
426,433,431,
443,414,432,
460,408,421,
437,370,397,
447,387,410,
435,392,405,
422,382,372,
420,396,375,
417,371,358,
415,364,397,
416,359,349,
414,362,395,
415,361,428,
416,363,428,
419,365,428,
427,371,432,
442,383,413,
447,384,416,
448,384,402,
450,379,430,
451,381,430,
452,388,463,
453,398,399,
454,420,454,
455,425,454,
457,434,454,
459,416,454,
471,421,449,
461,494,448,
476,475,461,
465,513,406,
463,521,449,
460,523,461,
475,524,403,
496,519,458,
477,515,394,
463,516,395,
464,513,436,
463,512,427,
462,514,441,
483,530,455,
463,528,456,
463,520,456,
462,517,457,
464,513,456,
467,507,454,
462,501,430,
462,492,444,
465,489,449,
468,490,445,
471,436,423,
474,442,425,
477,424,419,
480,417,407,
484,463,425,
485,438,431,
487,398,414,
491,438,392,
490,430,457,
493,441,389,
493,439,444,
494,464,437,
495,493,423,
496,507,373,
497,508,386,
497,458,391,
498,468,402,
499,459,375,
499,461,391,
499,455,397,
500,454,405,
500,460,412,
501,459,416,
501,452,385,
498,452,426,
498,455,434,
499,455,400,
499,454,400,
500,454,391,
