490,454,484,
504,454,487,
496,455,486,
493,455,487,
508,456,487,
502,456,488,
526,458,488,
522,459,489,
509,459,488,
547,460,489,
507,461,488,
490,458,489,
489,457,442,
490,458,426,
489,458,445,
489,458,454,
489,459,416,
489,458,462,
486,459,432,
483,459,412,
495,459,445,
488,470,434,
478,469,432,
474,471,428,
471,441,433,
467,424,383,
465,413,436,
463,405,442,
462,406,407,
471,418,412,
459,425,403,
497,443,422,
462,415,496,
465,420,498,
470,442,433,
442,420,422,
440,419,416,
464,453,435,
475,431,399,
420,418,422,
462,490,501,
445,442,485,
434,443,472,
461,471,501,
458,458,495,
435,435,470,
427,431,464,
429,434,462,
421,430,454,
425,439,461,
443,460,478,
431,447,460,
417,432,446,
415,429,441,
426,443,453,
423,437,453,
412,413,440,
421,436,448,
425,446,453,
433,452,459,
437,450,457,
442,464,464,
432,453,453,
443,460,458,
443,475,457,
424,450,438,
437,458,449,
436,462,447,
446,482,458,
435,488,437,
463,477,399,
443,456,412,
434,468,432,
472,496,469,
436,456,409,
475,487,454,
450,454,420,
435,430,412,
434,436,426,
477,483,460,
461,471,411,
469,499,403,
447,487,399,
460,499,343,
440,468,333,
422,480,356,
449,461,360,
434,450,361,
449,463,408,
430,445,363,
438,454,353,
402,414,364,
428,442,380,
423,440,380,
