473,435,397,
473,435,397,
473,435,398,
472,435,398,
473,436,399,
472,435,399,
472,435,399,
473,434,398,
471,433,398,
472,433,398,
470,432,399,
470,431,399,
466,429,399,
463,428,399,
456,425,398,
442,421,396,
430,415,397,
420,410,401,
411,408,403,
401,403,404,
394,407,411,
388,433,417,
382,419,398,
377,418,413,
373,412,402,
368,412,399,
391,406,399,
385,439,394,
367,443,391,
362,450,385,
366,440,380,
365,375,379,
367,376,381,
370,373,381,
373,374,380,
407,377,382,
384,380,381,
387,385,381,
391,396,382,
401,427,386,
413,426,388,
422,441,388,
424,446,385,
430,453,385,
437,497,385,
440,490,386,
447,466,386,
452,484,387,
457,543,398,
458,542,400,
460,550,400,
461,477,397,
463,527,396,
463,506,397,
464,540,397,
466,545,394,
468,534,394,
470,500,393,
470,540,394,
471,492,394,
472,500,394,
472,519,395,
473,515,395,
473,517,395,
473,514,395,
