476,466,409,
478,468,409,
478,469,409,
478,470,408,
477,469,407,
477,470,409,
477,484,408,
478,462,408,
477,460,408,
477,460,408,
476,458,409,
475,457,409,
473,455,409,
468,453,409,
459,452,409,
447,446,409,
434,440,409,
421,436,409,
412,431,409,
402,426,408,
395,420,408,
389,416,408,
384,414,408,
381,422,408,
377,415,409,
375,419,409,
371,402,409,
369,407,411,
365,405,412,
365,404,411,
363,396,411,
361,397,410,
360,396,411,
359,396,403,
358,399,401,
356,407,401,
358,428,405,
354,413,399,
349,420,396,
362,433,408,
362,409,408,
364,411,409,
366,413,410,
368,417,410,
369,419,410,
372,422,411,
374,424,412,
377,424,416,
381,422,416,
386,420,417,
394,421,416,
404,426,417,
412,454,417,
422,441,416,
434,508,417,
437,529,417,
446,504,414,
451,516,415,
455,527,415,
459,530,413,
464,554,414,
465,558,413,
461,429,407,
464,432,407,
465,436,407,
469,443,407,
471,458,408,
476,454,408,
478,458,408,
479,466,408,
479,477,408,
480,475,408,
481,466,408,
483,467,408,
483,468,408,
485,469,408,
485,470,409,
485,471,409,
486,475,409,
487,481,410,
484,470,410,
488,472,410,
505,472,410,
502,473,410,
499,475,411,
