457,527,416,
456,528,416,
456,526,416,
456,526,416,
456,527,415,
456,528,416,
456,527,416,
456,527,416,
457,527,416,
456,526,416,
455,525,416,
454,523,417,
450,521,417,
443,518,416,
434,516,417,
424,512,418,
413,508,417,
405,504,417,
396,501,417,
388,504,418,
384,497,418,
380,497,418,
374,489,417,
371,476,417,
368,467,416,
366,461,415,
365,461,414,
363,465,413,
359,470,410,
357,432,406,
355,456,405,
353,416,403,
360,421,403,
349,444,400,
348,441,399,
348,428,398,
349,419,399,
353,431,404,
355,434,406,
353,420,404,
349,427,399,
350,411,398,
351,420,400,
353,422,400,
354,424,400,
358,425,400,
360,425,400,
365,425,400,
370,423,400,
374,422,401,
378,430,401,
383,430,402,
388,430,401,
392,429,400,
396,452,400,
401,469,400,
404,447,399,
410,481,400,
415,492,401,
418,512,400,
420,461,399,
421,424,399,
424,429,399,
427,436,398,
428,458,398,
429,448,396,
437,459,399,
444,472,401,
446,465,401,
446,458,403,
448,468,400,
444,462,398,
436,454,390,
442,461,397,
449,465,402,
448,463,403,
449,465,402,
440,457,394,
441,457,394,
441,456,392,
441,457,392,
444,460,394,
443,459,393,
444,458,394,
445,459,395,
445,461,394,
444,459,394,
445,461,395,
445,460,395,
447,459,395,
447,462,396,
