487,474,385,
487,473,387,
487,473,386,
487,473,386,
487,474,387,
487,473,385,
487,472,386,
488,472,386,
486,470,387,
486,470,385,
486,470,385,
491,470,388,
491,467,387,
493,468,388,
484,463,388,
468,461,389,
448,457,390,
435,450,390,
446,446,393,
422,439,392,
418,435,391,
427,430,393,
401,427,394,
393,422,393,
389,419,396,
385,416,395,
381,410,392,
378,405,399,
376,405,384,
374,416,352,
386,410,361,
377,415,348,
368,470,352,
366,429,356,
363,434,346,
365,434,392,
363,451,393,
364,469,393,
367,478,397,
369,442,398,
374,448,397,
380,450,416,
387,461,421,
393,455,403,
399,455,404,
407,458,391,
414,463,394,
423,468,376,
427,472,426,
430,474,442,
436,478,402,
439,483,412,
443,491,399,
447,488,378,
450,471,378,
454,497,380,
457,506,384,
460,507,382,
463,509,380,
465,479,382,
467,485,382,
469,491,380,
471,507,381,
474,521,380,
477,527,381,
478,542,386,
479,547,391,
480,564,396,
481,572,400,
481,550,403,
482,572,406,
482,573,410,
482,575,410,
483,573,409,
483,560,410,
483,564,408,
483,560,408,
484,560,408,
484,560,408,
484,558,407,
