485,442,408,
485,443,407,
485,442,408,
484,443,408,
484,442,409,
484,442,408,
484,442,407,
483,440,408,
482,439,408,
480,438,408,
471,435,408,
456,432,408,
438,427,409,
424,423,408,
413,428,408,
404,436,409,
394,452,408,
389,436,408,
383,423,408,
380,431,408,
378,427,407,
375,424,407,
372,421,406,
368,421,405,
368,412,403,
363,420,403,
360,415,403,
359,416,401,
359,417,401,
361,438,400,
363,404,400,
366,405,402,
368,406,402,
372,408,405,
376,413,405,
382,415,406,
391,415,405,
398,416,406,
406,420,405,
415,429,407,
422,434,406,
429,445,407,
436,446,405,
440,449,407,
445,456,407,
449,452,406,
452,457,407,
455,459,407,
459,459,406,
463,464,406,
466,465,407,
468,466,407,
470,464,406,
472,467,406,
473,467,406,
474,469,406,
475,468,405,
477,469,406,
477,470,406,
477,471,406,
478,474,406,
478,473,407,
478,474,406,
479,473,407,
480,468,407,
480,468,406,
480,465,407,
480,466,407,
