455,515,388,
456,514,387,
451,513,387,
451,511,387,
454,507,387,
455,506,390,
448,497,388,
437,490,389,
422,484,388,
411,479,389,
399,476,391,
393,476,390,
388,475,391,
382,469,392,
376,464,407,
374,460,409,
375,465,397,
370,466,398,
368,464,398,
367,463,404,
365,463,404,
364,464,402,
365,463,402,
356,455,395,
345,442,382,
346,442,383,
348,445,383,
351,449,384,
353,455,386,
358,459,388,
364,462,389,
372,465,391,
377,463,389,
385,464,386,
386,473,380,
391,477,378,
395,472,382,
407,495,383,
407,480,380,
418,494,387,
425,506,389,
425,504,386,
427,512,387,
428,508,387,
429,507,390,
431,491,395,
433,485,398,
433,486,397,
434,484,397,
432,483,398,
432,480,395,
431,484,396,
431,484,392,
431,480,382,
431,480,383,
434,482,383,
434,481,382,
435,477,383,
