485,489,416,
486,489,416,
486,489,416,
485,489,417,
486,489,416,
486,488,417,
486,488,416,
486,488,416,
486,488,416,
486,488,416,
486,487,416,
486,486,416,
485,484,416,
482,481,416,
472,477,417,
462,472,417,
450,465,416,
438,457,416,
428,451,416,
417,446,415,
408,441,416,
399,434,415,
392,427,415,
388,422,414,
381,421,413,
375,422,413,
371,422,412,
369,420,411,
367,423,418,
364,430,421,
363,436,408,
363,451,419,
362,440,421,
364,434,422,
366,458,423,
368,465,424,
372,444,425,
375,452,424,
380,454,416,
385,453,425,
393,448,433,
403,477,432,
413,456,432,
422,446,433,
431,461,435,
439,469,435,
445,483,435,
451,472,435,
456,483,435,
460,512,412,
465,493,409,
467,489,409,
470,490,408,
472,492,408,
474,495,408,
475,497,408,
477,498,409,
477,498,409,
478,501,409,
479,504,409,
480,544,410,
481,535,409,
481,512,409,
481,511,409,
482,508,410,
482,509,410,
482,509,411,
483,510,410,
483,508,410,
483,510,410,
