485,520,419,
485,520,419,
484,519,419,
485,519,419,
485,519,419,
485,519,419,
485,518,420,
485,518,421,
484,518,420,
483,515,420,
477,513,420,
459,512,419,
435,507,419,
415,500,435,
400,495,418,
391,489,417,
384,486,412,
379,486,412,
377,494,412,
373,505,411,
371,481,411,
368,475,413,
366,482,412,
364,459,412,
364,456,418,
363,464,435,
364,465,440,
365,488,412,
367,537,415,
366,550,414,
371,562,414,
375,564,414,
375,524,415,
379,533,411,
385,544,413,
392,532,412,
401,539,410,
415,511,420,
418,514,434,
426,518,431,
431,525,429,
438,531,432,
444,545,432,
448,525,415,
451,518,430,
455,517,439,
457,517,420,
460,513,413,
463,515,413,
466,517,411,
469,517,412,
472,507,421,
474,495,421,
475,496,420,
476,497,423,
478,498,430,
479,499,427,
480,500,425,
481,501,426,
481,501,422,
482,502,423,
482,503,425,
483,503,425,
483,503,425,
484,503,425,
484,504,423,
