494,547,414,
494,548,414,
495,548,413,
495,549,414,
495,548,414,
495,547,414,
495,548,414,
495,546,415,
495,545,415,
495,547,415,
494,549,415,
492,548,415,
489,547,415,
482,544,415,
470,544,414,
455,540,415,
438,533,415,
422,524,415,
412,519,415,
402,514,415,
394,508,415,
388,505,414,
384,496,415,
381,503,414,
378,485,413,
375,491,414,
372,482,412,
370,468,413,
367,471,413,
365,463,412,
363,463,412,
361,465,411,
361,460,410,
360,463,409,
359,462,408,
358,472,408,
359,473,408,
360,468,409,
360,448,408,
363,434,409,
365,432,410,
368,432,411,
371,440,412,
374,449,412,
378,454,411,
386,461,412,
395,459,411,
405,469,412,
415,473,413,
424,471,413,
432,475,413,
439,476,413,
445,483,414,
450,483,414,
454,483,414,
457,484,414,
461,487,413,
464,491,414,
467,493,414,
469,471,414,
473,477,414,
475,481,413,
477,486,413,
479,489,414,
480,493,414,
481,496,414,
483,501,414,
484,501,413,
484,505,414,
485,503,414,
486,504,413,
486,507,413,
487,507,414,
487,508,414,
488,509,413,
488,510,413,
488,512,414,
488,550,414,
