450,525,438,
451,525,437,
450,524,438,
451,523,437,
451,522,439,
451,519,437,
451,518,436,
450,519,436,
445,518,436,
447,515,437,
440,511,436,
428,511,437,
416,504,436,
401,498,436,
392,496,437,
384,490,436,
380,486,436,
378,484,437,
383,485,437,
384,479,438,
368,474,437,
374,473,436,
371,449,435,
418,455,437,
359,469,437,
357,483,437,
356,463,437,
358,477,437,
358,471,439,
363,484,438,
365,471,438,
370,472,438,
374,467,437,
380,469,436,
387,452,438,
395,454,437,
401,462,435,
408,465,433,
412,472,429,
414,470,427,
424,479,439,
426,483,446,
431,487,440,
434,499,432,
433,492,386,
436,498,384,
438,500,385,
440,502,382,
441,505,383,
441,502,383,
443,504,384,
443,506,385,
444,509,384,
445,513,385,
447,515,373,
448,525,387,
448,521,388,
449,508,388,
