468,533,393,
467,532,392,
468,535,393,
467,528,392,
468,532,393,
468,528,392,
468,531,392,
468,527,392,
468,524,392,
468,527,393,
467,527,393,
465,523,393,
470,517,393,
451,512,393,
434,503,393,
440,505,393,
412,497,392,
402,493,392,
427,486,393,
373,475,392,
437,463,390,
368,460,390,
363,458,389,
351,453,388,
350,453,388,
348,461,388,
344,462,389,
341,468,386,
340,476,383,
339,476,380,
340,472,380,
343,478,381,
347,482,382,
354,491,382,
395,497,384,
369,489,382,
384,485,382,
386,486,382,
395,489,383,
406,496,383,
415,496,383,
424,500,384,
425,500,384,
427,504,384,
432,504,384,
433,497,383,
438,502,384,
441,505,384,
443,517,383,
445,518,383,
445,516,384,
447,516,383,
450,518,385,
451,518,384,
452,520,384,
453,519,384,
453,533,384,
454,522,384,
453,516,385,
455,545,386,
454,539,387,
455,560,386,
454,506,387,
454,505,385,
455,500,386,
