482,535,414,
482,533,413,
483,531,413,
483,533,413,
483,532,414,
483,534,413,
483,535,413,
483,533,414,
482,531,413,
482,526,414,
481,484,414,
480,486,414,
477,487,414,
471,529,415,
462,525,413,
450,522,414,
438,529,414,
427,534,414,
415,533,414,
404,573,413,
397,566,413,
391,571,413,
386,484,412,
385,481,412,
383,466,412,
379,435,423,
377,423,435,
375,425,435,
373,427,433,
370,448,433,
369,417,420,
368,417,432,
366,418,427,
365,410,416,
362,403,409,
374,402,406,
366,408,406,
367,417,406,
369,426,407,
372,433,408,
375,442,409,
379,449,409,
384,455,410,
393,456,410,
415,459,410,
403,463,410,
406,464,409,
412,455,410,
424,452,411,
426,473,410,
432,493,412,
439,495,411,
442,517,411,
450,522,410,
452,546,411,
456,593,417,
457,447,411,
458,449,413,
462,460,421,
464,471,427,
468,473,433,
470,489,434,
469,472,432,
468,494,432,
468,494,432,
467,473,430,
467,465,430,
466,484,428,
465,455,428,
466,457,426,
466,458,426,
467,458,426,
467,458,425,
467,459,425,
467,459,425,
467,460,426,
467,459,426,
467,459,425,
468,459,425,
467,460,426,
468,460,426,
468,459,426,
468,459,425,
468,459,425,
468,458,426,
