489,484,417,
489,484,416,
489,484,416,
488,484,416,
489,485,416,
488,486,416,
488,484,416,
487,482,416,
485,482,417,
481,480,417,
470,476,416,
455,468,417,
439,464,416,
426,461,415,
414,461,416,
404,455,415,
396,446,415,
390,440,423,
384,433,447,
381,427,416,
376,429,415,
372,429,421,
368,437,421,
365,476,420,
362,431,419,
360,431,414,
361,433,421,
361,437,412,
362,437,415,
365,452,417,
367,467,419,
369,470,419,
372,474,415,
377,475,409,
383,479,418,
392,479,421,
401,498,471,
412,504,456,
421,513,418,
430,495,413,
438,486,412,
444,494,409,
448,498,408,
452,499,411,
457,500,410,
461,484,410,
464,490,411,
466,501,416,
468,505,414,
470,521,413,
472,501,419,
474,511,418,
475,508,408,
476,508,407,
477,509,407,
478,509,407,
479,509,408,
479,510,407,
480,510,407,
480,510,408,
480,509,408,
480,510,410,
