498,392,451,
497,392,451,
494,389,448,
486,383,442,
484,382,440,
488,384,442,
487,384,442,
483,381,439,
483,381,440,
487,384,442,
486,385,438,
484,385,422,
483,384,444,
481,383,443,
479,382,443,
478,380,443,
478,380,442,
477,380,445,
475,378,444,
475,378,444,
497,395,431,
494,392,467,
486,387,421,
491,393,397,
494,395,436,
489,395,460,
491,401,489,
491,411,496,
494,424,496,
494,435,511,
494,442,516,
491,446,519,
493,453,524,
500,465,536,
502,470,537,
502,473,540,
513,485,552,
512,485,551,
521,495,562,
527,501,569,
527,502,569,
518,493,558,
516,492,557,
517,493,558,
521,495,561,
522,494,560,
524,490,559,
524,486,556,
524,477,549,
525,466,534,
521,443,516,
521,426,504,
521,413,495,
521,406,487,
522,404,489,
520,400,483,
517,396,474,
530,405,488,
530,404,486,
529,403,484,
524,397,474,
526,400,476,
528,400,476,
529,402,459,
529,402,478,
528,401,476,
527,401,476,
525,399,474,
524,399,470,
523,399,471,
521,396,470,
517,393,467,
511,389,461,
507,386,459,
502,382,453,
496,378,449,
514,391,466,
516,394,467,
516,394,442,
525,401,475,
508,389,463,
497,381,440,
516,395,470,
511,392,459,
508,389,459,
510,388,459,
514,390,460,
531,402,477,
509,381,452,
515,383,451,
525,388,460,
527,387,462,
527,386,467,
525,384,469,
524,382,469,
524,378,416,
522,376,462,
521,373,458,
527,374,461,
528,371,461,
518,360,453,
486,332,408,
493,338,419,
492,334,421,
491,332,420,
536,361,449,
524,351,442,
483,323,410,
492,328,416,
490,327,412,
486,322,409,
491,325,412,
494,328,409,
465,309,355,
488,323,400,
510,338,417,
520,343,425,
523,347,422,
499,328,410,
539,356,431,
514,339,422,
489,321,398,
516,339,421,
497,326,403,
489,322,397,
508,335,413,
525,346,429,
527,347,430,
522,345,426,
521,344,423,
521,344,424,
513,338,420,
511,337,416,
510,338,416,
510,337,418,
509,338,417,
508,337,408,
505,336,413,
507,337,415,
506,336,416,
