474,504,528,
474,505,529,
475,506,529,
475,506,528,
475,505,530,
478,506,530,
477,506,530,
477,508,531,
477,508,531,
477,509,531,
477,507,530,
476,506,532,
475,507,531,
474,507,532,
474,504,533,
471,503,531,
470,500,531,
467,497,530,
465,500,531,
467,502,528,
473,504,526,
458,493,526,
456,492,525,
455,489,523,
460,516,525,
460,511,526,
453,510,444,
447,502,520,
447,497,515,
447,491,519,
445,496,501,
445,495,513,
445,486,516,
446,487,509,
448,489,520,
451,488,487,
453,486,522,
455,490,522,
456,498,524,
458,500,524,
458,499,524,
459,497,525,
459,498,525,
460,496,524,
461,496,526,
463,497,509,
462,501,527,
462,504,506,
462,508,501,
463,511,519,
464,520,520,
464,524,523,
465,528,520,
465,529,519,
465,529,505,
465,528,522,
467,537,439,
466,539,505,
467,538,488,
467,539,479,
467,546,392,
467,551,383,
466,551,454,
466,545,403,
468,542,397,
471,535,502,
472,529,486,
472,520,436,
475,518,356,
476,516,392,
479,511,377,
480,503,449,
484,512,513,
484,511,468,
487,497,530,
489,489,526,
491,487,485,
493,480,522,
494,478,455,
496,477,524,
498,472,531,
500,465,521,
500,465,533,
501,478,477,
502,478,490,
502,480,489,
504,468,492,
503,472,520,
503,478,524,
503,487,503,
504,494,521,
507,497,527,
506,485,528,
506,483,475,
506,483,467,
