483,529,499,
482,528,507,
482,530,517,
481,533,520,
481,540,524,
480,538,524,
480,537,525,
480,542,525,
480,545,525,
480,542,525,
481,535,526,
482,536,527,
482,529,526,
482,532,526,
481,526,527,
481,533,526,
479,532,524,
479,529,525,
479,526,527,
474,521,528,
473,511,472,
476,514,505,
475,510,511,
470,508,517,
468,500,504,
468,491,495,
464,490,485,
462,490,474,
459,490,478,
456,501,488,
455,510,471,
454,506,517,
453,503,519,
453,514,518,
453,470,515,
456,467,517,
458,467,517,
460,435,517,
460,437,519,
462,441,519,
464,448,517,
463,451,515,
464,455,520,
465,460,524,
466,486,479,
467,505,494,
467,499,522,
467,500,465,
468,503,529,
468,461,530,
469,464,531,
468,472,532,
464,494,527,
448,483,510,
423,465,489,
448,490,513,
449,491,513,
451,496,513,
449,500,512,
451,506,438,
450,505,504,
450,504,513,
450,505,512,
448,503,510,
442,500,505,
444,500,506,
451,500,506,
448,497,507,
453,490,505,
443,480,501,
449,483,507,
448,477,508,
459,467,506,
486,486,534,
469,482,531,
473,484,500,
463,487,462,
486,462,519,
480,507,473,
483,501,470,
482,484,541,
478,455,499,
483,449,504,
470,452,526,
475,441,490,
477,444,533,
484,445,531,
479,441,479,
501,461,530,
499,436,543,
486,425,526,
477,415,471,
477,417,521,
494,432,538,
497,437,520,
497,438,511,
497,436,533,
497,438,542,
498,438,542,
497,434,542,
498,435,544,
499,438,545,
501,439,546,
502,441,547,
504,443,548,
