483,523,528,
481,530,527,
486,514,528,
482,515,530,
480,516,528,
509,492,501,
481,514,520,
475,515,524,
463,490,514,
469,491,512,
472,502,520,
478,505,517,
461,500,510,
488,514,510,
470,510,518,
473,517,526,
470,516,526,
467,505,522,
466,501,525,
464,491,523,
461,479,522,
459,468,521,
457,458,519,
458,455,519,
456,456,511,
454,459,521,
453,449,515,
453,449,493,
453,447,518,
455,445,481,
455,443,498,
455,444,424,
457,446,508,
457,448,522,
459,449,524,
461,452,526,
462,454,527,
463,457,526,
463,461,527,
464,463,528,
465,465,530,
466,467,530,
466,470,531,
466,473,533,
467,479,526,
467,490,534,
468,482,533,
468,485,533,
468,488,534,
468,485,536,
468,484,535,
468,491,531,
469,495,523,
471,501,447,
468,505,530,
488,506,464,
469,507,495,
472,509,525,
471,509,534,
469,523,530,
468,530,524,
467,528,519,
467,526,527,
466,524,513,
466,521,522,
474,517,521,
465,514,520,
468,510,523,
475,495,525,
472,491,526,
492,488,532,
482,498,535,
476,495,536,
480,504,467,
494,493,547,
506,501,487,
484,488,483,
485,489,512,
487,489,488,
488,489,469,
489,489,503,
490,502,520,
487,462,509,
491,463,472,
491,463,445,
491,450,444,
493,455,438,
495,453,449,
498,457,423,
500,463,456,
516,463,496,
500,461,518,
507,462,518,
502,462,516,
504,449,512,
501,451,547,
502,454,552,
502,445,551,
502,448,551,
501,449,551,
