479,480,503,
479,476,504,
479,469,503,
479,479,503,
479,435,504,
479,452,504,
479,436,504,
480,436,505,
479,435,505,
478,482,506,
477,490,511,
476,458,553,
475,428,551,
473,421,551,
470,420,544,
460,404,497,
464,456,487,
465,473,531,
462,419,527,
459,413,517,
462,413,487,
455,408,498,
449,407,486,
442,455,483,
441,434,483,
434,405,468,
437,409,450,
455,424,457,
455,424,445,
455,423,438,
454,421,436,
455,426,439,
456,426,441,
458,431,442,
458,432,442,
459,434,445,
459,442,501,
460,446,507,
461,404,512,
462,412,514,
464,413,518,
463,414,517,
467,422,520,
468,475,504,
466,482,488,
465,431,481,
465,486,473,
468,484,473,
467,435,470,
461,470,461,
462,432,463,
466,437,456,
464,433,444,
467,436,449,
468,433,450,
469,430,456,
470,429,450,
472,428,466,
474,449,459,
479,430,475,
474,458,473,
474,415,475,
486,422,490,
488,419,492,
489,418,491,
487,413,486,
486,411,423,
486,408,485,
485,404,493,
481,397,463,
476,390,448,
474,386,492,
473,382,490,
475,380,455,
476,378,491,
482,383,493,
491,388,502,
502,397,464,
505,402,432,
507,408,507,
509,411,517,
510,440,518,
510,413,516,
511,435,511,
511,433,497,
511,427,501,
512,431,506,
512,432,479,
512,439,496,
512,421,506,
512,420,457,
513,420,461,
513,418,465,
513,418,479,
