446,463,401,
447,443,401,
447,445,401,
448,456,400,
449,457,402,
448,457,403,
449,459,404,
449,455,404,
449,438,405,
449,415,405,
449,407,408,
450,409,408,
449,442,407,
456,400,415,
436,376,377,
414,352,357,
426,400,363,
417,396,374,
397,387,308,
417,392,363,
428,411,402,
435,436,421,
414,419,402,
421,421,409,
445,446,428,
458,461,438,
462,471,440,
465,490,445,
467,486,443,
468,480,438,
470,472,450,
471,486,405,
471,455,407,
471,458,394,
472,459,463,
472,457,466,
472,513,469,
473,498,467,
473,508,453,
474,527,422,
474,539,430,
475,526,415,
475,499,392,
475,499,404,
475,545,402,
475,533,399,
476,535,394,
476,506,435,
478,473,405,
479,490,457,
480,490,474,
481,472,466,
480,467,446,
464,418,447,
473,425,464,
463,416,458,
464,415,442,
472,418,437,
482,427,489,
486,429,501,
490,457,453,
490,456,466,
490,455,499,
491,454,510,
491,454,510,
491,431,510,
493,459,422,
493,456,419,
493,455,492,
493,453,420,
492,453,481,
492,454,472,
493,458,443,
494,455,489,
495,454,463,
495,452,436,
495,449,423,
495,440,428,
498,440,466,
500,440,484,
502,445,466,
503,444,448,
504,441,409,
505,442,473,
505,442,480,
506,445,481,
507,442,479,
507,453,480,
508,458,481,
508,456,484,
508,463,484,
508,460,485,
509,462,484,
509,460,485,
510,463,487,
509,464,487,
510,472,488,
510,479,488,
