456,527,419,
456,530,419,
456,536,418,
456,528,419,
457,535,420,
457,531,420,
458,527,421,
457,526,421,
452,519,417,
428,492,395,
430,493,397,
442,509,409,
440,507,407,
460,528,426,
461,536,426,
434,497,399,
437,508,405,
437,501,407,
435,497,405,
434,497,406,
434,507,405,
454,505,424,
459,506,434,
422,473,416,
421,510,454,
413,476,436,
420,483,450,
386,461,415,
388,478,423,
383,477,419,
373,322,411,
363,316,402,
356,308,380,
360,311,382,
355,326,398,
359,331,402,
365,393,404,
367,390,407,
370,447,411,
371,451,413,
373,459,413,
373,472,414,
371,331,413,
434,388,478,
424,381,459,
376,342,416,
377,385,460,
410,413,390,
406,434,444,
401,422,412,
435,451,440,
435,490,435,
432,504,424,
434,492,425,
432,504,466,
430,499,464,
431,517,450,
430,489,422,
429,488,431,
410,455,411,
417,470,404,
446,504,434,
409,456,401,
388,438,382,
393,445,389,
393,433,388,
396,433,391,
396,424,393,
401,434,429,
401,441,437,
405,376,443,
405,373,437,
423,371,448,
404,364,449,
407,378,450,
451,415,494,
443,408,467,
464,431,515,
462,435,484,
458,429,454,
466,438,464,
442,404,453,
419,363,465,
454,392,495,
475,423,478,
481,443,476,
458,398,436,
447,420,436,
472,425,453,
467,386,471,
468,384,467,
499,411,491,
509,418,462,
510,418,449,
512,418,443,
512,417,440,
511,415,439,
510,414,448,
509,413,443,
507,412,442,
508,412,443,
