426,499,463,
424,507,463,
427,546,466,
436,556,465,
426,566,465,
429,568,465,
429,562,463,
427,567,461,
427,567,456,
428,569,453,
429,564,453,
425,564,452,
424,561,451,
424,561,450,
424,563,450,
424,569,448,
427,572,444,
430,570,450,
427,580,452,
428,543,452,
427,547,452,
429,538,450,
429,538,450,
429,535,449,
433,539,450,
432,535,450,
432,536,451,
427,537,450,
425,537,441,
430,528,438,
430,529,464,
426,517,456,
426,507,457,
477,506,457,
422,504,461,
462,491,458,
458,478,458,
462,475,464,
448,464,459,
431,440,444,
455,442,451,
431,429,441,
429,445,427,
437,443,474,
452,441,476,
502,438,475,
428,435,474,
392,399,391,
414,422,459,
420,428,465,
429,434,472,
430,436,473,
432,438,474,
434,439,475,
434,443,475,
431,448,475,
440,454,476,
453,459,477,
456,462,476,
434,471,477,
434,473,477,
485,476,479,
480,478,479,
457,503,479,
456,518,478,
466,481,479,
464,504,480,
466,454,479,
486,464,481,
454,492,480,
453,509,481,
440,526,480,
442,481,481,
439,486,480,
438,491,480,
438,495,480,
438,500,481,
441,498,419,
441,498,437,
434,497,452,
424,489,451,
424,492,467,
422,491,451,
411,481,454,
404,474,444,
407,478,397,
415,513,365,
414,535,427,
414,544,458,
413,551,441,
414,545,381,
415,557,444,
417,550,456,
410,536,418,
421,540,448,
427,537,448,
436,536,456,
429,517,444,
428,502,441,
450,501,431,
433,502,439,
442,499,440,
448,460,446,
447,508,400,
447,456,457,
450,430,468,
459,438,472,
462,440,483,
465,443,482,
462,445,474,
458,451,480,
445,411,465,
454,417,465,
460,420,461,
472,426,485,
481,432,492,
474,423,477,
482,423,438,
482,430,480,
468,480,467,
453,481,451,
455,444,450,
460,494,457,
467,444,460,
466,444,457,
479,453,473,
476,452,469,
482,463,475,
486,480,479,
480,470,473,
478,475,471,
478,479,471,
481,485,472,
481,499,475,
482,486,476,
481,485,476,
480,481,478,
480,483,478,
479,476,478,
479,470,479,
477,467,480,
476,467,481,
474,461,478,
474,460,483,
473,461,487,
473,458,485,
473,460,488,
473,460,490,
473,461,488,
473,463,489,
471,462,481,
473,465,484,
473,469,483,
474,469,484,
