404,444,374,
409,450,380,
412,452,382,
412,453,384,
413,453,383,
413,455,382,
413,455,382,
414,457,372,
416,459,379,
416,460,381,
416,460,384,
416,461,384,
416,462,383,
418,463,384,
417,462,385,
412,457,383,
390,433,361,
404,446,377,
456,487,415,
429,439,376,
400,418,370,
420,421,375,
422,423,384,
413,421,385,
482,443,395,
475,431,392,
464,457,419,
421,416,375,
461,425,410,
477,416,423,
517,418,415,
414,410,409,
422,409,409,
395,374,405,
406,402,384,
428,424,403,
439,424,403,
417,400,378,
424,412,385,
437,424,397,
443,426,398,
400,387,373,
409,396,381,
419,407,362,
473,419,373,
427,425,377,
416,418,360,
462,429,392,
433,406,359,
420,431,386,
399,432,373,
419,450,387,
418,444,359,
404,448,385,
403,455,385,
410,457,381,
427,458,388,
417,460,367,
469,464,327,
421,462,360,
442,464,382,
450,466,348,
416,463,366,
432,481,376,
435,483,385,
438,486,347,
438,487,413,
442,479,369,
445,472,359,
449,463,353,
473,453,373,
439,425,352,
436,430,388,
503,461,428,
426,403,334,
451,425,399,
464,427,371,
490,442,438,
478,429,410,
474,422,346,
469,419,404,
473,420,387,
470,416,418,
456,401,407,
468,407,365,
504,427,438,
485,429,446,
488,427,443,
489,429,440,
491,426,438,
489,426,436,
489,426,435,
484,423,433,
487,423,429,
491,421,424,
484,420,394,
484,421,423,
484,424,391,
485,424,398,
485,425,426,
488,428,432,
489,430,433,
489,431,434,
490,433,433,
