451,431,446,
451,433,446,
452,436,447,
452,440,447,
451,443,448,
451,449,447,
452,469,448,
452,480,448,
452,480,448,
451,484,448,
451,484,449,
451,481,448,
451,485,449,
450,475,448,
449,474,448,
448,474,448,
447,471,448,
446,458,448,
446,445,447,
444,429,445,
442,417,444,
442,407,441,
440,398,437,
439,389,437,
440,385,438,
438,378,433,
437,374,402,
438,373,432,
435,368,426,
433,367,425,
432,367,428,
432,368,425,
434,369,425,
435,370,424,
437,371,424,
439,373,425,
441,375,423,
440,378,423,
440,380,423,
441,382,424,
441,384,423,
441,387,424,
441,390,424,
442,391,425,
442,396,425,
443,402,426,
444,406,427,
444,409,428,
444,413,428,
445,420,428,
446,423,428,
446,427,429,
445,429,431,
445,432,430,
445,432,432,
445,433,432,
446,433,437,
447,435,446,
447,436,448,
447,436,449,
447,434,451,
447,433,460,
448,431,461,
448,429,461,
449,427,471,
450,421,447,
451,418,466,
452,415,463,
454,411,442,
455,409,462,
456,406,455,
461,408,453,
471,416,383,
477,440,455,
479,457,464,
481,472,396,
482,469,448,
484,468,481,
485,467,367,
487,464,474,
489,462,421,
490,473,380,
491,463,421,
491,414,477,
493,411,465,
494,422,365,
495,434,461,
500,446,435,
499,470,471,
500,477,447,
500,413,470,
500,444,427,
500,475,423,
501,534,468,
505,496,430,
502,483,431,
501,478,390,
501,480,438,
502,498,443,
507,515,437,
507,486,453,
506,519,428,
503,500,428,
504,504,423,
504,515,420,
504,521,396,
507,514,471,
506,522,462,
506,511,448,
506,533,379,
