454,475,410,
455,477,400,
455,477,398,
455,477,393,
454,478,399,
455,479,399,
455,480,402,
455,482,404,
454,464,393,
453,460,402,
454,473,399,
454,469,403,
453,464,400,
455,406,401,
455,399,423,
439,374,391,
453,382,421,
447,381,430,
420,435,388,
414,441,400,
424,386,410,
431,396,419,
426,387,411,
411,377,397,
417,376,403,
418,383,403,
431,406,414,
432,400,410,
427,405,401,
438,400,388,
434,394,390,
430,390,392,
433,447,405,
434,429,404,
440,425,392,
430,447,409,
435,411,417,
434,417,411,
436,433,413,
432,451,411,
435,463,411,
438,463,414,
439,464,417,
437,458,422,
442,458,429,
442,458,428,
444,451,419,
448,404,362,
446,397,412,
447,396,413,
436,387,408,
461,405,439,
444,388,422,
439,408,419,
467,458,437,
484,469,470,
488,497,474,
489,417,476,
490,428,476,
491,414,476,
491,432,476,
490,413,473,
489,411,453,
488,411,466,
488,413,418,
488,416,426,
489,438,429,
490,414,460,
491,413,459,
492,415,460,
493,417,460,
493,442,460,
494,450,460,
495,482,461,
496,501,462,
496,505,462,
496,511,463,
497,517,464,
497,504,464,
