477,485,533,
495,479,465,
494,474,472,
491,471,445,
490,470,490,
492,472,486,
495,472,487,
496,473,486,
495,472,492,
464,472,471,
457,459,466,
426,429,431,
448,451,465,
443,448,449,
436,441,440,
448,453,453,
483,467,464,
493,465,463,
492,460,528,
475,454,465,
465,441,526,
491,427,524,
460,415,464,
460,407,493,
532,399,506,
462,395,517,
470,385,512,
429,369,499,
444,381,497,
456,390,474,
447,390,500,
446,391,513,
451,410,451,
455,413,505,
458,415,516,
461,421,488,
463,414,498,
464,415,502,
464,419,504,
465,426,509,
468,433,528,
467,435,537,
468,441,550,
468,445,544,
468,448,554,
468,458,547,
469,536,548,
470,540,552,
469,542,554,
470,544,555,
470,545,557,
469,552,558,
469,548,552,
470,561,413,
470,562,515,
471,562,470,
469,522,457,
468,521,550,
468,515,436,
467,501,533,
467,494,550,
467,489,545,
470,488,544,
468,481,500,
471,474,495,
479,467,481,
482,462,456,
478,455,549,
477,457,534,
479,529,533,
480,516,555,
484,516,469,
484,524,491,
485,521,560,
487,516,562,
489,511,511,
490,508,561,
491,506,560,
493,500,541,
494,499,557,
495,481,517,
495,481,517,
495,482,555,
497,479,553,
498,479,545,
500,474,549,
501,428,548,
502,429,550,
503,429,557,
504,430,551,
504,433,552,
505,438,554,
505,459,557,
506,461,550,
506,458,551,
