472,445,487,
473,445,489,
473,445,488,
473,445,490,
473,446,494,
474,446,487,
474,446,487,
473,446,490,
474,447,493,
473,446,495,
473,446,495,
473,446,496,
473,446,497,
473,445,496,
472,442,496,
471,436,495,
471,431,497,
469,427,497,
468,417,492,
464,409,491,
462,401,486,
461,396,438,
454,389,466,
449,382,461,
438,371,451,
433,368,462,
436,374,471,
431,381,464,
432,384,465,
433,385,468,
435,387,469,
437,391,457,
439,394,450,
440,397,411,
441,400,393,
441,403,391,
441,407,422,
440,403,460,
442,408,418,
441,408,461,
441,411,457,
441,413,471,
441,417,480,
441,419,481,
441,422,481,
441,433,479,
441,427,481,
441,442,478,
442,432,480,
441,435,480,
442,436,480,
442,440,480,
442,440,480,
441,441,479,
440,450,480,
439,454,481,
437,455,480,
436,459,478,
436,462,477,
436,463,480,
437,463,480,
437,463,481,
439,460,481,
439,452,483,
440,451,485,
443,434,491,
448,432,497,
465,441,476,
470,424,417,
452,404,466,
453,407,389,
466,489,388,
461,467,485,
464,453,444,
468,455,456,
472,458,476,
478,463,440,
477,452,510,
476,446,507,
470,440,466,
481,447,516,
486,447,513,
489,446,458,
473,428,451,
474,423,498,
476,420,505,
478,417,422,
479,416,495,
479,416,467,
480,417,443,
480,417,473,
480,419,452,
481,419,457,
481,420,470,
482,422,462,
482,424,462,
482,425,450,
