469,494,440,
469,493,440,
469,491,441,
469,490,441,
471,492,442,
472,494,443,
472,495,443,
472,498,443,
472,522,444,
471,504,443,
470,506,443,
470,465,444,
469,497,447,
453,472,434,
448,486,429,
463,496,443,
432,464,412,
430,454,407,
422,452,402,
427,422,410,
435,435,418,
449,445,410,
447,442,406,
450,443,424,
445,446,422,
437,432,414,
432,430,409,
431,426,409,
430,418,407,
434,403,412,
435,436,413,
434,454,412,
433,460,413,
437,417,417,
437,420,417,
433,438,412,
427,464,407,
430,414,407,
431,412,403,
430,413,406,
431,455,405,
434,458,411,
442,471,418,
444,438,419,
449,411,421,
451,412,419,
453,433,428,
455,444,434,
456,424,366,
457,440,387,
457,473,440,
460,475,384,
459,356,444,
464,337,407,
467,336,449,
469,336,448,
472,334,409,
472,332,387,
472,333,399,
474,334,377,
474,332,401,
475,337,428,
476,386,440,
477,390,441,
479,423,442,
479,444,441,
478,361,439,
479,371,440,
480,373,440,
480,374,440,
480,372,439,
478,370,438,
479,379,440,
479,379,439,
478,383,439,
479,390,439,
480,427,440,
480,418,443,
481,413,442,
481,415,444,
