17.1705,12.0595,23.1228,
17.1705,12.0123,23.1228,
17.1705,12.0123,23.1228,
17.1705,11.9653,23.1228,
17.1705,11.9653,23.0256,
17.1705,11.9653,23.2205,
17.1705,11.9653,23.2205,
17.1705,12.0123,23.2205,
17.3075,12.0595,23.1228,
17.5854,12.25,23.1228,
18.45,12.8894,23.1228,
19.5219,13.668,23.0256,
20.7537,14.3251,23.1228,
21.8077,14.4943,23.0256,
22.7371,14.6084,22.9289,
23.6167,12.8391,22.9289,
24.1241,13.3511,23.2205,
24.6457,13.7216,23.0256,
25.4008,14.1578,23.1228,
25.9588,14.6657,23.0256,
26.3014,14.5512,23.0256,
26.7676,14.4377,23.0256,
27.1245,14.9561,22.9289,
27.366,15.99,22.1736,
27.6104,15.5552,22.9289,
27.7337,16.9672,23.4175,
27.6104,16.9672,23.6167,
27.6104,17.0346,23.7171,
27.1245,17.4458,23.6167,
27.4878,17.7971,23.7171,
27.2449,18.3026,23.6167,
26.7676,18.9771,23.4175,
26.3014,18.9771,23.5168,
25.7337,19.7611,23.5168,
25.4008,19.8416,23.4175,
24.6457,19.5219,23.3188,
24.1241,19.2084,23.6167,
23.4175,19.1309,23.6167,
22.7371,18.9007,23.7171,
21.8077,18.45,23.4175,
21.1851,18.5242,23.4175,
20.7537,18.0839,23.6167,
20.5,18.0839,23.7171,
20.1676,17.5154,23.6167,
19.8416,17.5854,23.4175,
19.443,17.1024,23.2205,
19.1309,16.7003,23.2205,
18.7491,16.1166,23.2205,
18.3761,15.1927,22.9289,
18.3026,14.4943,23.1228,
17.7971,14.1578,22.642,
17.5854,14.0474,22.5473,
17.2388,13.7753,22.3595,
17.1024,13.5086,22.3595,
16.9672,13.3511,22.1736,
16.9,13.299,22.2663,
16.8331,13.0926,22.2663,
16.7003,12.6397,22.2663,
16.6343,12.2981,22.1736,
16.5686,12.4922,22.1736,
16.5686,12.4922,22.1736,
16.5032,12.4434,22.0814,
16.5032,12.4922,22.1736,
16.438,12.4922,21.8984,
16.3732,12.5904,22.0814,
16.3732,12.5412,21.9897,
