14.3251,17.6556,23.818,
14.3251,17.6556,23.7171,
14.2691,17.7262,23.7171,
14.2691,17.7971,23.9195,
14.2691,17.8683,23.818,
14.2691,17.9399,23.7171,
14.2691,18.0117,23.6167,
14.3251,18.0117,23.5168,
14.3251,18.0117,23.6167,
14.3251,18.2293,23.7171,
14.3251,18.2293,23.6167,
14.3251,18.2293,23.7171,
14.3812,18.3026,23.5168,
14.4943,18.1565,23.7171,
14.6657,18.3026,23.7171,
14.9561,18.5242,23.7171,
15.3126,18.6738,23.6167,
15.74,19.1309,23.7171,
16.438,19.0538,24.5402,
17.1024,19.2862,24.0215,
18.1565,19.7611,22.3595,
18.8247,19.9225,22.4531,
19.2084,20.6687,22.5473,
20.5,21.3607,23.5168,
21.9897,22.7371,25.2911,
22.7371,23.6167,23.4175,
23.4175,23.6167,23.4175,
23.5168,24.0215,23.5168,
24.2273,24.2273,23.1228,
24.6457,24.9657,23.7171,
25.182,24.7517,23.2205,
25.5111,24.9657,23.3188,
25.5111,23.6167,23.5168,
25.5111,23.7171,24.0215,
25.9588,24.0215,22.7371,
26.0723,23.3188,24.0215,
26.4169,24.0215,23.2205,
26.1865,23.3188,23.0256,
25.8459,23.0256,21.8984,
25.182,22.642,21.3607,
24.5402,22.8328,20.8391,
24.4353,22.4531,20.1676,
24.331,22.2663,19.9225,
23.9195,21.8077,20.1676,
20.0855,21.3607,19.8416,
22.642,21.0112,19.9225,
19.3644,20.7537,19.443,
21.3607,20.7537,19.5219,
21.0112,20.5,19.443,
20.8391,20.4163,20.2501,
20.5841,20.1676,20.0855,
20.0855,19.6013,19.3644,
19.5219,19.2084,21.3607,
19.2862,18.7491,20.2501,
19.0538,18.5988,19.9225,
18.7491,18.3761,19.681,
18.45,17.7262,19.681,
18.3026,19.1309,19.681,
18.0117,18.9771,19.3644,
17.8683,18.1565,19.3644,
17.7262,18.0839,19.6013,
17.5854,18.3761,19.8416,
17.4458,18.1565,20.0038,
17.4458,18.3026,19.9225,
17.3075,17.7971,20.0038,
17.3075,17.8683,20.0038,
17.2388,17.9399,20.0855,
17.1705,17.3075,20.0038,
17.2388,17.7971,19.8416,
17.1024,17.5154,19.8416,
17.0346,17.5854,19.8416,
17.0346,17.1024,19.9225,
16.9672,17.1024,19.9225,
17.0346,17.1024,19.9225,
16.9672,17.1024,19.9225,
16.9,17.2388,19.9225,
16.8331,17.1705,19.7611,
16.9,17.0346,19.8416,
16.9672,17.1024,19.8416,
16.9,17.1705,19.9225,
16.8331,17.3075,19.7611,
16.9,17.3075,19.8416,
