17.0346,20.4163,22.8328,
16.9672,20.333,22.8328,
16.9672,20.333,22.7371,
17.0346,20.2501,22.642,
16.9672,20.333,22.8328,
16.9672,20.5,22.7371,
17.1705,20.5,22.642,
17.3765,20.5841,22.7371,
17.7971,20.6687,22.642,
18.6738,20.9249,22.642,
19.681,21.0979,22.642,
20.7537,21.4492,22.5473,
21.8984,22.1736,22.4531,
22.8328,22.642,22.5473,
23.818,23.5168,22.4531,
24.5402,24.0215,22.4531,
24.9657,24.5402,22.5473,
25.182,24.6457,22.4531,
25.6221,25.6221,22.5473,
25.9588,25.8459,22.642,
25.9588,26.0723,22.642,
26.3014,26.1865,22.5473,
26.65,26.4169,22.5473,
27.2449,26.8858,22.7371,
26.65,26.1865,22.0814,
27.366,26.65,22.5473,
27.2449,26.7676,22.5473,
27.2449,26.8858,22.7371,
26.8858,26.7676,22.642,
26.7676,26.7676,22.7371,
26.5331,26.5331,22.7371,
26.3014,26.4169,22.7371,
26.0723,26.3014,22.7371,
25.8459,26.0723,22.7371,
25.5111,25.7337,22.7371,
25.0735,25.5111,22.642,
24.5402,25.2911,22.5473,
23.6167,24.8584,22.642,
22.7371,24.5402,22.7371,
22.1736,24.331,22.7371,
21.4492,23.7171,22.8328,
20.9249,23.3188,22.7371,
20.1676,23.0256,22.7371,
19.9225,23.0256,22.9289,
19.3644,22.642,22.7371,
19.1309,22.5473,22.7371,
18.9007,22.2663,22.9289,
18.6738,22.0814,23.0256,
18.45,21.8077,23.1228,
18.3026,21.6275,22.9289,
18.1565,21.4492,23.0256,
18.0839,21.3607,22.8328,
18.0117,21.2727,22.9289,
17.8683,21.1851,23.0256,
17.7971,21.0112,22.9289,
17.8683,21.1851,23.0256,
18.2293,21.5381,23.4175,
18.0839,21.4492,23.3188,
18.1565,21.4492,23.4175,
18.1565,21.3607,23.4175,
18.1565,21.4492,23.4175,
18.0839,21.3607,23.3188,
18.0839,21.4492,23.4175,
18.0117,21.3607,23.4175,
18.0117,21.2727,23.4175,
17.9399,21.3607,23.3188,
17.7971,21.1851,23.1228,
