14.9561,15.8021,19.6013,
14.8975,15.8021,19.681,
14.8975,15.8021,19.681,
14.8975,15.8021,19.6013,
14.8975,15.8021,19.681,
14.8392,15.74,19.681,
14.8975,15.8021,19.681,
14.8975,15.8021,19.6013,
14.8975,15.6781,19.681,
14.8975,15.6781,19.681,
14.8975,15.5552,19.6013,
14.9561,15.6166,19.681,
14.9561,16.1166,19.681,
15.0149,16.0532,19.5219,
15.0739,16.1166,19.6013,
15.2525,16.1804,19.681,
15.4942,16.3732,19.6013,
15.99,16.7003,19.6013,
16.438,17.0346,19.6013,
16.9672,17.2388,19.6013,
17.5854,17.5154,19.6013,
18.5242,17.7262,19.6013,
19.2862,18.1565,19.6013,
19.8416,18.3761,19.5219,
20.333,18.45,19.443,
20.9249,17.5154,19.443,
21.5381,17.7262,19.443,
22.0814,18.2293,19.5219,
22.3595,18.3026,19.443,
22.7371,18.3761,19.5219,
23.6167,18.45,19.9225,
23.818,18.5988,19.9225,
23.818,18.7491,20.0038,
23.6167,18.45,20.333,
24.2273,18.45,20.333,
24.331,18.5242,20.4163,
23.4175,18.1565,20.4163,
18.9771,18.9007,20.7537,
25.5111,19.3644,21.6275,
24.0215,17.8683,20.6687,
24.4353,19.0538,20.5,
18.5988,17.8683,20.333,
17.3075,18.9007,20.1676,
23.7171,18.45,20.1676,
23.4175,18.2293,20.1676,
22.8328,17.2388,20.0038,
22.8328,17.0346,20.1676,
21.0979,16.1166,20.1676,
21.7174,16.8331,20.0855,
19.681,16.9672,20.0038,
19.1309,17.1024,19.9225,
18.5242,15.0149,19.9225,
18.3761,14.8975,19.9225,
18.5242,14.7811,20.5,
17.7971,15.2525,20.2501,
17.4458,14.7811,20.2501,
17.1705,15.4942,20.2501,
16.7666,13.5086,20.1676,
16.438,13.7753,20.0855,
16.2444,18.5242,20.1676,
16.0532,18.0839,20.1676,
15.8645,17.3765,20.1676,
15.74,15.1927,20.1676,
15.6166,15.1927,20.1676,
15.4942,15.1927,20.0855,
15.4334,15.1332,20.0855,
15.3728,14.9561,20.0855,
15.1927,14.9561,19.8416,
15.2525,15.0149,19.9225,
15.2525,15.0739,20.0038,
15.2525,15.0149,20.0038,
15.2525,15.1332,20.0855,
15.1927,15.1332,20.0855,
15.1927,15.1332,20.0855,
15.1927,15.2525,20.0855,
15.1927,15.2525,20.0038,
15.1332,15.2525,20.0038,
15.1332,15.2525,20.0038,
15.0739,15.3126,20.0038,
15.0739,15.3126,20.0038,
