15.1332,12.5904,19.6013,
15.1332,12.8391,19.6013,
15.1332,12.5412,19.6013,
15.1332,12.5412,19.6013,
15.1332,13.8835,19.6013,
15.1332,13.8293,19.6013,
15.1332,14.4943,19.5219,
15.1332,14.7233,19.6013,
15.1332,14.7811,19.6013,
15.1927,14.8392,19.6013,
15.1927,14.8975,19.6013,
15.2525,14.9561,19.5219,
15.4334,15.0149,19.6013,
15.74,15.1927,19.5219,
16.438,15.3126,19.5219,
17.1705,15.6781,19.5219,
18.2293,16.1166,19.5219,
18.9771,16.3732,19.6013,
19.6013,16.7003,19.5219,
20.2501,17.1024,19.8416,
20.5,17.3075,19.5219,
21.1851,17.3075,19.6013,
21.3607,16.5686,19.6013,
21.8077,16.9,21.0112,
21.9897,15.3728,21.2727,
20.5841,16.3086,21.0979,
19.2862,18.0839,20.8391,
22.2663,17.7262,21.1851,
23.0256,18.2293,21.4492,
23.0256,18.3761,21.4492,
23.3188,18.0117,21.4492,
23.6167,17.5154,21.5381,
23.7171,18.1565,21.6275,
23.7171,18.6738,21.5381,
22.1736,18.9771,21.6275,
21.8984,18.9771,21.5381,
23.4175,18.5242,21.4492,
23.2205,18.45,21.3607,
22.8328,18.3761,21.2727,
21.8984,17.8683,21.2727,
20.5841,17.8683,21.3607,
20.9249,17.5154,21.3607,
20.5,17.6556,21.2727,
19.7611,17.7971,21.2727,
18.9771,18.1565,21.1851,
18.3026,17.5154,21.0979,
17.9399,17.0346,21.0979,
17.5154,16.5686,20.8391,
17.1705,16.3732,20.8391,
17.0346,15.5552,20.8391,
16.8331,14.1025,18.0117,
16.6343,19.681,17.7262,
16.438,19.2862,17.4458,
16.2444,18.9007,17.5854,
16.1804,18.45,17.6556,
16.0532,17.1024,17.5854,
15.9271,14.8392,17.5854,
15.8021,15.0149,17.5154,
15.74,14.3251,17.5854,
15.6781,14.6657,17.6556,
15.5552,14.2691,17.5854,
15.4942,14.1025,17.7971,
15.4334,15.5552,17.7262,
15.3728,14.1025,17.7262,
15.3728,14.5512,17.7262,
15.3126,14.6084,17.7262,
15.3126,14.5512,17.7262,
15.2525,14.3812,17.5854,
15.2525,14.1578,17.6556,
15.1927,13.9379,17.6556,
15.1927,14.1578,17.5854,
15.1927,14.1578,17.6556,
15.1927,14.0474,17.5854,
