18.0839,15.0149,23.0256,
18.1565,15.0149,23.0256,
18.0839,15.0149,23.1228,
18.0839,15.0149,22.9289,
18.0839,15.0149,23.0256,
18.0839,15.0149,22.9289,
18.0839,15.1332,23.0256,
18.1565,15.1927,23.0256,
18.3026,15.3728,22.9289,
18.8247,15.6166,23.0256,
19.5219,15.8645,22.9289,
20.6687,16.1166,22.9289,
21.3607,16.7003,22.8328,
22.3595,16.9672,22.8328,
23.2205,17.5154,22.8328,
23.7171,17.5154,22.8328,
24.1241,18.3026,22.7371,
24.4353,18.6738,22.7371,
24.8584,18.6738,22.7371,
25.0735,18.3026,22.8328,
25.4008,18.0839,23.0256,
25.2911,17.7262,23.1228,
25.4008,17.6556,22.9289,
25.0735,16.9672,23.0256,
24.8584,16.3086,23.0256,
24.5402,16.5032,22.9289,
24.5402,16.9,22.9289,
24.0215,16.7666,22.9289,
23.9195,16.5032,22.8328,
23.4175,16.3086,22.7371,
22.2663,15.74,22.4531,
20.6687,14.8975,21.1851,
20.1676,15.0739,21.4492,
20.2501,14.8975,21.6275,
21.0979,15.4942,22.9289,
20.7537,15.0149,22.642,
20.4163,13.9926,22.8328,
19.6013,13.4559,22.3595,
19.3644,13.668,22.2663,
19.2084,13.9926,22.2663,
18.9771,13.9379,22.1736,
18.7491,13.7216,22.2663,
18.9771,13.8835,22.642,
18.8247,13.7216,22.8328,
16.8331,12.1544,20.6687,
16.7666,12.3948,21.0112,
15.8021,11.7329,19.7611,
18.2293,13.7753,22.1736,
18.1565,14.2133,22.4531,
18.0839,14.0474,22.3595,
18.0839,13.7216,22.2663,
17.9399,13.8293,22.2663,
17.7971,13.8293,22.2663,
17.8683,13.8293,22.2663,
17.7971,13.8835,22.3595,
17.7971,14.4943,22.2663,
17.7262,14.4943,22.1736,
17.6556,14.4377,22.0814,
17.6556,14.4377,22.0814,
17.6556,14.3812,22.0814,
