14.5512,13.8293,19.5219,
14.5512,13.8293,19.6013,
14.5512,13.8293,19.5219,
14.5512,13.8293,19.6013,
14.5512,13.8835,19.5219,
14.5512,13.8835,19.5219,
14.5512,13.9379,19.6013,
14.5512,13.9379,19.5219,
14.5512,13.9379,19.5219,
14.5512,13.9926,19.5219,
14.5512,13.9379,19.5219,
14.5512,13.9926,19.5219,
14.5512,14.1025,19.5219,
14.5512,14.1578,19.5219,
14.6084,14.2691,19.6013,
14.7233,14.3812,19.5219,
14.8975,14.4943,19.5219,
15.4334,14.7233,19.5219,
16.3086,15.0739,19.5219,
17.1705,15.4334,19.5219,
18.0839,15.9271,19.5219,
19.1309,16.3732,19.5219,
20.1676,16.7666,19.5219,
21.1851,17.2388,19.5219,
21.9897,17.1024,19.5219,
22.5473,16.438,19.6013,
23.1228,17.1024,19.6013,
23.5168,17.2388,19.6013,
24.1241,17.0346,19.6013,
24.4353,16.7666,19.7611,
24.6457,19.2084,20.1676,
24.7517,18.9007,20.1676,
24.8584,19.6013,19.9225,
24.6457,19.3644,20.0855,
24.8584,18.7491,19.8416,
24.5402,17.4458,19.8416,
24.4353,17.6556,19.8416,
24.331,17.3075,19.7611,
24.0215,17.3765,19.7611,
23.818,17.3765,19.681,
23.4175,19.3644,19.6013,
23.1228,18.2293,19.681,
22.642,17.3075,19.6013,
22.0814,15.6166,19.681,
21.0979,16.1804,19.681,
20.333,16.3086,19.681,
19.5219,14.6657,19.681,
18.8247,13.9926,19.6013,
18.2293,12.739,19.5219,
17.7262,12.5412,19.5219,
17.3765,12.2981,19.6013,
17.0346,12.9906,19.5219,
16.7666,13.2471,19.5219,
16.5686,13.8835,19.6013,
16.3086,13.2471,19.681,
16.0532,12.5412,19.7611,
15.8645,12.3463,19.681,
15.6781,12.0123,19.681,
15.5552,13.7753,19.681,
15.4334,13.8293,19.681,
15.3126,13.4559,19.6013,
15.1927,13.3511,19.6013,
15.1332,13.2471,19.6013,
15.0149,12.9906,19.681,
14.9561,12.6397,19.6013,
14.8975,13.0926,19.681,
14.7811,13.2471,19.6013,
14.7811,12.3948,19.6013,
14.7233,12.4922,19.6013,
14.6657,12.5412,19.5219,
14.6657,12.5412,19.5219,
14.6084,12.5412,19.6013,
14.6084,12.4434,19.5219,
14.5512,12.25,19.5219,
14.5512,11.779,19.6013,
14.4943,11.7329,19.6013,
14.4943,11.7329,19.5219,
14.4943,11.6869,19.6013,
14.4377,11.6869,19.5219,
14.4377,11.6869,19.5219,
14.4377,11.7329,19.5219,
