15.8645,14.5512,21.1851,
15.8021,14.6084,21.1851,
15.8021,14.6084,21.1851,
15.8021,14.6084,21.0979,
15.8021,14.6084,21.1851,
15.8021,14.6657,21.2727,
15.8021,14.6084,21.0979,
15.8021,14.6084,21.1851,
15.8021,14.6657,21.1851,
15.8645,14.7233,21.0979,
15.8021,14.7233,21.1851,
15.8645,14.7233,21.2727,
15.9271,14.7811,21.1851,
16.1166,14.8975,21.1851,
16.7666,15.1332,21.1851,
17.7262,15.4334,21.0979,
18.9771,15.8645,21.1851,
20.2501,16.5032,21.1851,
21.2727,16.9,21.0979,
22.2663,17.4458,21.0979,
23.0256,17.9399,21.1851,
23.5168,18.0117,21.1851,
24.1241,18.3026,21.0979,
24.4353,18.0839,21.0979,
24.7517,17.9399,21.0112,
25.182,16.9672,21.1851,
25.4008,16.3086,21.0979,
25.7337,16.438,21.1851,
25.8459,15.9271,21.2727,
25.8459,16.1166,21.3607,
25.5111,16.2444,21.2727,
25.2911,16.3732,21.2727,
25.0735,16.3086,21.1851,
24.6457,16.3086,21.0112,
24.0215,16.0532,21.1851,
23.6167,15.74,21.1851,
23.0256,15.5552,21.1851,
22.3595,15.4334,21.0979,
21.8077,15.6781,21.0979,
21.0979,15.9271,21.1851,
20.5,15.8645,21.1851,
19.681,16.1804,21.1851,
19.1309,16.1804,21.1851,
18.5988,15.9271,21.1851,
18.3026,15.8021,21.1851,
17.9399,15.8021,21.1851,
17.7971,15.74,21.1851,
17.5854,15.6781,21.3607,
17.3765,15.3728,21.2727,
17.1024,15.2525,21.4492,
16.9672,15.2525,21.3607,
16.8331,15.3126,21.3607,
16.7666,15.2525,21.3607,
16.6343,15.1927,21.2727,
16.5032,15.0739,21.2727,
16.438,14.8392,21.2727,
16.3732,14.6084,21.2727,
16.2444,14.3251,21.0979,
16.2444,12.25,21.1851,
16.1804,11.779,21.0979,
16.1804,11.779,21.0112,
16.1804,11.779,21.0979,
16.1804,12.1544,21.0979,
16.1166,11.9653,21.0979,
16.1166,11.779,21.0979,
16.1166,11.9653,21.0979,
