14.6084,13.5086,19.5219,
14.5512,13.5615,19.5219,
14.6084,13.6147,19.6013,
14.6084,13.6147,19.5219,
14.6084,13.6147,19.5219,
14.5512,12.9399,19.5219,
14.6084,13.7753,19.5219,
14.6084,13.7753,19.5219,
14.6084,13.8293,19.6013,
14.6084,13.8293,19.5219,
14.7233,13.9926,19.5219,
14.8392,13.9926,19.443,
15.3126,14.1578,19.5219,
16.438,14.2691,19.5219,
17.5854,14.5512,19.5219,
18.7491,14.8392,19.5219,
19.7611,15.1927,19.5219,
20.7537,15.5552,19.6013,
21.3607,15.9271,19.6013,
21.9897,16.1804,19.6013,
22.3595,16.0532,19.6013,
22.642,16.438,19.681,
22.9289,15.8021,19.681,
23.2205,16.0532,19.7611,
23.6167,16.0532,19.8416,
24.0215,16.1166,19.9225,
24.331,15.5552,19.9225,
24.4353,16.1166,20.0038,
24.4353,16.1166,20.1676,
24.5402,16.9672,20.0855,
24.331,16.5686,20.0855,
23.9195,15.6781,19.9225,
23.818,16.1804,19.9225,
23.7171,16.3086,19.7611,
23.5168,15.8021,19.681,
23.0256,15.0739,19.8416,
22.7371,15.6781,19.8416,
22.1736,15.1332,19.9225,
21.7174,15.3728,19.8416,
20.9249,14.4377,19.7611,
20.1676,14.8392,19.8416,
19.3644,14.6084,19.9225,
18.6738,14.8975,19.8416,
18.1565,14.5512,19.9225,
17.6556,13.9379,19.9225,
17.3075,14.5512,20.0038,
17.1024,14.8392,20.0855,
16.9672,14.8392,20.1676,
16.8331,14.9561,20.333,
16.8331,14.4377,20.5841,
16.7003,14.3812,20.6687,
16.5686,15.2525,20.6687,
16.438,14.4943,20.7537,
16.3732,15.1927,20.7537,
16.3086,15.1332,20.8391,
16.2444,14.8975,20.9249,
16.1804,14.4377,21.0112,
16.1166,14.6084,21.0112,
16.0532,14.4943,21.0112,
15.99,14.1578,21.0112,
15.99,14.1578,20.9249,
15.99,13.8293,21.0112,
15.9271,14.1025,21.0112,
15.9271,13.8835,20.9249,
15.9271,13.8835,21.0112,
15.8645,13.9379,21.0112,
15.8645,13.299,20.9249,
15.8645,14.2133,21.0112,
15.8645,14.2133,20.9249,
15.8645,13.8835,20.9249,
15.8021,13.8293,20.9249,
15.8021,13.668,20.9249,
15.8021,13.5086,20.8391,
15.8021,13.299,20.9249,
15.8021,13.7216,20.9249,
15.74,13.299,20.9249,
15.74,13.7216,20.9249,
15.74,13.7753,21.0112,
15.74,13.8293,20.9249,
15.8021,14.1025,21.0112,
15.8021,13.9926,21.0979,
