14.6084,13.8835,19.3644,
14.6084,13.8835,19.3644,
14.6084,13.9926,19.3644,
14.6084,13.9926,19.2862,
14.6084,13.9926,19.2862,
14.6084,13.9926,19.3644,
14.6084,14.1025,19.2862,
14.6657,14.1025,19.2862,
14.7233,14.1578,19.2862,
14.7811,14.1578,19.2862,
14.9561,14.2691,19.3644,
15.1332,14.2133,19.2862,
15.5552,14.4377,19.3644,
16.1804,14.6657,19.2862,
17.1705,15.0149,19.2084,
18.1565,15.3126,19.3644,
19.2084,15.74,19.5219,
20.0855,15.8645,19.5219,
21.0112,16.3086,19.443,
21.8077,16.3732,19.5219,
22.5473,16.5032,19.6013,
22.9289,15.8645,19.3644,
23.6167,17.1024,19.5219,
24.2273,17.1024,19.8416,
24.9657,16.8331,19.9225,
26.0723,17.4458,21.0979,
27.6104,18.5242,22.4531,
28.618,17.5854,21.9897,
28.1081,17.3075,23.4175,
27.8577,18.5242,22.5473,
27.4878,18.0839,21.8984,
26.4169,13.9379,21.0979,
25.8459,17.7971,21.2727,
25.7337,17.7262,21.1851,
25.4008,17.5154,21.5381,
24.4353,17.2388,21.2727,
23.9195,17.1705,21.5381,
23.4175,17.3075,21.3607,
22.4531,17.1024,21.0979,
21.5381,16.7003,20.1676,
20.5,16.1804,21.3607,
19.681,15.0149,21.6275,
18.9007,15.6166,20.6687,
18.5242,15.1927,20.6687,
17.8683,14.6657,20.5841,
17.4458,14.2133,20.5,
17.1705,14.6657,20.6687,
16.9672,14.7811,20.4163,
16.8331,14.8975,21.0112,
16.6343,14.9561,21.0979,
16.5032,14.4377,21.1851,
16.3732,12.6893,21.0112,
16.3086,14.1578,21.0112,
16.1804,14.5512,21.0112,
16.0532,14.4943,20.8391,
15.99,14.4377,20.9249,
15.9271,14.4377,20.9249,
15.8645,14.3812,20.7537,
15.8645,14.3251,20.8391,
15.8021,13.9926,20.6687,
15.74,13.8293,20.6687,
15.74,13.6147,20.6687,
15.6781,13.7753,20.6687,
15.6781,13.5615,20.5841,
