14.6657,14.8392,19.681,
14.6657,14.7233,19.681,
14.6084,14.7233,19.681,
14.6084,14.7233,19.681,
14.6084,14.7233,19.681,
14.6084,14.7233,19.6013,
14.6657,14.7233,19.6013,
14.6657,14.7233,19.681,
14.6657,14.2691,19.681,
14.8392,13.9379,19.681,
15.3126,14.6084,19.6013,
16.1804,14.9561,19.681,
17.2388,15.3728,19.6013,
18.2293,15.8021,19.681,
19.0538,16.3732,19.681,
19.7611,16.9,19.681,
20.4163,17.5154,19.7611,
21.0112,18.0117,19.7611,
21.6275,18.3761,19.7611,
22.2663,18.5988,19.8416,
22.5473,19.0538,19.681,
22.9289,19.2862,19.681,
23.2205,19.443,19.7611,
23.2205,19.6013,19.8416,
23.6167,19.2862,19.8416,
23.9195,18.8247,19.9225,
24.1241,18.5988,19.8416,
24.2273,19.2084,19.8416,
24.1241,19.1309,19.8416,
24.0215,19.0538,19.9225,
23.818,18.9007,19.8416,
23.6167,18.9007,19.7611,
23.3188,18.7491,19.681,
22.9289,18.45,19.681,
22.3595,18.1565,19.681,
21.5381,17.9399,19.681,
20.7537,17.5854,19.681,
19.9225,17.2388,19.681,
19.0538,16.6343,19.7611,
18.3026,16.1166,19.7611,
17.6556,14.8975,19.7611,
17.3075,15.8645,19.681,
16.9672,15.4942,19.7611,
16.6343,15.2525,19.681,
16.3732,15.0739,19.681,
16.1166,14.6657,19.6013,
15.8645,14.4377,19.681,
15.6781,14.5512,19.681,
15.5552,14.6657,19.681,
15.4334,14.4943,19.681,
15.3728,14.3251,19.681,
15.2525,14.3251,19.681,
15.2525,14.3251,19.681,
15.1927,14.3251,19.6013,
15.1332,14.3812,19.6013,
15.1332,14.4377,19.6013,
15.0739,14.3812,19.6013,
15.0739,14.4377,19.6013,
15.0739,14.4943,19.5219,
15.0149,14.4943,19.5219,
15.0149,14.4943,19.5219,
14.9561,14.4943,19.5219,
15.0149,14.5512,19.5219,
