14.8975,14.7233,17.8683,
14.8975,14.4943,17.8683,
14.8975,14.4943,17.8683,
14.8975,14.4943,17.8683,
14.8975,14.4943,17.8683,
14.8975,14.4943,17.7971,
14.8975,14.5512,17.7971,
14.9561,14.6657,17.8683,
15.0149,14.6084,17.9399,
15.0739,14.6657,17.8683,
15.3126,14.8392,17.8683,
15.6781,14.7811,17.8683,
16.0532,15.0149,17.8683,
16.7666,15.0739,17.7971,
17.5154,15.4334,17.8683,
18.3026,15.74,17.7262,
19.0538,16.0532,17.7262,
19.681,16.5686,17.7971,
20.2501,16.7666,17.7971,
20.6687,17.1705,17.8683,
21.1851,17.2388,17.8683,
21.6275,16.1166,17.8683,
21.8984,16.9672,17.9399,
22.2663,17.1024,17.9399,
13.5615,17.2388,17.9399,
22.5473,17.3765,18.0839,
22.8328,17.7262,19.2862,
21.4492,17.8683,20.5841,
22.642,18.0839,20.6687,
23.4175,17.8683,20.6687,
23.2205,17.3075,20.6687,
23.0256,15.99,20.6687,
23.0256,16.3732,20.8391,
23.4175,16.9672,20.8391,
23.4175,16.1804,20.7537,
23.2205,16.3086,20.7537,
22.8328,16.6343,20.6687,
22.5473,15.99,20.6687,
22.1736,16.3086,20.5841,
21.7174,16.3086,20.6687,
21.2727,16.6343,20.5841,
20.6687,16.5686,20.5841,
19.9225,16.7666,20.5,
19.2084,15.8645,20.5,
18.1565,15.99,20.4163,
17.5154,15.6166,20.4163,
15.9271,15.6166,20.333,
17.4458,15.1927,20.333,
17.2388,14.7233,20.333,
16.9,13.7216,20.1676,
16.5686,14.6084,20.333,
16.0532,14.7811,20.2501,
16.1166,14.6657,20.333,
16.0532,14.3251,20.2501,
15.9271,14.3812,20.2501,
15.8021,14.3251,20.2501,
15.6781,14.0474,20.2501,
15.6781,14.1025,20.2501,
15.5552,13.7753,20.2501,
15.3126,14.0474,20.1676,
15.2525,15.1927,20.1676,
15.1332,15.1927,20.2501,
15.0739,15.3126,20.2501,
15.0149,15.3126,20.1676,
15.0149,15.2525,20.1676,
15.0149,15.3126,20.1676,
15.0149,15.2525,20.0855,
14.9561,15.2525,20.0855,
14.9561,15.3126,20.0855,
14.8975,15.2525,20.0855,
14.8975,15.3126,20.0038,
14.8975,15.3728,20.0855,
14.8975,15.4942,20.1676,
14.8975,15.4942,20.0855,
14.8392,15.5552,20.0855,
14.8392,15.4942,20.0038,
14.8392,15.5552,20.0038,
14.7811,15.4942,19.9225,
14.7233,15.4942,20.0038,
14.7811,15.4942,20.0855,
