17.7971,11.6411,21.0979,
17.7262,11.5954,21.0112,
17.8683,11.5954,21.0112,
17.7262,11.5046,20.9249,
17.7262,11.6411,21.0112,
17.7262,11.5046,20.9249,
17.7971,11.6411,20.9249,
17.7971,11.5954,20.9249,
17.9399,11.6869,21.0112,
18.45,11.779,20.8391,
19.2862,12.1544,20.8391,
20.333,12.3948,20.8391,
21.4492,12.6893,20.8391,
22.3595,12.739,20.8391,
22.9289,12.8894,20.8391,
23.6167,13.0926,21.6275,
23.7171,13.4559,20.8391,
24.1241,13.5615,20.8391,
24.331,13.7216,21.3607,
24.7517,13.7216,22.2663,
25.0735,13.8293,21.4492,
25.4008,14.8392,21.0112,
25.7337,15.0739,22.0814,
25.7337,15.2525,21.1851,
25.8459,15.4334,21.5381,
25.7337,12.9399,21.6275,
25.5111,14.4943,21.3607,
25.182,14.2133,21.3607,
24.9657,14.4377,21.3607,
24.7517,14.3251,21.3607,
24.2273,14.2691,21.4492,
23.4175,14.2133,21.4492,
22.7371,13.8835,21.3607,
21.8984,13.8293,21.3607,
21.3607,13.668,22.0814,
21.1851,13.8835,22.5473,
20.7537,13.7216,22.642,
20.5841,13.5086,23.0256,
19.9225,13.1439,22.5473,
19.443,13.0415,22.4531,
19.2084,13.0415,22.3595,
19.0538,13.9926,22.5473,
18.9771,14.4943,22.642,
18.6738,14.2691,22.642,
18.45,13.4034,22.9289,
18.2293,13.1439,25.6221,
18.1565,13.4559,22.5473,
18.0839,13.5086,22.4531,
17.9399,13.0926,23.5168,
17.7262,12.8391,22.4531,
17.7971,13.3511,22.4531,
17.8683,13.4034,22.5473,
17.7262,13.0926,22.4531,
17.7262,12.8391,22.3595,
17.6556,13.1954,22.3595,
17.7262,13.4034,22.4531,
17.6556,13.3511,22.3595,
17.6556,13.3511,22.4531,
