14.5512,14.6657,19.681,
14.5512,14.6657,19.7611,
14.5512,14.7811,19.7611,
14.5512,14.7811,19.681,
14.5512,14.7233,19.681,
14.5512,14.8392,19.681,
14.5512,14.6084,19.6013,
14.5512,14.7233,19.681,
14.5512,14.5512,19.6013,
14.6084,14.6657,19.681,
14.6084,14.8975,19.681,
14.7811,14.8392,19.6013,
15.4334,15.1332,19.6013,
16.3732,15.3126,19.6013,
17.5154,15.8645,19.5219,
18.5988,16.3086,19.6013,
19.681,16.6343,19.681,
20.5841,17.1705,19.681,
21.4492,17.5154,19.6013,
22.1736,16.5032,19.6013,
22.642,18.3026,19.681,
23.0256,18.1565,19.7611,
23.3188,17.7971,19.7611,
23.6167,16.1166,19.8416,
24.0215,16.3086,19.9225,
24.4353,16.3732,20.0855,
24.5402,18.2293,20.1676,
24.8584,18.5242,20.1676,
24.7517,17.6556,20.0038,
24.8584,18.1565,20.0855,
24.8584,19.5219,20.0038,
24.5402,19.8416,20.0038,
24.2273,19.681,19.9225,
24.0215,19.2084,19.9225,
23.7171,19.0538,19.9225,
23.2205,18.7491,19.9225,
22.7371,18.5988,19.8416,
22.2663,16.9672,19.7611,
21.5381,17.1024,19.7611,
20.7537,16.8331,19.681,
20.0038,16.6343,19.7611,
19.2084,16.3086,19.681,
18.7491,16.2444,19.6013,
18.3026,16.0532,19.7611,
17.7971,16.438,19.7611,
17.4458,16.1804,19.5219,
17.1024,15.99,19.6013,
16.8331,15.6166,19.6013,
16.5686,15.3728,19.6013,
16.3732,15.2525,19.681,
16.1166,15.1332,19.681,
15.8645,14.8392,19.681,
15.6781,14.8975,19.7611,
15.4942,14.5512,19.681,
15.3728,14.6657,19.681,
15.2525,15.3126,19.7611,
15.1927,15.3126,19.681,
15.1332,15.2525,19.681,
15.0739,15.2525,19.6013,
15.0739,15.1927,19.6013,
14.9561,15.1927,19.681,
15.0149,15.1332,19.6013,
14.9561,15.1332,19.681,
14.9561,15.1332,19.681,
14.8975,15.1332,19.7611,
14.8975,15.1332,19.681,
14.8975,15.0739,19.7611,
14.8392,15.0739,19.7611,
14.8392,15.0739,19.681,
14.8392,15.0149,19.7611,
