17.7262,16.6343,18.0117,
17.7262,16.6343,18.0117,
17.7262,16.6343,17.9399,
17.6556,15.9271,17.7262,
17.7262,16.1166,17.7971,
17.7262,16.2444,17.4458,
17.7971,16.3086,17.5154,
17.7262,16.438,17.5854,
17.8683,16.5686,17.7971,
17.8683,16.6343,17.6556,
18.0839,16.9,17.6556,
18.45,17.1024,18.0117,
19.0538,17.1024,18.9007,
20.0038,17.5854,18.9771,
20.8391,17.7971,18.9771,
21.5381,17.9399,18.5242,
22.3595,23.0256,17.5154,
23.0256,23.6167,19.1309,
23.4175,23.7171,16.8331,
23.9195,24.0215,16.438,
24.4353,24.2273,17.5854,
24.331,22.642,17.1024,
24.6457,20.333,16.1166,
24.1241,21.3607,15.0739,
22.642,21.8077,13.8293,
24.0215,21.9897,13.3511,
23.7171,22.0814,12.8391,
23.3188,21.6275,12.8391,
23.3188,21.9897,12.8894,
22.3595,21.5381,12.9906,
22.9289,21.4492,12.7889,
22.7371,21.4492,13.0415,
22.7371,21.4492,13.1954,
22.2663,21.1851,13.1439,
21.7174,21.1851,13.4559,
21.9897,22.642,14.4377,
18.6738,20.2501,13.3511,
21.0112,17.3075,14.4943,
20.333,16.3732,14.8392,
20.5841,17.3765,15.6166,
19.7611,18.9771,15.4942,
19.2862,18.2293,15.4942,
19.1309,18.0839,15.5552,
18.9771,18.2293,17.3075,
18.9007,17.7971,15.6781,
18.7491,17.7971,15.74,
18.6738,17.5854,15.74,
18.5988,17.3075,15.8645,
19.0538,17.7971,16.1166,
19.0538,17.9399,16.2444,
18.9771,17.7262,16.1804,
18.1565,17.1705,15.5552,
18.0839,17.1024,15.4334,
18.0117,17.0346,15.4334,
17.9399,17.1024,15.4942,
17.9399,17.1024,15.74,
17.9399,17.1024,16.438,
