18.5242,18.7491,24.331,
18.45,18.2293,24.5402,
18.5242,17.6556,24.4353,
18.45,17.8683,24.4353,
18.5242,19.681,24.4353,
18.5242,19.2862,24.4353,
18.5242,19.6013,24.5402,
18.5242,19.3644,24.4353,
18.5242,19.5219,24.5402,
18.5242,19.5219,24.5402,
18.5988,19.6013,24.5402,
18.9007,19.7611,24.5402,
19.5219,20.0038,24.5402,
20.7537,18.6738,24.331,
21.8984,18.2293,24.331,
22.3595,18.6738,24.331,
24.331,19.2084,24.4353,
24.5402,19.9225,24.5402,
25.182,20.5,24.7517,
25.182,20.7537,24.9657,
27.1245,21.0112,24.9657,
27.7337,21.1851,24.5402,
28.2344,21.5381,24.8584,
27.7337,21.7174,25.0735,
26.4169,25.0735,22.7371,
25.2911,23.7171,21.6275,
25.182,23.2205,21.3607,
24.7517,20.7537,21.2727,
21.4492,21.1851,20.9249,
24.9657,21.3607,20.8391,
21.9897,19.9225,20.7537,
20.5841,19.1309,20.5,
18.3026,18.3761,20.333,
19.443,18.0117,20.4163,
19.5219,19.1309,20.333,
19.3644,19.2084,20.333,
18.6738,19.0538,20.2501,
20.0038,18.9771,20.2501,
21.3607,18.9771,20.333,
21.2727,18.5242,20.2501,
20.6687,18.6738,20.1676,
20.1676,18.5988,20.2501,
16.7666,18.3026,20.1676,
18.1565,18.0117,20.2501,
17.5854,17.7262,20.2501,
17.6556,16.7666,20.2501,
17.3075,15.99,20.2501,
17.0346,16.1804,20.1676,
16.7666,15.74,20.1676,
16.5686,16.0532,20.2501,
16.3732,15.99,20.1676,
16.1166,15.9271,20.2501,
15.99,16.9,20.333,
15.8021,17.2388,20.2501,
15.74,17.7262,20.333,
15.5552,17.7262,20.333,
15.4942,17.7262,20.333,
15.4334,17.6556,20.4163,
15.3728,17.5154,20.333,
15.3126,17.5154,20.333,
15.3126,17.5154,20.4163,
15.2525,17.5154,20.333,
15.1927,17.5854,20.333,
15.2525,17.5154,20.333,
15.1927,17.5154,20.4163,
15.1332,17.5154,20.333,
15.0739,17.4458,20.333,
15.0739,17.4458,20.2501,
14.8392,17.4458,20.333,
14.8392,17.4458,20.333,
14.8392,17.5154,20.2501,
14.8392,17.4458,20.2501,
14.8392,17.3765,20.2501,
