500,391,450,
499,391,450,
494,387,446,
491,385,444,
491,385,439,
490,385,448,
489,385,454,
489,386,454,
489,388,463,
490,388,470,
490,389,457,
490,389,459,
491,391,460,
491,393,459,
491,394,478,
492,398,484,
494,402,490,
494,406,495,
494,416,494,
494,435,508,
494,450,521,
518,481,538,
520,489,545,
521,494,552,
517,492,550,
519,496,553,
513,491,547,
517,496,552,
520,500,557,
514,494,551,
513,493,549,
515,496,551,
519,500,555,
522,503,556,
522,502,554,
522,497,549,
522,490,541,
523,479,532,
523,460,522,
524,443,513,
524,428,504,
524,418,495,
524,412,484,
524,408,476,
524,405,471,
524,403,467,
523,400,465,
523,397,462,
522,394,460,
522,393,458,
521,392,456,
521,392,456,
521,393,456,
521,394,455,
522,394,456,
523,395,456,
522,395,456,
518,391,453,
516,390,451,
517,391,452,
517,391,452,
516,391,452,
515,390,451,
516,391,452,
520,395,457,
523,397,460,
522,396,460,
510,387,451,
501,382,444,
505,385,448,
507,385,451,
494,378,440,
491,377,438,
486,374,435,
482,372,434,
480,373,434,
485,379,440,
479,378,437,
476,378,438,
464,370,428,
469,377,435,
462,373,429,
448,364,418,
446,364,416,
459,376,427,
455,373,423,
466,385,435,
465,385,434,
464,386,433,
464,386,432,
463,388,431,
462,387,431,
460,389,430,
460,390,429,
458,392,428,
461,397,432,
457,396,427,
453,397,425,
452,400,424,
449,403,423,
428,388,404,
438,402,417,
437,404,416,
441,412,423,
439,414,422,
447,426,430,
446,429,431,
440,427,426,
444,436,432,
451,446,444,
444,443,438,
425,427,419,
419,424,415,
419,427,415,
414,426,411,
412,428,405,
424,443,422,
417,438,415,
410,434,408,
410,435,409,
409,437,409,
416,445,415,
411,441,410,
408,440,409,
407,439,407,
407,439,407,
415,449,415,
427,461,425,
425,460,423,
422,457,420,
421,456,420,
419,454,418,
416,451,416,
416,451,416,
418,453,418,
412,448,413,
417,451,418,
417,453,419,
412,448,414,
410,445,411,
409,444,411,
411,445,412,
408,442,409,
408,442,411,
408,443,410,
408,442,411,
409,442,412,
