12.6397,21.0979,15.6781,
12.6397,21.1851,15.4334,
12.6397,21.0112,19.2862,
12.6397,21.0112,20.0038,
12.6397,21.0112,20.2501,
12.6397,21.0979,20.333,
12.5904,21.0112,20.1676,
12.5904,21.0112,20.0855,
12.5904,20.9249,19.5219,
12.5904,20.8391,18.3761,
12.5904,20.9249,17.0346,
12.6397,20.9249,19.1309,
12.6397,20.8391,18.8247,
12.6397,20.7537,19.6013,
12.6397,20.7537,18.7491,
12.6893,20.8391,19.3644,
12.739,20.8391,16.6343,
12.8391,21.0112,16.3732,
13.0926,20.9249,16.7003,
13.8293,21.0979,14.5512,
15.1927,21.1851,14.9561,
17.1705,21.2727,16.6343,
19.2084,22.2663,16.7003,
20.9249,23.3188,22.2663,
22.2663,22.0814,17.5854,
23.7171,21.1851,20.0855,
24.1241,15.4942,12.5412,
25.7337,20.8391,14.5512,
26.4169,22.0814,15.6781,
27.7337,23.6167,24.2273,
28.4893,23.9195,24.9657,
28.618,30.226,25.5111,
29.2734,30.933,23.2205,
28.3615,30.226,23.0256,
28.8777,27.366,20.5,
28.8777,22.3595,22.7371,
29.2734,24.0215,23.7171,
29.2734,17.7262,24.331,
29.1407,21.0112,24.4353,
27.7337,28.2344,19.3644,
27.0048,28.1081,17.1705,
26.0723,28.1081,18.2293,
25.5111,28.1081,21.4492,
24.0215,28.1081,22.3595,
21.1851,17.3075,23.4175,
21.8077,27.6104,23.9195,
22.1736,28.8777,24.1241,
20.1676,23.0256,24.1241,
19.6013,23.3188,24.4353,
19.6013,21.9897,24.4353,
19.1309,26.1865,23.1228,
18.8247,29.8126,23.2205,
19.2084,29.8126,23.818,
18.0117,29.2734,22.2663,
17.8683,29.0088,22.0814,
17.5154,24.7517,20.6687,
17.1705,24.331,19.681,
16.9672,29.2734,22.3595,
16.7003,28.7475,16.5686,
16.5032,28.618,22.642,
16.3732,28.3615,21.9897,
16.2444,28.3615,18.6738,
16.0532,28.4893,17.7971,
15.99,28.618,18.9771,
15.8645,27.9825,13.8293,
15.74,28.618,20.5841,
15.74,28.618,17.5854,
15.6781,28.4893,20.8391,
15.4942,28.3615,18.3026,
15.3126,27.9825,17.2388,
15.5552,23.9195,19.681,
15.5552,27.7337,22.0814,
15.4334,27.8577,21.4492,
15.1927,26.8858,16.3086,
15.0739,25.2911,18.9007,
14.6657,25.6221,19.3644,
14.8392,25.4008,20.1676,
14.5512,25.182,19.8416,
14.7811,23.7171,18.9007,
14.8392,24.2273,18.5988,
14.7233,22.3595,17.7971,
14.8975,22.642,15.0149,
14.7811,22.8328,13.3511,
15.1332,25.9588,14.8392,
15.0149,26.4169,14.6657,
14.9561,25.9588,16.2444,
14.8975,25.8459,17.1024,
14.8975,25.4008,12.5904,
14.9561,25.4008,13.8293,
15.0739,25.0735,22.7371,
15.2525,24.7517,19.443,
15.4942,23.818,19.8416,
15.5552,22.3595,16.1804,
15.6781,19.2084,15.0739,
15.5552,18.45,15.0149,
15.8645,20.1676,15.5552,
16.0532,22.0814,13.299,
16.1804,21.9897,14.8975,
16.1804,21.6275,14.3251,
16.438,20.2501,21.1851,
16.5686,20.8391,20.0038,
16.6343,18.5988,21.4492,
16.7666,20.7537,18.6738,
16.9672,20.7537,21.8984,
17.1024,20.0038,21.8077,
17.1705,19.443,21.6275,
17.2388,19.0538,21.7174,
17.3075,21.5381,21.7174,
17.4458,20.0038,21.7174,
17.5854,18.3026,21.8077,
17.6556,18.3026,21.8077,
17.5854,18.0117,23.818,
17.6556,17.7262,22.9289,
17.6556,17.5154,21.7174,
17.6556,17.1024,22.8328,
17.7262,17.1024,21.9897,
17.7262,16.5032,21.6275,
17.7971,16.5686,22.8328,
17.7971,16.7003,21.7174,
17.7262,16.1166,21.6275,
17.7262,16.0532,21.7174,
17.7971,16.3732,21.6275,
17.7971,16.3732,21.6275,
17.7262,16.5686,23.4175,
17.7262,16.3732,21.6275,
17.6556,16.3732,21.6275,
17.6556,16.438,21.6275,
17.7262,16.3732,21.6275,
17.6556,16.1804,21.5381,
17.6556,16.1166,21.4492,
17.6556,16.1166,21.4492,
17.7262,16.1166,21.4492,
17.7971,16.1804,21.3607,
17.7262,16.1166,21.4492,
17.7262,16.0532,21.3607,
17.6556,16.0532,21.4492,
17.6556,16.0532,21.4492,
17.6556,15.99,21.4492,
17.5854,15.99,21.4492,
17.5854,15.99,21.4492,
17.5854,15.99,21.3607,
