14.9561,21.6275,21.0112,
14.9561,21.2727,21.8077,
14.9561,22.4531,21.5381,
14.9561,22.3595,22.642,
14.9561,22.5473,22.7371,
14.9561,22.4531,23.7171,
15.0149,22.2663,23.9195,
14.9561,22.3595,24.9657,
15.0149,22.0814,25.2911,
15.0149,23.5168,25.6221,
15.0149,25.0735,25.5111,
15.0149,24.0215,25.5111,
14.9561,21.9897,25.6221,
15.0149,23.2205,25.2911,
15.0149,25.182,25.4008,
15.0149,23.818,25.4008,
14.9561,21.0112,25.6221,
14.8975,19.443,26.0723,
14.9561,21.1851,26.1865,
14.8975,21.5381,26.3014,
14.9561,21.6275,25.6221,
15.0149,22.7371,26.65,
15.1927,22.4531,27.0048,
15.74,24.9657,23.9195,
16.6343,21.3607,25.7337,
18.1565,23.1228,24.0215,
19.7611,22.4531,23.5168,
19.5219,21.1851,27.9825,
22.642,22.3595,27.366,
23.3188,27.7337,27.6104,
25.4008,28.8777,23.1228,
26.7676,29.1407,26.8858,
27.4878,22.5473,26.65,
28.1081,23.3188,22.9289,
28.8777,25.8459,22.7371,
29.0088,22.4531,23.818,
29.0088,28.8777,28.618,
29.1407,26.7676,25.5111,
29.0088,28.4893,28.7475,
28.8777,26.7676,27.9825,
28.4893,25.0735,27.4878,
28.3615,24.6457,26.3014,
28.2344,24.0215,28.7475,
28.1081,23.7171,27.2449,
27.7337,23.9195,21.2727,
26.8858,23.4175,20.5841,
26.1865,22.642,21.1851,
25.5111,25.0735,20.8391,
24.331,27.2449,21.0112,
23.0256,27.6104,21.0112,
21.8077,28.3615,20.7537,
20.5841,28.4893,19.8416,
19.681,28.2344,19.8416,
18.9771,28.4893,21.1851,
18.3026,28.3615,24.6457,
17.9399,28.618,20.0038,
17.4458,28.618,20.0038,
17.0346,28.3615,20.0855,
16.7666,28.1081,19.9225,
16.5686,27.8577,20.0038,
16.3086,28.4893,20.333,
16.0532,28.3615,23.818,
15.99,26.7676,20.8391,
15.8021,22.1736,21.0112,
15.74,22.2663,20.5841,
15.6781,26.4169,20.9249,
15.6166,27.4878,21.3607,
15.5552,27.4878,21.2727,
15.4942,24.5402,21.3607,
15.4942,26.3014,21.3607,
15.4942,23.7171,21.2727,
15.4942,25.4008,21.2727,
15.4942,24.4353,21.3607,
15.4334,24.331,21.1851,
15.4334,23.9195,21.3607,
15.4334,24.2273,21.1851,
15.3728,23.818,21.8077,
15.3728,23.7171,20.8391,
15.3126,23.818,19.9225,
15.3126,23.7171,19.6013,
15.3728,23.7171,19.681,
15.3126,23.5168,27.2449,
15.4942,23.9195,23.3188,
15.5552,25.182,31.9623,
15.6781,23.4175,28.618,
15.74,23.818,24.8584,
15.8021,22.2663,23.7171,
16.0532,25.4008,24.7517,
16.1166,21.7174,30.0873,
16.1166,21.2727,23.2205,
16.3732,16.438,22.9289,
16.5686,22.7371,28.618,
16.7003,19.8416,27.366,
16.9,17.3075,23.7171,
17.1705,18.9771,27.366,
17.7262,18.0839,24.331,
16.6343,16.1804,26.3014,
17.1024,18.8247,21.5381,
18.9771,19.6013,24.0215,
19.0538,19.5219,24.9657,
19.2862,19.443,22.5473,
19.443,19.443,21.4492,
19.6013,19.5219,25.6221,
19.5219,19.2862,19.681,
19.681,19.1309,21.7174,
19.5219,18.9007,21.7174,
19.681,18.9771,25.9588,
19.7611,19.0538,21.8984,
19.8416,18.9771,23.0256,
19.7611,18.9007,21.5381,
19.7611,18.9007,25.9588,
19.7611,18.9771,22.7371,
19.9225,18.9007,22.8328,
