12.7889,26.5331,20.4163,
12.7889,26.3014,20.333,
12.7889,26.5331,20.2501,
12.739,26.3014,20.2501,
12.739,26.3014,20.1676,
12.739,26.1865,20.0855,
12.6893,26.1865,20.0038,
12.6893,26.0723,19.9225,
12.6397,25.9588,19.8416,
12.6397,25.9588,19.8416,
12.6397,25.9588,19.681,
12.5904,25.9588,19.6013,
12.5904,25.9588,19.5219,
12.5904,25.9588,19.5219,
12.5904,25.9588,19.443,
12.5904,25.9588,19.3644,
12.5904,25.8459,19.2862,
12.6397,26.0723,19.3644,
12.6397,25.9588,19.3644,
13.1439,26.3014,19.5219,
13.5615,25.9588,15.5552,
14.5512,26.3014,13.299,
15.5552,26.3014,19.681,
17.1024,26.65,15.9271,
18.2293,27.2449,17.5154,
20.4163,27.7337,17.9399,
21.8077,28.1081,21.3607,
21.0112,28.4893,15.9271,
23.6167,28.4893,16.0532,
24.331,28.8777,18.3026,
25.182,29.0088,13.6147,
25.182,28.8777,12.4922,
24.0215,28.2344,15.6781,
24.5402,27.8577,17.3075,
25.4008,28.2344,15.8021,
26.5331,28.1081,15.3728,
26.1865,27.1245,17.8683,
25.7337,26.5331,16.9,
26.7676,26.8858,18.45,
25.6221,27.7337,19.3644,
25.9588,23.6167,20.5841,
27.4878,28.618,20.6687,
25.9588,24.331,23.7171,
26.8858,24.9657,24.9657,
26.8858,21.8984,23.818,
26.3014,20.9249,23.4175,
25.6221,21.8077,21.9897,
24.6457,25.0735,23.0256,
23.5168,25.0735,21.9897,
22.0814,26.4169,24.4353,
21.0979,28.4893,24.331,
19.9225,28.1081,20.5841,
19.2084,28.618,20.8391,
18.5242,28.3615,23.7171,
17.9399,28.618,28.618,
17.5854,28.4893,23.1228,
17.1705,28.4893,21.6275,
16.7003,28.4893,21.3607,
16.5032,28.618,23.7171,
16.1804,28.3615,28.3615,
15.8021,28.3615,21.8077,
15.74,28.2344,21.2727,
15.0149,27.2449,21.8984,
14.6084,27.1245,20.333,
14.3251,26.7676,20.0038,
14.1578,26.7676,20.0855,
14.0474,26.5331,19.8416,
13.9926,26.7676,20.5,
13.9379,26.7676,19.8416,
13.8835,26.7676,19.9225,
13.8293,26.65,19.9225,
13.7216,26.4169,19.7611,
13.7216,26.4169,19.8416,
13.668,26.1865,19.681,
13.6147,26.1865,19.7611,
13.5615,26.1865,19.6013,
13.5615,25.9588,19.681,
13.5086,25.9588,19.7611,
13.5086,25.9588,19.681,
13.4559,25.9588,19.8416,
13.4559,25.8459,19.9225,
13.4559,25.7337,23.7171,
13.4559,25.4008,22.4531,
13.4559,25.4008,22.1736,
13.5086,25.0735,21.0112,
13.668,24.7517,23.2205,
13.8293,24.4353,23.9195,
14.0474,23.818,20.2501,
14.1578,23.4175,19.8416,
14.2691,22.5473,19.8416,
14.3251,21.0112,20.0855,
14.4943,20.9249,20.5,
14.6657,20.5,21.1851,
14.9561,20.1676,22.9289,
15.2525,20.2501,19.2084,
15.5552,19.681,16.1804,
15.8021,19.2862,14.6657,
16.0532,19.1309,17.8683,
16.3086,18.9007,16.438,
16.5032,18.3761,16.9,
16.7666,17.9399,23.0256,
16.9672,18.45,18.9007,
17.1024,17.7262,21.5381,
17.2388,17.0346,23.3188,
17.3765,16.7003,22.7371,
17.5154,17.1024,21.6275,
17.5154,16.3086,17.3765,
17.4458,16.3732,18.9771,
17.3765,16.3086,19.6013,
17.5854,16.3732,20.4163,
17.5854,16.5686,19.2862,
17.6556,16.438,24.4353,
17.5854,16.3732,19.0538,
17.5154,16.3732,19.2084,
17.4458,16.3086,18.5242,
17.4458,16.3086,17.8683,
17.3765,16.3086,17.5154,
