14.6657,29.4069,17.5854,
14.6084,29.2734,17.4458,
14.6084,29.0088,17.5154,
14.5512,29.1407,17.5154,
14.5512,29.1407,17.4458,
14.4943,29.1407,17.5154,
14.5512,29.1407,17.4458,
14.4943,29.0088,17.3765,
14.4943,28.8777,17.2388,
14.4943,28.7475,17.1705,
14.4377,28.8777,17.1705,
14.4377,28.8777,17.1705,
14.4377,28.618,16.9,
14.4377,28.7475,16.5686,
14.3812,28.7475,16.5686,
14.3812,28.618,16.5032,
14.3251,28.4893,16.5686,
14.1025,27.9825,15.8645,
14.1578,28.2344,15.8645,
14.5512,28.7475,16.0532,
15.1332,28.7475,16.1166,
16.3732,29.0088,16.1166,
18.45,29.0088,16.1804,
20.6687,29.0088,16.1804,
22.4531,28.618,20.0855,
24.2273,28.8777,16.1166,
25.5111,29.4069,16.2444,
26.5331,29.8126,16.1804,
27.366,29.9495,16.3732,
27.8577,29.9495,16.2444,
28.3615,30.0873,16.3086,
28.1081,30.226,16.9672,
28.2344,29.9495,17.5154,
28.1081,29.9495,17.0346,
27.6104,29.6765,17.1705,
27.8577,29.4069,17.1024,
27.366,29.4069,17.1024,
26.7676,29.2734,17.1024,
26.1865,29.2734,17.0346,
25.2911,29.0088,16.9672,
24.2273,28.8777,17.0346,
22.5473,28.618,19.5219,
21.0112,28.618,20.0855,
19.5219,28.7475,16.9,
18.3761,28.4893,16.7003,
17.4458,28.618,16.0532,
16.7003,28.7475,15.9271,
16.2444,28.2344,18.0117,
15.99,28.4893,17.3765,
15.8645,28.618,16.438,
15.6166,28.3615,20.1676,
15.3728,28.2344,16.2444,
15.2525,28.2344,15.8021,
15.0739,28.2344,18.8247,
14.9561,27.8577,15.6781,
14.8975,27.8577,17.7971,
14.8392,28.1081,15.3728,
14.7811,27.8577,14.9561,
14.7233,27.9825,14.8392,
14.7233,27.8577,14.8975,
14.7233,28.1081,14.7233,
14.7233,27.7337,14.8975,
14.6657,27.7337,14.7811,
14.6084,27.366,14.7233,
14.6084,27.4878,14.8392,
14.6084,27.366,14.8392,
14.6084,27.2449,14.6657,
14.7233,27.2449,19.0538,
14.9561,27.1245,18.6738,
15.3126,26.65,18.45,
15.8021,26.4169,24.0215,
16.1804,26.4169,17.0346,
16.3732,25.9588,17.1705,
16.438,25.8459,14.4377,
16.438,25.5111,14.7233,
16.3732,24.7517,15.0149,
16.3086,24.5402,17.2388,
16.438,23.6167,17.1024,
16.8331,22.642,17.4458,
17.1024,22.2663,20.0855,
17.5854,21.7174,19.3644,
17.8683,21.2727,17.5854,
18.1565,20.7537,20.7537,
18.45,20.2501,16.1804,
18.6738,19.6013,27.1245,
18.8247,19.7611,19.443,
18.9007,19.443,17.2388,
19.0538,19.2862,20.6687,
19.1309,18.9007,22.1736,
19.3644,18.7491,22.7371,
19.3644,18.6738,29.6765,
19.3644,18.5242,20.9249,
19.3644,18.5242,21.5381,
19.443,18.6738,24.4353,
19.3644,18.8247,20.5,
19.2084,18.6738,26.5331,
19.2862,18.6738,20.5,
19.2084,18.8247,20.6687,
19.0538,18.6738,25.182,
19.1309,18.6738,21.7174,
18.9771,18.6738,23.6167,
