15.0739,28.8777,23.1228,
15.0739,29.0088,23.1228,
15.0739,28.8777,23.1228,
15.0739,29.0088,23.0256,
15.0739,28.8777,23.1228,
15.1332,28.8777,23.2205,
15.0739,29.0088,23.1228,
15.0739,29.0088,23.2205,
14.7233,28.3615,22.8328,
14.6657,28.2344,22.7371,
14.7811,28.3615,22.7371,
14.8392,28.3615,22.7371,
14.3812,27.9825,22.3595,
14.3251,27.7337,22.4531,
14.3812,27.9825,22.3595,
14.3251,27.8577,22.2663,
15.0149,28.7475,23.1228,
15.0739,28.7475,23.3188,
15.0149,28.7475,23.0256,
15.0149,28.618,23.1228,
15.0149,28.618,23.2205,
15.0149,28.4893,23.1228,
15.0149,28.3615,23.2205,
15.1332,28.3615,23.1228,
15.2525,28.3615,23.1228,
15.6166,28.7475,23.2205,
16.2444,28.3615,23.4175,
17.4458,28.7475,24.0215,
18.9007,28.7475,23.4175,
20.2501,28.618,23.6167,
21.8984,28.7475,23.6167,
23.0256,28.7475,28.7475,
24.5402,28.618,24.1241,
25.7337,29.5413,24.6457,
27.0048,29.5413,26.1865,
27.8577,30.0873,26.0723,
28.1081,29.6765,24.7517,
28.4893,29.4069,26.0723,
28.8777,29.5413,24.0215,
28.8777,28.618,31.2223,
28.8777,29.2734,26.7676,
28.618,29.1407,31.6634,
28.4893,29.2734,32.7273,
28.1081,29.0088,30.7898,
27.7337,29.1407,29.2734,
27.2449,28.7475,31.8123,
26.65,28.7475,31.8123,
25.9588,28.618,30.0873,
25.0735,27.8577,26.5331,
23.9195,24.7517,31.6634,
22.8328,21.8077,27.7337,
21.5381,22.8328,28.2344,
20.5,25.9588,27.0048,
19.6013,28.618,29.1407,
18.9771,28.7475,26.0723,
18.2293,28.3615,30.7898,
17.6556,28.618,26.1865,
17.3765,27.9825,22.7371,
16.9672,26.7676,30.0873,
16.7666,26.8858,26.3014,
16.5686,24.331,23.4175,
16.3732,28.2344,23.4175,
16.1804,28.3615,27.6104,
16.1166,27.6104,26.7676,
16.0532,27.4878,22.7371,
15.99,25.9588,22.7371,
15.8021,27.366,28.1081,
15.8021,25.6221,22.2663,
15.6781,23.1228,23.4175,
15.6781,24.9657,22.5473,
15.6166,24.1241,22.2663,
15.6166,25.6221,22.3595,
15.5552,26.4169,23.7171,
15.6166,25.5111,22.3595,
15.5552,25.4008,22.642,
15.4942,25.182,22.7371,
15.4942,25.182,22.7371,
15.4334,25.0735,23.1228,
15.4334,24.7517,22.9289,
15.4334,24.8584,23.4175,
15.3126,24.5402,24.4353,
15.3728,24.6457,24.4353,
15.3728,24.2273,24.331,
15.3728,23.9195,21.2727,
15.2525,23.9195,22.8328,
15.3728,23.9195,21.6275,
15.4334,24.6457,23.7171,
15.6166,24.6457,20.7537,
15.74,24.8584,21.2727,
15.8021,26.1865,25.5111,
16.0532,24.6457,23.4175,
16.3086,24.6457,23.7171,
16.438,24.2273,24.7517,
16.6343,24.1241,25.9588,
16.9,23.818,24.0215,
17.1024,23.5168,23.9195,
17.2388,22.8328,24.8584,
17.5154,20.6687,23.4175,
17.7262,20.1676,23.5168,
18.0839,21.7174,23.4175,
18.3761,20.2501,23.5168,
18.45,16.9672,23.7171,
17.7971,16.7666,24.6457,
18.45,17.1705,25.182,
18.7491,17.7262,23.9195,
18.8247,18.0117,26.1865,
19.6013,16.438,24.8584,
19.681,15.8645,32.7273,
19.681,18.0117,34.1714,
19.681,18.5242,23.4175,
19.681,18.7491,31.5154,
19.7611,19.0538,30.0873,
19.8416,19.1309,26.5331,
19.8416,18.9771,23.1228,
19.7611,18.9771,23.0256,
19.7611,18.9007,23.0256,
19.7611,18.9771,23.0256,
19.681,19.0538,23.0256,
19.7611,18.9771,23.0256,
19.7611,18.9771,22.9289,
19.7611,18.9771,22.9289,
19.7611,18.9771,23.1228,
19.681,18.9771,23.0256,
