13.2471,26.65,18.6738,
13.2471,26.5331,18.6738,
13.2471,26.5331,18.6738,
13.1954,26.5331,18.5988,
13.1954,26.4169,18.6738,
13.1954,26.4169,18.6738,
13.1954,26.5331,18.5988,
13.1954,26.5331,18.5242,
13.1439,26.4169,18.5988,
13.1954,26.4169,18.6738,
13.1439,26.3014,18.6738,
13.1439,26.4169,18.5988,
13.1439,26.5331,18.6738,
13.1439,26.3014,18.5988,
13.1439,26.3014,18.5988,
13.1439,26.1865,18.5242,
13.1439,26.1865,18.5988,
13.1439,26.0723,18.5988,
13.0926,26.1865,18.5988,
13.0926,26.3014,18.6738,
13.0926,26.0723,18.6738,
13.1439,26.1865,18.6738,
13.1439,26.1865,18.6738,
13.299,26.3014,18.5988,
13.7216,26.3014,18.5242,
14.8392,26.3014,18.5988,
16.8331,26.1865,18.9771,
19.1309,26.4169,19.8416,
20.6687,26.5331,19.443,
21.8984,26.0723,19.7611,
22.9289,26.5331,19.7611,
23.818,27.2449,22.4531,
24.6457,27.4878,19.6013,
25.182,27.366,20.8391,
25.5111,27.8577,24.2273,
25.5111,27.8577,25.7337,
25.5111,27.8577,22.0814,
26.0723,27.9825,20.5841,
26.0723,27.8577,20.333,
26.1865,27.8577,19.7611,
26.1865,27.8577,19.8416,
26.0723,27.7337,20.0855,
26.0723,27.7337,19.6013,
26.0723,27.7337,19.6013,
26.0723,27.4878,19.5219,
25.8459,27.6104,19.5219,
25.7337,27.6104,19.443,
25.6221,27.4878,19.443,
25.182,27.366,19.2862,
24.9657,26.65,19.443,
24.4353,26.5331,20.5,
23.5168,26.3014,20.2501,
22.7371,26.3014,23.818,
21.6275,25.9588,24.2273,
20.333,25.8459,24.331,
19.2084,25.9588,25.7337,
18.0839,26.0723,23.9195,
17.2388,26.0723,24.4353,
16.5032,26.1865,24.4353,
15.9271,26.0723,24.7517,
15.4942,26.0723,23.0256,
15.1927,25.9588,21.2727,
14.8975,26.0723,21.8077,
14.6084,26.1865,19.9225,
14.4377,26.0723,19.0538,
14.3251,26.1865,19.1309,
14.1578,25.9588,19.6013,
14.0474,26.0723,19.681,
13.9379,25.8459,19.8416,
13.8293,25.9588,19.9225,
13.7753,25.9588,19.8416,
13.668,25.8459,19.681,
13.6147,25.7337,19.6013,
13.5615,25.8459,19.1309,
13.5086,25.9588,19.0538,
13.4559,25.9588,19.1309,
13.4559,25.8459,19.8416,
13.4034,25.8459,19.681,
13.4034,26.0723,19.681,
13.3511,25.7337,19.6013,
13.3511,25.7337,19.6013,
13.299,25.6221,19.6013,
13.299,25.6221,20.4163,
13.299,25.5111,20.0855,
13.3511,25.4008,19.5219,
13.5086,25.182,18.7491,
13.9379,25.0735,18.45,
14.5512,25.0735,23.1228,
15.3728,24.7517,21.2727,
16.0532,24.6457,26.1865,
16.3732,24.6457,18.8247,
16.438,24.5402,18.45,
16.2444,24.1241,18.7491,
16.3086,23.9195,18.9007,
16.3086,23.9195,18.5988,
16.1804,23.7171,22.642,
15.99,23.2205,22.2663,
15.8021,22.7371,22.2663,
15.6781,21.4492,22.3595,
15.6781,20.8391,21.9897,
15.74,20.5,19.7611,
15.8021,19.9225,19.1309,
15.8645,17.2388,20.5,
16.1804,16.9,19.7611,
16.5032,18.0839,18.9771,
16.7666,18.1565,21.7174,
16.9,17.9399,19.2084,
17.0346,17.6556,22.7371,
17.1705,17.8683,18.9771,
17.2388,17.7971,21.4492,
17.3075,16.1166,19.2084,
17.3075,15.9271,18.9771,
17.2388,15.2525,18.9771,
17.3075,16.1804,18.9771,
17.3075,16.2444,19.2862,
17.3075,16.0532,18.9007,
17.3075,16.0532,21.0112,
17.3075,16.1166,18.8247,
17.3075,15.9271,19.443,
17.2388,15.8645,18.9771,
17.2388,15.99,19.2084,
17.1705,16.0532,19.3644,
17.1705,16.1804,18.7491,
17.1705,16.1804,18.7491,
17.1705,16.3086,18.9007,
17.1024,16.2444,22.8328,
17.1024,16.1804,22.5473,
17.1024,16.1166,19.2862,
