15.4942,30.226,24.331,
15.4942,30.3656,24.2273,
15.4942,30.226,24.331,
15.4942,30.0873,24.331,
15.4942,30.226,24.2273,
15.4334,30.226,24.1241,
15.4334,30.0873,24.2273,
15.4334,29.9495,24.2273,
15.8021,30.5061,24.9657,
15.2525,29.6765,24.1241,
15.2525,29.4069,24.0215,
15.2525,29.8126,23.9195,
15.1927,29.5413,24.1241,
15.1927,29.4069,24.0215,
15.1927,29.5413,24.0215,
15.2525,29.4069,23.818,
15.2525,29.5413,24.0215,
15.4334,29.4069,23.9195,
15.6781,29.4069,23.9195,
16.3732,29.4069,24.0215,
17.7971,30.226,24.4353,
19.1309,29.8126,24.0215,
20.5841,29.5413,24.1241,
21.7174,29.8126,24.0215,
23.1228,29.8126,24.2273,
24.5402,30.3656,24.5402,
26.4169,31.0772,24.8584,
27.1245,31.0772,26.4169,
27.6104,30.933,25.182,
28.618,31.5154,25.4008,
29.6765,32.7273,25.6221,
28.618,31.0772,24.7517,
28.618,31.0772,24.6457,
29.0088,31.8123,25.0735,
28.7475,31.3684,29.6765,
28.2344,31.2223,25.0735,
28.1081,30.7898,24.7517,
27.9825,30.7898,25.0735,
27.366,30.5061,29.2734,
27.0048,30.5061,29.4069,
25.8459,30.3656,29.6765,
25.0735,29.9495,29.5413,
23.818,30.0873,29.2734,
22.642,29.4069,28.7475,
21.3607,29.9495,25.0735,
20.333,29.5413,23.3188,
19.2862,29.1407,29.5413,
18.6738,29.2734,21.7174,
18.0117,29.0088,22.0814,
17.5854,28.8777,22.642,
17.2388,28.8777,21.8077,
16.9672,29.0088,21.8984,
16.7666,28.7475,24.0215,
16.438,29.0088,22.8328,
16.1804,24.1241,22.1736,
16.1804,28.7475,22.642,
15.9271,28.8777,23.2205,
15.74,28.7475,25.182,
15.6781,28.4893,23.2205,
15.6781,28.4893,23.4175,
15.3728,28.618,24.9657,
15.5552,28.618,23.7171,
15.4942,28.618,24.0215,
15.3728,28.618,26.4169,
15.3728,28.4893,25.9588,
15.3728,28.7475,24.1241,
15.3126,28.4893,24.2273,
15.1927,28.3615,29.2734,
15.1332,27.8577,31.9623,
15.0739,27.8577,29.4069,
14.9561,27.7337,27.8577,
15.2525,27.7337,24.331,
15.3126,27.366,31.9623,
15.74,27.0048,28.7475,
16.1804,27.1245,23.6167,
16.438,27.0048,25.2911,
16.7666,26.7676,24.331,
16.9,27.0048,24.0215,
17.1024,27.0048,25.6221,
17.4458,26.8858,24.5402,
17.3075,26.8858,24.5402,
15.5552,24.4353,22.5473,
16.438,24.5402,23.5168,
16.5032,18.45,23.3188,
16.5032,23.0256,23.818,
16.9,23.2205,23.9195,
16.5686,22.5473,23.7171,
17.1024,22.3595,23.818,
17.3765,22.3595,24.0215,
17.7262,21.8984,24.1241,
18.3026,21.1851,25.182,
18.7491,20.9249,24.4353,
17.5854,18.9771,23.818,
17.7971,19.0538,27.6104,
18.2293,19.0538,29.9495,
18.0117,18.7491,30.226,
19.8416,19.9225,25.6221,
20.6687,20.8391,26.65,
19.2862,19.2862,29.8126,
19.3644,19.1309,24.2273,
19.443,19.1309,24.4353,
20.0038,19.443,33.0406,
20.1676,19.8416,29.4069,
19.3644,19.2862,30.3656,
20.333,19.8416,26.1865,
20.7537,20.1676,25.4008,
20.5,19.7611,25.9588,
20.7537,20.333,25.7337,
19.8416,19.1309,24.4353,
20.2501,19.6013,24.6457,
18.8247,18.0117,23.4175,
18.9007,18.1565,22.9289,
19.2862,18.5242,23.2205,
19.0538,18.3026,23.1228,
