13.3511,27.1245,18.0117,
13.3511,26.8858,16.8331,
13.3511,27.2449,16.2444,
13.299,27.0048,18.2293,
13.299,26.7676,17.7262,
13.299,26.8858,16.5686,
13.299,27.0048,16.7003,
13.299,26.7676,17.1705,
13.299,26.7676,17.3075,
13.299,26.7676,17.6556,
13.299,26.65,18.0839,
13.299,26.4169,18.3026,
13.299,26.65,18.0117,
13.299,26.5331,17.6556,
13.299,26.5331,17.7971,
13.299,26.5331,17.5154,
13.3511,26.65,17.5154,
13.5086,26.4169,18.2293,
13.7753,26.65,15.0739,
14.3251,26.65,19.2862,
15.1927,26.65,17.6556,
16.1804,26.65,18.1565,
17.1705,26.65,17.4458,
18.2293,26.8858,13.5086,
18.9771,26.7676,13.5615,
19.9225,26.7676,14.3812,
20.8391,26.65,15.99,
21.6275,26.7676,13.9926,
22.3595,26.7676,13.8293,
23.1228,26.8858,13.8293,
23.818,27.2449,13.7216,
24.331,27.2449,13.9926,
24.6457,27.366,14.1025,
24.8584,27.366,18.3761,
25.2911,27.6104,15.8021,
25.6221,27.366,15.8645,
25.7337,27.366,17.1705,
26.0723,27.1245,15.8645,
26.1865,27.4878,15.8021,
26.3014,27.6104,15.8645,
26.3014,27.2449,15.74,
25.8459,27.2449,15.6781,
25.6221,27.0048,15.4942,
25.6221,26.8858,15.3728,
24.8584,26.3014,14.7233,
24.4353,25.4008,13.8835,
24.1241,25.0735,13.7753,
23.5168,25.5111,13.7216,
22.7371,26.3014,13.7753,
21.8984,26.3014,13.7753,
21.0979,26.3014,13.8293,
20.4163,26.1865,13.7216,
19.6013,26.1865,13.8293,
18.9007,26.0723,14.7811,
17.7971,25.9588,16.3732,
17.1705,26.0723,15.3728,
16.5686,26.0723,13.7216,
16.1166,25.8459,13.8293,
15.6781,25.7337,15.4334,
15.3126,25.7337,14.0474,
15.0149,25.8459,14.3251,
14.7811,25.8459,15.3126,
14.6084,25.8459,15.6781,
14.4377,25.8459,19.2084,
14.3812,25.8459,15.6166,
14.2133,25.7337,15.99,
14.1578,25.9588,15.5552,
14.0474,25.6221,15.6166,
13.9926,25.9588,16.1166,
13.9379,25.9588,15.99,
13.8835,25.8459,15.3126,
13.8293,25.7337,15.1927,
13.8293,25.7337,15.2525,
13.7753,25.6221,15.1332,
13.7753,25.5111,15.0739,
13.7216,25.5111,15.0149,
13.7216,25.4008,14.9561,
13.7216,25.2911,14.8975,
13.8293,25.4008,14.9561,
13.9926,25.0735,14.8975,
14.2133,24.8584,14.8392,
14.3251,24.6457,14.8392,
14.4377,24.5402,14.7811,
14.4943,24.331,14.7233,
14.5512,24.331,14.6657,
14.6084,24.1241,14.6657,
14.6084,23.9195,14.6084,
14.6084,23.5168,14.5512,
14.5512,23.0256,14.4943,
14.5512,22.2663,14.3251,
14.5512,21.6275,14.2133,
14.6084,21.2727,14.2691,
14.6657,20.8391,14.3251,
14.8392,20.7537,17.3075,
14.9561,20.4163,14.4377,
15.0149,20.0855,14.3251,
15.1332,19.8416,13.9379,
15.1332,19.3644,14.2691,
15.1332,19.1309,14.6084,
15.1927,18.6738,15.8021,
15.1927,18.3761,15.8021,
15.1927,18.0117,15.6781,
15.1332,17.7971,15.8021,
15.1332,17.5154,15.8021,
15.1332,17.7971,16.7666,
15.1332,17.0346,17.3075,
15.1927,16.9,16.3086,
15.1927,16.8331,16.3086,
15.1927,16.7666,21.2727,
15.2525,16.8331,17.7262,
15.1927,16.6343,16.7666,
15.2525,16.5686,16.1804,
15.2525,16.5032,19.8416,
15.2525,16.5032,17.6556,
15.1332,16.438,17.5854,
15.1927,16.438,20.5841,
15.1927,16.438,18.0117,
15.1927,16.438,19.8416,
15.1927,16.438,21.7174,
15.2525,16.438,20.5,
