12.9906,26.65,16.3086,
12.9906,26.7676,16.3732,
12.9906,26.65,16.3086,
12.7889,26.65,16.438,
12.9906,26.5331,16.5032,
12.9906,26.7676,16.7666,
12.9399,26.65,17.0346,
12.9399,26.7676,17.1024,
12.9906,26.65,17.2388,
13.0415,26.7676,17.6556,
13.0415,26.5331,17.8683,
13.0415,26.5331,18.0117,
13.0415,26.5331,18.0839,
13.0415,26.5331,18.1565,
13.0415,26.65,18.2293,
12.9906,26.4169,18.3026,
12.9399,26.4169,18.2293,
12.9906,26.4169,18.2293,
13.0415,26.5331,18.2293,
13.0926,26.4169,18.1565,
13.299,26.65,18.0839,
13.4034,26.5331,18.0839,
14.1578,26.65,18.0117,
14.6657,26.65,18.0117,
16.2444,26.5331,18.0117,
17.3075,26.5331,17.9399,
18.0117,26.7676,17.8683,
19.0538,26.7676,17.9399,
21.0112,26.65,18.3026,
22.0814,26.65,18.2293,
23.2205,26.8858,18.0117,
23.9195,27.4878,21.0112,
24.4353,27.6104,23.4175,
25.0735,27.8577,24.1241,
25.5111,27.8577,23.2205,
25.7337,27.7337,22.0814,
26.1865,27.7337,21.8984,
26.4169,27.7337,21.2727,
26.5331,27.7337,23.0256,
26.7676,27.6104,20.0038,
26.8858,27.6104,25.0735,
26.7676,27.6104,22.2663,
26.7676,27.366,24.1241,
26.4169,27.366,22.2663,
26.1865,27.4878,21.7174,
25.7337,27.2449,22.642,
25.182,27.2449,22.9289,
24.8584,27.1245,23.0256,
24.1241,27.1245,23.0256,
22.9289,26.7676,22.0814,
21.8077,26.7676,22.5473,
20.9249,26.4169,23.1228,
20.0038,26.4169,23.3188,
18.7491,26.5331,23.7171,
17.7971,26.3014,22.2663,
17.1024,26.3014,19.681,
16.5686,26.3014,18.6738,
16.1166,26.0723,18.5988,
15.5552,26.1865,18.5988,
15.3126,26.3014,23.1228,
15.1332,26.3014,18.6738,
14.8975,26.1865,20.5841,
14.7233,26.1865,19.5219,
14.5512,26.0723,21.2727,
14.3812,26.1865,19.3644,
14.2691,26.3014,18.8247,
14.1578,26.1865,19.1309,
14.0474,26.1865,17.5154,
13.9926,26.1865,17.3075,
13.9379,26.0723,16.9672,
13.8835,26.1865,17.4458,
13.8293,26.3014,17.3075,
13.7753,26.0723,17.5154,
13.7753,26.3014,17.3075,
13.7216,26.0723,18.2293,
13.668,26.0723,17.6556,
13.668,25.7337,17.6556,
13.6147,25.8459,18.0839,
13.5615,25.7337,17.5154,
13.5086,25.6221,21.4492,
13.5086,25.5111,17.5154,
13.5615,25.182,18.0839,
13.668,25.0735,20.2501,
13.7216,25.0735,22.4531,
13.8293,24.7517,20.7537,
13.9379,24.7517,20.4163,
14.0474,24.6457,19.681,
14.1025,24.4353,16.7003,
14.1025,23.9195,16.6343,
14.1025,23.3188,16.6343,
14.1025,22.642,16.7003,
14.0474,21.8984,17.0346,
14.1025,21.4492,17.7262,
14.1578,20.9249,20.333,
14.2691,20.6687,22.4531,
14.2691,20.333,22.2663,
14.3251,19.9225,19.443,
14.3812,19.6013,17.3765,
14.3812,19.1309,17.3765,
14.3812,18.7491,19.2084,
14.3812,19.1309,17.3075,
14.3812,18.1565,18.0117,
14.3251,17.3765,19.2084,
14.3251,16.6343,16.6343,
14.3812,16.5032,18.6738,
14.3812,17.1705,18.9771,
14.3812,16.5032,17.3075,
14.3812,17.1024,22.4531,
14.3812,17.5854,17.1024,
14.3812,17.0346,17.3765,
14.3812,16.6343,22.2663,
14.3812,16.1804,16.2444,
14.3812,16.1166,14.2133,
14.3812,16.3086,13.7216,
14.3812,16.3086,14.6657,
14.3812,16.2444,12.9906,
14.3812,16.3086,13.2471,
14.3812,15.8645,14.0474,
14.3812,16.1166,14.2691,
14.3812,16.1166,14.1578,
14.3812,16.0532,17.3765,
14.3812,15.8021,16.9672,
14.3812,15.6781,15.9271,
14.3812,15.74,14.0474,
14.3812,15.6781,13.668,
14.3251,15.6781,13.4559,
14.3812,15.6166,13.5086,
