13.8293,28.3615,17.8683,
13.7753,28.4893,18.0117,
13.7753,28.4893,18.0117,
13.7753,28.4893,18.0839,
13.7216,28.3615,18.0117,
13.7216,28.3615,18.0839,
13.7216,28.2344,18.0839,
13.668,28.2344,18.0839,
13.668,28.2344,18.0839,
13.668,28.1081,18.2293,
13.668,28.2344,18.1565,
13.6147,27.9825,18.1565,
13.6147,28.2344,18.1565,
13.668,27.9825,18.1565,
13.6147,28.1081,18.2293,
13.6147,27.9825,18.1565,
13.6147,27.9825,18.2293,
13.6147,27.9825,18.2293,
13.668,28.1081,18.2293,
13.7216,28.3615,18.2293,
13.8293,28.8777,18.1565,
14.2691,29.0088,18.2293,
15.3728,30.3656,18.2293,
17.1705,33.8427,18.2293,
18.6738,33.5186,18.0839,
20.2501,33.3581,15.6166,
21.8077,33.0406,18.5242,
23.4175,33.0406,19.443,
24.5402,31.3684,19.681,
25.2911,31.8123,19.6013,
25.9588,31.6634,17.3075,
26.65,31.6634,17.7971,
27.0048,31.5154,17.7971,
27.1245,31.2223,17.8683,
27.4878,31.0772,17.8683,
27.366,31.2223,18.3026,
27.6104,28.2344,17.7971,
27.7337,28.2344,17.7262,
27.4878,28.1081,17.7262,
27.366,28.4893,17.7262,
27.0048,28.618,17.6556,
26.8858,28.4893,17.5854,
26.1865,28.1081,17.5854,
25.6221,27.4878,17.5854,
24.6457,27.2449,17.5854,
23.6167,27.4878,17.5854,
22.1736,28.2344,17.5154,
20.5841,29.6765,17.4458,
19.2084,29.8126,17.4458,
18.0839,29.6765,17.4458,
17.1024,29.5413,17.4458,
16.3086,29.4069,17.4458,
15.8645,29.6765,17.4458,
15.5552,29.5413,17.4458,
15.3126,29.4069,17.4458,
15.0739,29.0088,24.7517,
14.8392,29.2734,20.5841,
14.7233,29.2734,17.6556,
14.6084,29.1407,17.4458,
14.4377,29.2734,21.8984,
14.2691,29.2734,21.8984,
14.2133,29.2734,17.6556,
14.1025,29.2734,17.7971,
14.1025,29.2734,18.7491,
14.0474,29.2734,24.2273,
13.9926,29.4069,22.3595,
13.9379,29.2734,18.3026,
13.8835,29.2734,18.3761,
13.8293,29.2734,21.1851,
13.8293,29.2734,21.8984,
13.7753,29.1407,22.1736,
13.7753,29.1407,20.9249,
13.8293,28.8777,19.5219,
13.7753,29.1407,19.443,
13.8835,29.1407,19.2862,
13.9379,29.0088,18.9007,
14.1025,28.618,19.1309,
14.2691,28.7475,26.3014,
14.3812,28.2344,21.9897,
14.4943,27.7337,21.6275,
14.6084,24.9657,17.1705,
14.8975,27.2449,17.2388,
14.7811,26.4169,17.3075,
14.8975,22.9289,17.5154,
14.8392,25.182,17.2388,
14.9561,24.0215,18.2293,
15.1332,21.5381,17.3765,
15.1927,23.9195,18.6738,
15.4334,23.818,18.1565,
15.6781,23.9195,18.6738,
16.1804,23.2205,14.6657,
16.5686,23.4175,16.9672,
16.9,19.7611,17.7971,
17.3075,23.1228,20.333,
17.5154,19.8416,21.3607,
17.8683,18.6738,26.3014,
17.9399,22.8328,24.7517,
18.0839,22.642,20.0038,
18.0839,20.2501,24.2273,
18.0839,18.5242,20.0855,
18.2293,18.0117,20.1676,
18.0839,18.9771,20.0855,
17.9399,18.0839,22.8328,
18.0117,19.2862,24.6457,
18.0117,19.1309,20.0038,
18.0117,17.8683,20.2501,
17.9399,17.7262,19.9225,
17.7971,17.6556,19.8416,
17.7262,18.8247,19.7611,
17.7262,18.2293,19.8416,
17.6556,17.8683,19.8416,
17.5854,17.5854,20.1676,
17.5854,17.4458,19.7611,
17.5154,17.3765,23.3188,
