487,412,396,
490,416,396,
492,419,399,
493,426,401,
493,462,401,
492,457,404,
491,455,411,
489,468,402,
480,460,408,
478,457,405,
491,478,416,
493,476,419,
494,476,425,
496,473,399,
495,398,402,
496,421,438,
496,431,442,
496,432,438,
494,395,441,
489,397,448,
503,423,438,
490,436,439,
477,447,322,
495,446,406,
490,468,374,
503,467,451,
518,502,457,
518,503,510,
518,504,448,
514,495,512,
490,471,449,
490,498,488,
491,492,468,
494,496,447,
495,487,472,
494,512,458,
495,488,427,
497,495,396,
488,473,435,
492,446,431,
486,414,450,
491,430,428,
491,410,437,
491,400,433,
488,411,396,
490,399,383,
480,417,409,
480,428,373,
476,380,397,
474,349,395,
466,320,378,
470,320,376,
465,330,386,
463,330,383,
461,331,382,
461,344,382,
466,373,386,
467,411,386,
460,365,384,
461,366,386,
457,364,383,
459,381,383,
460,388,362,
460,418,390,
470,439,332,
462,410,370,
476,435,362,
506,452,349,
490,437,411,
461,419,391,
499,459,379,
505,434,435,
503,434,430,
508,446,437,
511,418,407,
514,415,360,
517,425,429,
512,435,395,
492,370,437,
516,427,427,
518,434,398,
518,449,429,
526,453,407,
528,408,407,
528,411,418,
529,450,414,
530,421,368,
530,468,392,
529,479,370,
530,468,360,
529,454,363,
525,412,324,
528,453,375,
519,428,358,
529,464,384,
530,399,392,
531,400,366,
531,406,343,
531,417,391,
533,401,398,
529,397,393,
531,399,392,
523,395,386,
528,400,388,
527,394,382,
526,386,379,
