529,454,406,
529,454,406,
529,455,403,
529,456,401,
529,457,402,
529,461,407,
529,473,402,
529,464,390,
530,466,443,
529,470,429,
530,477,428,
530,478,453,
530,500,454,
530,474,456,
530,490,464,
531,483,465,
532,483,401,
532,537,466,
533,480,444,
534,475,445,
534,445,385,
535,471,459,
535,486,505,
536,495,433,
536,501,518,
537,515,530,
537,531,500,
538,544,474,
538,532,445,
539,527,497,
539,538,522,
539,546,517,
539,548,481,
540,555,538,
540,530,551,
540,541,551,
541,561,522,
541,567,508,
541,560,546,
542,561,544,
542,575,511,
542,547,502,
542,539,440,
542,480,447,
542,479,470,
542,490,430,
541,518,438,
541,477,468,
540,494,390,
539,473,455,
538,478,357,
537,434,393,
537,481,420,
536,447,382,
535,429,428,
535,429,428,
534,430,421,
534,431,427,
534,432,423,
534,432,425,
533,432,425,
533,432,445,
532,433,393,
532,432,426,
531,430,423,
532,428,411,
530,420,429,
530,413,424,
530,414,423,
530,410,345,
530,409,420,
530,405,417,
530,435,408,
531,427,373,
531,449,410,
532,451,403,
532,445,399,
536,449,406,
536,446,404,
537,444,404,
535,420,385,
535,424,397,
536,448,403,
536,446,402,
537,458,402,
537,470,401,
537,496,401,
538,489,403,
538,356,402,
538,354,402,
538,355,403,
538,359,403,
538,413,403,
538,365,405,
538,373,405,
538,382,405,
539,389,406,
539,390,407,
539,420,407,
540,422,408,
540,431,409,
540,435,409,
540,435,409,
540,365,410,
540,367,410,
