463,365,352,
459,362,359,
458,363,348,
457,361,359,
457,362,358,
456,361,363,
482,382,389,
482,383,391,
482,383,389,
482,383,391,
482,385,390,
484,386,394,
484,386,392,
483,386,394,
484,385,397,
483,386,404,
483,386,405,
484,387,406,
484,388,407,
484,386,407,
484,387,407,
485,387,409,
485,387,410,
484,388,420,
487,397,360,
485,390,432,
489,391,429,
489,397,391,
489,404,413,
489,432,356,
489,446,377,
488,473,423,
489,497,447,
492,543,379,
489,541,475,
485,416,390,
485,428,478,
485,427,398,
487,453,439,
487,465,469,
488,454,481,
486,461,492,
485,452,492,
483,450,491,
487,452,476,
482,449,486,
483,450,472,
484,450,451,
484,452,471,
484,464,473,
484,464,465,
487,471,450,
487,462,458,
490,470,409,
492,447,423,
489,437,372,
490,450,415,
489,430,410,
489,427,410,
489,432,405,
488,439,403,
487,429,398,
489,423,334,
489,415,356,
488,417,357,
486,415,393,
488,409,338,
489,409,302,
486,407,373,
488,410,333,
487,411,349,
487,410,355,
487,411,351,
486,409,381,
486,410,360,
486,411,371,
486,413,378,
484,411,398,
483,410,398,
480,416,373,
477,417,392,
477,451,388,
476,450,309,
477,416,352,
474,409,387,
474,410,383,
472,404,307,
472,409,377,
476,392,385,
477,391,366,
478,402,325,
485,405,380,
499,424,365,
508,387,358,
500,390,336,
521,422,376,
483,423,326,
495,427,375,
519,441,401,
516,387,397,
491,364,384,
490,367,372,
490,365,338,
515,385,367,
522,387,395,
516,380,367,
488,362,365,
503,370,366,
509,375,362,
495,364,368,
506,377,381,
507,376,382,
509,379,390,
519,390,407,
522,398,410,
498,376,377,
501,376,379,
511,381,387,
520,390,394,
526,392,397,
533,399,403,
528,395,398,
498,373,377,
