524,482,434,
524,481,438,
524,476,445,
524,479,445,
524,475,444,
524,473,445,
524,474,446,
524,473,447,
523,474,448,
524,475,448,
524,475,448,
524,480,449,
524,480,449,
524,479,449,
525,481,448,
524,483,448,
525,482,449,
525,482,450,
525,482,452,
525,482,453,
526,481,455,
526,498,459,
527,503,464,
528,514,468,
529,526,417,
529,559,480,
529,467,485,
528,475,489,
529,514,436,
528,520,453,
529,513,486,
528,500,515,
530,514,513,
529,553,502,
531,545,512,
532,542,540,
534,569,482,
533,510,476,
533,553,547,
532,551,548,
531,484,538,
529,485,543,
531,489,500,
531,491,537,
532,492,546,
532,493,547,
533,493,520,
534,491,464,
534,487,490,
533,500,532,
533,508,515,
533,495,506,
534,522,447,
535,491,467,
534,461,466,
536,480,441,
536,468,415,
535,444,420,
534,463,425,
532,402,406,
531,410,426,
530,398,432,
529,400,431,
529,412,430,
529,418,429,
529,423,429,
528,427,429,
528,446,428,
536,452,435,
538,456,437,
538,460,438,
537,467,438,
537,445,439,
536,449,439,
536,476,440,
536,489,428,
535,467,425,
534,467,443,
528,441,437,
524,436,435,
523,428,431,
522,414,418,
519,412,423,
517,427,422,
516,418,421,
517,449,392,
517,447,417,
518,452,415,
519,387,416,
519,357,404,
521,364,401,
521,354,405,
522,354,404,
530,360,407,
526,355,400,
533,369,406,
534,365,406,
527,355,399,
528,353,393,
534,372,405,
534,410,406,
535,398,399,
534,388,406,
535,413,407,
531,376,405,
529,373,402,
530,375,373,
530,380,357,
530,383,391,
530,385,399,
531,388,404,
531,396,405,
531,384,404,
532,411,399,
532,409,398,
532,418,377,
532,427,382,
