526,497,464,
526,471,471,
526,479,470,
526,476,465,
527,485,448,
528,482,433,
528,468,419,
528,491,455,
528,496,454,
529,511,397,
529,521,416,
529,525,400,
528,542,420,
527,537,417,
526,528,400,
527,530,376,
499,508,437,
519,422,432,
518,432,451,
533,444,468,
498,483,409,
515,534,476,
532,451,454,
537,498,491,
530,478,488,
531,487,497,
533,494,521,
536,493,478,
495,449,488,
503,461,503,
506,467,508,
505,465,498,
506,468,503,
505,464,493,
507,461,471,
507,460,468,
508,448,487,
508,434,458,
508,444,474,
524,450,393,
527,453,382,
529,478,416,
533,437,413,
536,508,411,
535,428,460,
533,422,457,
532,422,440,
532,424,452,
531,427,405,
531,465,428,
530,469,444,
530,471,447,
530,474,448,
529,484,449,
529,487,450,
529,483,451,
529,480,452,
526,475,449,
529,472,396,
526,463,421,
528,444,426,
488,423,408,
514,502,322,
518,451,425,
523,500,420,
519,534,416,
515,477,418,
530,420,370,
519,399,428,
504,389,416,
513,391,420,
526,399,437,
526,400,428,
518,393,330,
527,401,403,
525,400,358,
522,399,398,
521,398,373,
528,394,406,
530,394,414,
530,397,411,
530,411,404,
530,435,413,
532,438,386,
534,442,390,
534,451,393,
535,452,418,
537,448,364,
538,444,369,
538,449,375,
539,465,361,
539,468,358,
540,519,359,
