521,461,446,
521,483,447,
522,480,449,
522,479,449,
521,471,449,
521,452,450,
521,452,450,
521,425,450,
521,423,450,
521,423,451,
522,423,452,
522,426,453,
521,427,454,
522,427,454,
522,428,455,
522,425,457,
522,471,460,
523,464,463,
523,470,465,
524,450,415,
525,444,469,
526,495,479,
525,473,486,
523,481,485,
522,565,501,
507,515,491,
509,572,492,
518,549,469,
524,521,492,
523,500,528,
498,492,505,
519,514,511,
516,494,526,
518,503,525,
520,495,508,
521,502,459,
523,498,447,
525,505,451,
523,504,512,
528,485,473,
530,493,419,
530,489,452,
531,575,510,
531,543,497,
531,555,485,
530,420,426,
530,416,409,
530,462,370,
528,461,438,
528,487,448,
527,500,443,
527,459,416,
526,468,426,
526,448,419,
525,460,434,
525,472,426,
525,473,391,
525,471,390,
524,480,402,
524,444,404,
524,439,391,
524,440,394,
524,428,395,
524,430,403,
523,430,409,
523,430,434,
522,429,391,
522,434,441,
521,434,441,
521,450,383,
520,464,424,
519,388,427,
519,391,422,
520,429,379,
520,422,407,
520,401,413,
520,395,399,
520,370,406,
522,392,353,
525,392,404,
534,396,406,
535,393,405,
532,362,399,
532,365,398,
530,413,395,
530,369,393,
531,386,371,
531,397,395,
532,397,398,
533,407,396,
533,399,400,
534,400,400,
535,410,382,
535,409,354,
539,412,402,
539,409,404,
539,412,382,
540,414,395,
540,422,405,
540,443,404,
540,445,406,
