483,408,411,
484,409,413,
485,408,413,
485,406,413,
484,408,414,
485,405,414,
485,405,414,
485,405,415,
485,407,414,
485,408,415,
484,407,415,
485,409,416,
486,410,416,
486,410,416,
486,409,416,
487,410,417,
487,410,417,
487,413,419,
487,412,419,
487,413,402,
491,414,329,
490,411,360,
488,408,432,
489,411,429,
490,440,431,
490,438,449,
491,458,437,
491,486,465,
493,425,414,
500,470,483,
483,431,399,
482,424,398,
476,421,441,
504,472,478,
501,472,509,
503,493,466,
500,491,497,
512,519,465,
511,505,509,
510,516,443,
503,517,481,
501,527,512,
498,525,508,
497,512,504,
492,457,495,
505,460,428,
506,444,403,
505,431,478,
508,425,472,
509,420,362,
512,507,402,
511,486,435,
509,462,431,
508,446,428,
508,448,421,
510,442,352,
509,440,386,
509,443,380,
507,446,413,
506,448,414,
506,451,414,
506,454,416,
506,456,417,
506,458,419,
506,457,420,
506,460,420,
506,460,421,
505,457,419,
503,446,419,
503,448,412,
501,450,414,
502,451,390,
501,457,389,
501,388,406,
503,398,389,
501,429,406,
504,346,313,
502,372,400,
505,447,353,
505,389,393,
506,344,354,
507,386,380,
505,407,385,
506,377,383,
507,403,383,
513,366,381,
507,364,379,
530,438,396,
483,354,360,
489,456,325,
536,379,398,
536,380,401,
537,383,402,
537,387,401,
538,394,382,
538,383,402,
538,380,403,
538,380,404,
538,384,403,
538,389,404,
537,391,404,
536,387,404,
534,414,403,
527,401,398,
528,399,399,
506,383,382,
509,389,385,
