492,398,396,
493,403,396,
493,400,396,
493,399,395,
493,400,399,
493,408,403,
493,417,404,
502,424,411,
494,417,401,
494,419,401,
494,418,399,
495,421,398,
494,418,409,
495,418,397,
494,417,401,
494,412,416,
493,411,409,
493,411,433,
494,430,436,
495,418,439,
495,426,444,
498,443,377,
498,409,435,
510,393,467,
495,407,425,
494,405,460,
495,418,480,
500,437,402,
500,475,443,
501,503,424,
501,466,484,
502,466,450,
500,466,505,
501,459,510,
503,463,513,
508,478,513,
512,480,522,
512,479,523,
513,467,524,
512,465,523,
512,463,520,
513,498,517,
513,516,509,
511,464,500,
507,462,473,
508,454,442,
506,404,454,
506,397,457,
506,392,453,
509,410,442,
509,384,397,
507,402,427,
509,412,398,
507,418,370,
509,456,352,
505,373,407,
506,384,391,
506,407,391,
504,388,404,
504,397,409,
505,423,384,
506,403,349,
505,388,348,
503,390,416,
504,402,400,
505,405,371,
503,412,401,
502,408,419,
500,411,415,
499,414,411,
499,434,344,
495,428,404,
493,420,334,
494,414,346,
493,382,356,
497,384,389,
491,369,371,
497,372,405,
515,394,361,
518,382,362,
503,363,389,
528,377,404,
511,363,396,
530,378,412,
519,377,401,
503,368,388,
499,365,380,
501,368,381,
504,382,384,
502,387,382,
500,390,380,
500,391,381,
501,391,380,
501,390,377,
501,391,379,
503,407,377,
519,413,377,
513,397,366,
515,402,384,
512,392,395,
514,408,397,
515,403,390,
518,409,385,
519,412,394,
