517,446,443,
517,446,444,
517,447,443,
517,448,443,
517,451,444,
517,449,444,
517,450,444,
517,453,445,
517,453,445,
517,449,445,
518,457,445,
518,462,446,
518,458,447,
516,449,448,
516,449,451,
517,451,455,
518,454,459,
519,445,463,
520,458,466,
522,455,402,
524,468,443,
523,466,431,
523,474,438,
526,486,445,
529,507,484,
530,504,513,
532,513,530,
533,518,533,
533,523,436,
533,526,541,
535,530,480,
535,528,539,
535,528,543,
536,529,453,
536,531,481,
537,532,424,
537,528,489,
537,525,462,
538,522,461,
538,514,522,
536,501,497,
535,489,495,
536,479,444,
537,474,473,
537,475,457,
537,478,450,
535,511,453,
535,515,447,
534,520,441,
533,498,372,
531,504,411,
530,500,418,
529,505,434,
528,414,434,
528,414,396,
527,413,430,
526,414,419,
526,413,433,
526,413,433,
525,414,430,
525,415,431,
524,415,432,
524,415,433,
523,415,433,
521,414,431,
517,412,432,
512,408,430,
488,393,400,
467,382,391,
482,409,390,
486,421,351,
483,403,397,
484,422,388,
485,409,396,
486,481,372,
487,467,339,
487,466,394,
488,478,391,
492,466,369,
490,451,315,
490,451,348,
492,446,379,
494,444,368,
494,444,375,
492,442,372,
497,447,377,
501,449,369,
503,455,382,
505,452,381,
507,455,377,
507,416,383,
509,412,384,
508,409,384,
509,409,384,
510,408,384,
510,409,386,
510,408,387,
511,412,387,
510,413,388,
511,410,388,
511,410,388,
512,410,389,
512,405,389,
513,404,390,
513,402,391,
513,402,391,
513,404,391,
514,410,391,
514,399,392,
514,401,392,
