530,497,456,
530,492,455,
530,491,454,
530,492,452,
530,495,452,
531,500,451,
530,500,448,
530,495,430,
530,490,437,
530,494,441,
530,499,443,
530,496,444,
530,501,444,
530,501,443,
530,498,441,
530,496,436,
530,497,433,
531,501,409,
531,500,414,
531,496,451,
531,494,400,
532,499,454,
532,480,472,
533,488,478,
533,492,484,
534,519,405,
534,541,490,
534,528,507,
534,496,498,
534,516,493,
533,525,459,
533,492,516,
533,506,537,
533,515,432,
533,542,513,
532,495,529,
532,497,531,
532,498,522,
531,497,535,
533,499,537,
533,498,537,
533,493,528,
533,484,518,
535,467,438,
534,500,506,
535,474,474,
535,489,424,
535,480,452,
534,449,437,
533,447,457,
532,445,441,
531,443,450,
530,443,448,
529,447,445,
528,444,444,
528,444,442,
528,448,430,
527,439,441,
527,442,437,
527,443,411,
527,443,410,
527,444,423,
526,443,446,
525,443,403,
524,441,390,
523,440,393,
523,436,433,
522,430,429,
522,428,381,
522,424,416,
522,422,382,
523,445,415,
521,421,421,
522,419,418,
522,413,415,
523,408,414,
524,411,409,
525,412,405,
525,402,398,
527,403,401,
529,402,399,
529,403,399,
530,400,398,
531,391,397,
531,390,398,
536,392,398,
537,395,398,
537,397,402,
537,395,403,
536,394,400,
534,394,371,
534,395,399,
534,395,399,
534,398,399,
534,397,396,
535,398,400,
535,397,402,
535,398,403,
535,399,403,
535,401,403,
535,401,403,
535,403,404,
