518,454,449,
523,492,451,
521,465,449,
501,445,430,
515,437,443,
523,435,450,
519,426,447,
507,417,437,
505,417,436,
508,438,439,
524,471,454,
526,458,455,
525,459,454,
521,450,451,
521,439,451,
526,446,456,
528,478,454,
528,485,457,
532,483,425,
522,440,450,
506,406,444,
528,450,424,
530,459,470,
528,471,471,
527,396,417,
520,441,476,
533,422,494,
490,398,421,
486,411,464,
477,425,367,
473,438,452,
483,494,474,
473,418,472,
477,447,479,
478,439,481,
473,429,476,
478,429,483,
466,414,471,
477,450,480,
478,421,480,
474,428,473,
465,426,458,
477,459,456,
480,496,453,
484,485,450,
485,487,417,
479,504,434,
472,414,422,
464,427,411,
462,479,336,
459,434,392,
455,343,353,
451,336,379,
451,333,374,
448,332,369,
454,347,376,
449,365,368,
452,370,373,
453,372,374,
455,375,359,
451,353,375,
451,368,375,
461,368,383,
464,366,387,
450,358,374,
453,362,378,
477,368,373,
445,365,368,
512,390,387,
527,387,433,
506,373,417,
518,364,422,
505,403,405,
521,414,421,
496,376,400,
518,441,389,
525,381,414,
524,406,408,
526,337,410,
530,336,410,
491,302,369,
501,326,383,
500,316,385,
509,366,382,
506,354,375,
507,354,387,
527,461,415,
521,446,422,
531,412,426,
532,440,416,
532,451,412,
533,428,409,
530,404,404,
514,358,392,
521,363,402,
522,365,417,
533,376,419,
535,391,354,
529,374,355,
525,383,376,
504,350,392,
509,370,423,
494,365,406,
483,357,396,
