513,509,438,
513,505,439,
513,503,438,
513,471,439,
511,431,437,
512,429,438,
512,428,438,
512,433,438,
512,428,438,
512,433,439,
512,431,439,
512,430,440,
513,428,441,
512,430,442,
512,430,442,
512,431,446,
512,429,448,
514,441,452,
515,505,453,
516,496,462,
516,482,466,
517,482,470,
518,509,397,
519,497,397,
518,524,488,
507,491,482,
499,481,483,
502,493,437,
514,535,387,
521,543,521,
524,517,503,
521,527,523,
518,518,460,
512,519,517,
510,520,454,
508,507,473,
508,520,489,
508,510,497,
510,522,440,
509,522,454,
508,516,444,
507,510,483,
506,508,448,
504,493,487,
507,481,389,
503,480,470,
504,478,455,
507,488,451,
506,490,429,
508,482,426,
505,474,425,
506,484,405,
503,411,400,
503,460,404,
505,480,376,
504,499,412,
502,434,412,
503,479,412,
502,449,412,
501,437,413,
503,414,417,
506,412,420,
512,413,426,
513,416,425,
519,423,385,
521,423,399,
520,421,392,
520,434,425,
518,407,415,
515,404,348,
514,403,402,
514,394,414,
516,395,411,
516,403,380,
517,398,400,
519,399,403,
520,396,400,
522,389,398,
524,392,331,
526,398,397,
527,398,397,
534,404,395,
530,405,397,
535,410,391,
537,409,392,
537,415,401,
537,413,387,
538,404,397,
538,402,389,
535,398,400,
534,400,371,
534,405,349,
534,402,355,
535,403,350,
535,409,353,
535,413,352,
535,417,354,
535,423,351,
