495,424,374,
505,425,376,
527,487,394,
516,504,386,
484,463,358,
512,436,384,
510,466,378,
504,440,375,
489,449,366,
480,472,355,
485,397,363,
487,398,368,
489,404,375,
492,485,370,
493,464,369,
521,467,358,
520,462,339,
490,483,347,
492,373,391,
487,374,423,
490,457,421,
490,357,434,
484,360,433,
488,366,449,
531,465,497,
533,464,458,
535,482,458,
538,496,503,
534,448,471,
526,464,471,
520,534,439,
530,461,514,
527,423,526,
532,420,509,
541,425,456,
451,363,442,
520,417,438,
511,402,425,
486,381,379,
485,373,362,
514,455,386,
509,427,365,
494,414,409,
525,432,429,
504,408,411,
494,419,398,
472,398,361,
469,415,376,
476,446,341,
479,331,381,
477,325,383,
478,366,381,
463,364,366,
482,384,382,
484,380,385,
496,383,394,
496,383,404,
494,383,371,
480,364,397,
492,387,401,
520,396,428,
489,416,401,
496,388,354,
479,371,390,
526,412,410,
535,391,365,
508,369,396,
461,345,416,
526,400,461,
528,500,429,
536,312,402,
535,357,389,
526,388,393,
489,289,342,
520,295,326,
445,269,262,
503,403,354,
536,394,356,
518,375,326,
520,375,375,
523,409,335,
517,396,369,
508,400,353,
488,367,354,
526,453,349,
525,325,347,
514,318,300,
529,331,326,
535,333,389,
538,335,392,
539,336,392,
538,337,392,
