520,460,447,
514,470,442,
505,472,435,
502,403,434,
507,409,440,
499,404,433,
496,403,432,
494,402,431,
491,402,430,
487,401,426,
490,413,428,
493,434,428,
501,445,436,
513,453,447,
520,455,452,
522,454,454,
522,455,456,
522,457,458,
523,457,461,
524,469,463,
525,480,467,
525,494,470,
529,453,477,
510,445,416,
500,466,397,
479,493,450,
478,379,442,
480,388,461,
492,421,473,
499,448,435,
497,431,426,
500,463,445,
500,456,442,
498,519,502,
499,516,504,
499,511,505,
500,528,506,
501,523,505,
501,525,506,
501,525,505,
501,518,503,
503,518,500,
504,514,494,
504,504,489,
504,489,458,
504,486,475,
503,477,441,
503,424,455,
503,392,442,
505,460,441,
506,461,425,
504,459,432,
506,460,381,
505,473,425,
503,461,419,
503,457,415,
502,447,409,
504,467,406,
505,470,334,
503,464,371,
502,460,414,
502,466,410,
501,447,402,
501,446,374,
501,447,374,
502,454,361,
501,475,383,
501,476,402,
502,476,407,
503,476,364,
502,472,408,
499,471,404,
505,472,386,
507,464,419,
500,451,411,
503,485,408,
506,398,408,
517,394,405,
518,402,403,
497,394,392,
518,443,399,
496,403,373,
508,408,372,
510,391,384,
500,449,386,
502,404,382,
500,390,386,
522,370,392,
500,353,387,
503,355,381,
501,355,385,
501,359,386,
505,359,389,
504,358,380,
504,358,378,
505,359,379,
505,370,379,
505,315,380,
505,316,380,
507,317,381,
506,319,382,
514,327,389,
524,362,398,
512,357,391,
512,328,391,
509,332,390,
527,369,403,
529,364,405,
