510,480,410,
504,474,404,
502,472,402,
500,473,403,
512,483,414,
488,463,393,
497,473,401,
510,483,411,
516,506,415,
517,505,416,
516,501,415,
518,501,416,
517,501,416,
510,485,414,
493,465,411,
495,468,387,
499,473,361,
499,478,385,
497,469,426,
498,498,440,
498,499,442,
498,479,440,
518,414,467,
511,496,369,
508,399,367,
483,394,430,
486,448,369,
486,442,392,
484,416,405,
485,439,468,
482,407,474,
484,412,451,
482,413,486,
482,414,488,
484,416,427,
485,416,440,
484,418,474,
482,416,492,
482,417,492,
483,418,492,
487,419,457,
487,420,430,
485,417,449,
486,413,446,
489,405,396,
487,392,391,
491,376,371,
489,365,370,
493,418,415,
490,377,414,
492,436,368,
489,359,402,
491,445,374,
490,409,356,
488,365,395,
488,369,395,
487,366,395,
487,365,396,
487,366,397,
487,365,398,
487,365,399,
487,376,399,
488,404,401,
487,397,401,
486,384,401,
487,386,402,
486,385,404,
486,385,404,
486,384,404,
485,376,347,
485,382,402,
484,366,399,
483,361,396,
482,355,356,
478,352,304,
501,374,340,
482,347,323,
512,374,367,
506,357,363,
507,376,404,
497,357,338,
511,354,357,
486,380,379,
527,414,362,
508,391,388,
522,429,363,
511,412,372,
529,423,402,
507,418,387,
510,396,389,
519,400,392,
527,407,403,
524,397,400,
528,395,401,
530,388,401,
530,390,401,
528,389,398,
519,383,392,
531,393,401,
499,377,377,
489,378,371,
497,429,378,
489,404,370,
488,409,372,
523,374,400,
515,366,396,
532,378,413,
