521,477,435,
520,487,434,
518,481,433,
519,373,430,
511,369,428,
504,365,423,
448,326,375,
470,340,394,
460,335,387,
482,353,406,
488,367,411,
494,378,418,
496,389,419,
497,396,422,
499,403,425,
500,408,429,
499,413,432,
498,367,433,
518,352,436,
504,449,428,
506,422,414,
492,417,413,
496,446,383,
498,443,396,
555,468,443,
521,426,356,
517,434,452,
473,462,468,
505,451,500,
501,391,487,
490,370,491,
506,388,461,
509,400,486,
513,420,510,
526,418,525,
528,413,517,
535,423,524,
538,427,516,
537,422,501,
536,507,480,
536,349,464,
530,339,454,
522,322,430,
525,323,428,
530,331,402,
532,338,423,
536,343,416,
529,340,419,
534,339,417,
537,345,426,
537,347,429,
540,348,430,
546,354,432,
543,355,434,
554,356,437,
542,358,439,
539,358,395,
533,359,435,
528,351,429,
531,352,432,
530,350,423,
537,372,418,
529,382,393,
539,337,409,
537,372,396,
539,360,395,
522,361,401,
526,384,405,
534,382,338,
538,411,362,
502,385,299,
471,367,301,
469,363,344,
522,426,383,
466,383,291,
480,356,344,
487,363,353,
473,386,331,
479,395,280,
453,378,292,
488,397,356,
490,396,333,
481,394,322,
513,412,298,
512,417,360,
502,402,356,
