495,395,418,
495,397,419,
495,401,419,
495,411,419,
496,425,420,
496,435,420,
496,452,421,
497,489,422,
497,452,422,
496,451,421,
496,440,420,
496,437,420,
496,436,420,
497,428,412,
498,427,376,
497,447,430,
497,430,432,
501,439,375,
499,423,404,
499,435,409,
502,475,417,
499,461,477,
501,461,434,
501,492,413,
500,505,377,
517,531,490,
517,494,518,
517,495,470,
517,501,519,
509,501,448,
503,500,509,
501,508,459,
502,527,487,
501,526,509,
500,492,508,
510,497,516,
503,487,506,
509,486,505,
511,464,476,
511,453,484,
511,454,421,
515,437,370,
515,434,462,
514,439,456,
514,461,439,
514,465,396,
514,458,374,
512,459,426,
513,454,372,
511,463,420,
511,463,413,
511,473,417,
510,470,399,
510,477,401,
510,455,406,
509,454,421,
514,473,426,
518,473,360,
516,476,391,
514,469,382,
511,503,419,
508,458,415,
506,480,412,
504,432,384,
504,448,408,
503,393,405,
505,378,352,
508,464,370,
507,385,388,
507,420,392,
509,452,391,
510,407,388,
513,454,338,
512,330,376,
515,331,317,
513,331,385,
514,332,384,
515,333,349,
516,334,360,
522,339,364,
523,341,319,
531,345,360,
532,347,358,
532,349,369,
530,349,379,
527,350,371,
535,359,400,
537,388,374,
538,388,376,
538,390,403,
539,405,376,
