526,446,446,
526,489,446,
526,496,446,
526,457,446,
526,445,445,
526,416,445,
526,417,445,
526,432,444,
526,436,443,
526,440,443,
526,454,442,
526,441,437,
526,480,432,
526,502,436,
527,492,398,
527,462,412,
527,455,454,
529,481,455,
530,515,467,
531,522,412,
531,456,476,
530,460,462,
530,463,490,
530,462,436,
530,488,432,
530,503,427,
531,525,521,
530,527,524,
531,460,523,
532,463,433,
531,474,506,
531,480,538,
531,522,542,
532,507,475,
530,511,541,
529,506,539,
527,505,536,
528,506,536,
529,506,536,
528,505,534,
529,532,529,
531,498,512,
529,506,509,
527,434,499,
527,473,479,
529,449,444,
529,398,461,
529,481,445,
529,493,421,
527,449,435,
526,441,381,
525,372,413,
524,376,430,
525,380,430,
525,375,424,
527,378,400,
527,378,414,
528,381,393,
528,383,404,
527,382,407,
526,382,412,
523,381,394,
519,379,435,
517,372,428,
516,384,415,
514,390,430,
514,430,400,
514,440,427,
513,459,423,
512,434,411,
511,428,422,
510,392,421,
510,390,417,
511,382,415,
513,376,367,
515,410,401,
516,390,380,
518,397,394,
521,398,340,
523,413,402,
530,413,394,
534,418,382,
535,421,356,
536,430,402,
536,451,404,
536,460,401,
535,460,400,
533,452,389,
533,457,399,
533,475,382,
533,391,399,
533,426,400,
534,365,400,
534,364,393,
535,365,399,
539,366,401,
540,368,405,
540,368,407,
540,370,407,
540,370,408,
541,375,408,
541,386,408,
541,416,409,
541,414,409,
541,412,409,
