497,443,423,
496,441,422,
496,415,423,
496,416,424,
496,417,425,
496,416,425,
496,417,426,
496,420,426,
496,425,426,
496,433,427,
497,476,428,
497,486,429,
498,498,429,
497,438,428,
497,431,427,
498,452,407,
497,429,403,
498,427,402,
498,424,406,
499,446,396,
499,403,390,
501,407,368,
501,415,375,
500,458,451,
502,513,397,
503,537,453,
500,426,454,
491,432,413,
486,442,475,
484,471,364,
488,467,416,
488,471,425,
495,501,464,
483,493,492,
498,508,505,
497,508,492,
499,523,509,
500,527,509,
495,494,497,
497,487,502,
496,478,499,
485,461,482,
494,468,466,
496,455,474,
497,440,402,
497,437,454,
501,429,412,
498,446,422,
497,417,431,
498,481,427,
496,412,393,
496,418,408,
495,421,414,
495,436,410,
494,458,410,
494,434,405,
494,453,409,
494,451,405,
494,446,409,
493,429,411,
493,430,411,
493,431,412,
494,433,411,
493,433,414,
494,435,328,
495,431,407,
492,427,398,
493,443,387,
491,449,390,
490,394,395,
492,405,359,
490,396,345,
493,489,339,
493,323,387,
499,330,381,
494,316,382,
496,317,313,
495,352,359,
499,312,378,
503,316,379,
506,321,362,
504,335,377,
502,316,376,
502,316,374,
501,317,330,
501,315,369,
500,318,359,
499,318,372,
500,321,373,
506,336,380,
527,378,371,
520,373,368,
504,368,369,
506,379,364,
518,364,365,
531,378,377,
531,384,396,
