528,482,452,
528,479,452,
528,486,453,
528,493,453,
528,495,454,
528,503,453,
528,508,454,
528,511,454,
528,511,455,
528,495,455,
528,494,455,
528,494,455,
528,480,455,
528,489,455,
528,489,456,
528,486,456,
529,480,456,
528,483,456,
528,491,456,
528,485,457,
528,490,456,
528,485,457,
528,487,457,
528,489,457,
529,488,458,
529,489,460,
529,490,417,
530,495,429,
530,467,466,
531,466,473,
532,487,480,
532,489,478,
533,494,448,
534,474,480,
534,485,419,
534,494,513,
534,495,493,
535,514,450,
535,513,532,
536,531,534,
536,514,438,
536,480,499,
536,474,544,
536,478,543,
537,486,549,
538,505,530,
538,484,532,
538,481,477,
539,482,493,
539,483,447,
539,484,508,
540,486,531,
540,487,533,
540,487,533,
540,487,496,
540,487,552,
540,488,490,
540,484,545,
540,479,502,
540,464,493,
540,451,513,
539,465,503,
539,447,496,
539,495,488,
539,497,411,
539,452,427,
538,437,456,
538,429,424,
537,443,453,
537,480,449,
537,477,372,
536,464,389,
535,462,434,
534,462,439,
533,466,436,
533,464,390,
533,463,370,
532,465,418,
532,462,396,
532,462,383,
531,460,427,
531,464,425,
531,465,398,
531,466,395,
531,464,371,
531,473,380,
531,472,419,
531,477,425,
530,474,428,
529,470,405,
529,465,436,
528,464,392,
528,459,353,
527,452,372,
525,465,429,
523,423,397,
523,487,423,
523,426,369,
524,438,387,
524,427,399,
525,436,368,
525,496,407,
526,350,349,
526,348,402,
532,359,398,
533,346,402,
532,342,402,
532,343,400,
535,346,401,
531,350,398,
532,364,398,
531,371,398,
532,346,398,
532,345,399,
532,346,399,
533,348,398,
535,352,399,
535,358,385,
534,355,380,
534,357,398,
534,365,400,
535,388,401,
535,385,402,
535,412,400,
535,419,401,
536,411,402,
537,388,402,
537,389,404,
