14.4943,13.0926,16.5032,
14.5512,13.1439,16.5032,
14.6084,13.1439,16.7003,
14.6657,13.1439,16.5686,
14.5512,13.1439,16.438,
14.5512,13.0415,16.5032,
14.4943,13.1439,16.438,
14.7233,13.1954,16.5032,
14.6084,13.0926,16.438,
14.5512,13.1439,16.3732,
14.3812,13.0926,16.3732,
14.6084,13.0926,16.5032,
14.4943,13.1439,16.6343,
14.6084,13.0415,16.438,
14.6657,12.9906,16.5686,
14.4377,13.1439,16.6343,
14.5512,13.1439,16.5686,
14.6084,13.0926,16.5686,
14.6084,13.1439,16.5032,
14.7233,13.299,16.5686,
14.5512,13.2471,16.3732,
14.4943,13.4034,16.5686,
14.6657,13.4559,16.6343,
14.6084,13.668,16.5686,
14.5512,13.7216,16.5686,
14.6084,14.1025,16.5686,
14.6084,14.3812,16.5686,
14.6657,14.4943,16.5686,
14.6084,14.6084,16.3732,
14.6657,14.8975,16.5032,
14.5512,15.1332,16.3732,
14.5512,15.6166,16.5032,
14.6657,16.1166,16.5032,
14.6657,16.3732,16.5032,
14.6084,16.7666,16.3732,
14.5512,17.0346,16.3732,
14.6657,17.3765,16.5686,
14.6657,17.7262,16.5686,
14.6657,17.8683,16.5032,
14.6084,18.1565,16.5032,
14.6084,18.2293,16.438,
14.6657,18.45,16.6343,
14.6657,18.5988,16.5686,
14.6657,18.8247,16.5686,
14.7233,18.7491,16.5032,
14.7811,18.8247,16.5032,
14.8392,18.6738,16.5032,
14.8392,18.9007,16.5032,
14.7233,18.9007,16.7003,
14.9561,18.9007,16.6343,
14.9561,18.7491,16.6343,
15.0739,18.9771,16.7666,
14.8975,18.9007,16.6343,
14.9561,18.8247,16.8331,
14.7811,18.9007,16.5686,
14.7811,18.8247,16.6343,
14.8975,18.8247,16.7003,
14.8392,18.5988,16.6343,
14.8975,18.3761,16.5032,
14.7811,18.1565,16.5686,
14.8975,18.0117,16.6343,
14.8975,17.7971,16.6343,
14.7811,17.5154,16.6343,
14.7233,17.1024,16.6343,
14.7233,16.9672,16.438,
14.8392,16.5686,16.5032,
14.8975,16.438,16.5032,
14.8392,15.9271,16.7003,
14.7811,15.6166,16.5686,
14.7811,15.3126,16.5032,
14.6657,15.0739,16.5686,
14.7811,14.8392,16.6343,
14.8392,14.6657,16.6343,
14.7811,14.4943,16.7666,
14.6657,14.1578,16.438,
14.7811,14.1578,16.5686,
14.8392,14.0474,16.5032,
14.7233,13.8293,16.5686,
14.6657,13.668,16.5686,
14.7233,13.5615,16.5686,
14.7811,13.4034,16.5686,
14.6657,13.5086,16.6343,
14.7811,13.5086,16.7666,
14.5512,13.3511,16.6343,
14.6084,13.3511,16.3732,
14.6657,13.3511,16.5686,
14.7233,13.3511,16.5032,
14.7233,13.3511,16.5032,
14.6657,13.2471,16.5032,
14.7233,13.2471,16.5032,
14.7811,13.4034,16.5686,
