14.4377,13.4559,17.0346,
14.4377,13.4559,16.9,
14.4377,13.4034,16.8331,
14.3251,13.3511,16.9,
14.4377,13.3511,16.9,
14.4943,13.5086,17.2388,
14.3812,13.4559,17.0346,
14.4377,13.4559,16.9,
14.3812,13.4559,16.9,
14.3812,13.4034,17.1024,
14.4377,13.4559,17.0346,
14.3812,13.4559,16.7666,
14.3812,13.4559,17.0346,
14.3251,13.4034,16.8331,
14.3812,13.5615,17.0346,
14.4943,13.8293,17.0346,
14.3251,14.2133,16.9,
14.4377,14.4943,16.9,
14.3812,14.9561,16.8331,
14.4943,15.4942,16.9672,
14.4943,16.0532,16.7666,
14.5512,16.3086,16.9672,
14.4377,16.6343,17.0346,
14.4943,16.9,16.8331,
14.6084,17.3075,17.0346,
14.5512,17.5854,17.1024,
14.6657,17.8683,17.0346,
14.6657,18.0117,16.9672,
14.6084,18.45,17.0346,
14.6657,18.45,17.1024,
14.8392,18.5242,17.0346,
14.8392,18.45,16.9672,
14.7811,18.5988,17.2388,
14.9561,18.5242,17.1024,
14.8975,18.5988,17.1705,
14.8975,18.6738,17.1705,
14.8975,18.5988,17.2388,
14.6657,18.6738,17.1024,
14.7233,18.45,17.1024,
14.7811,18.5242,17.2388,
14.7233,18.45,17.1024,
14.7233,18.3026,17.1024,
14.7233,18.0839,17.1024,
14.5512,17.7971,17.0346,
14.6657,17.7971,17.0346,
14.6657,17.5154,17.0346,
14.6084,16.9672,17.1024,
14.6084,16.7666,16.9,
14.6084,16.1166,17.0346,
14.7233,15.6166,17.1024,
14.5512,15.2525,17.0346,
14.5512,14.8975,17.0346,
14.5512,14.7811,16.9672,
14.4943,14.3812,17.1705,
14.6084,14.2691,17.1705,
14.5512,13.9926,17.1024,
14.5512,13.8293,17.1024,
14.6084,13.668,16.9,
14.6084,13.7216,17.1705,
14.5512,13.5086,17.0346,
14.4377,13.5086,17.1024,
14.5512,13.4034,17.1024,
14.4377,13.4559,16.9672,
14.4943,13.3511,17.1024,
14.4943,13.299,17.1024,
14.5512,13.299,17.0346,
14.4943,13.1439,16.9,
14.4377,13.2471,17.0346,
14.4943,13.2471,17.1705,
14.4943,13.299,17.1024,
14.4943,13.1954,17.1024,
14.4943,13.2471,16.8331,
14.4943,13.1954,17.0346,
