14.6084,13.1954,16.3086,
14.4943,13.1954,16.2444,
14.4943,13.1954,16.3732,
14.4943,13.1954,16.1166,
14.4943,13.1954,16.2444,
14.4943,13.299,16.3086,
14.5512,13.1954,16.2444,
14.3251,13.2471,16.3086,
14.6084,13.1954,16.3086,
14.4943,13.299,16.3732,
14.4943,13.1954,16.1166,
14.4943,13.1954,16.0532,
14.4377,13.299,16.1804,
14.6084,13.4559,16.3086,
14.5512,13.7216,16.438,
14.4943,13.8835,16.3086,
14.4943,13.9926,16.2444,
14.6084,14.4943,16.3732,
14.6084,14.6657,16.5686,
14.6657,15.0149,16.438,
14.5512,15.0739,16.3732,
14.4377,15.2525,16.1804,
14.4943,15.5552,16.3732,
14.5512,15.8645,16.3086,
14.6084,16.1804,16.3732,
14.4943,16.2444,16.3732,
14.4943,16.3086,16.3086,
14.7233,16.7666,16.5032,
14.6084,16.7003,16.3732,
14.5512,16.9672,16.3732,
14.4377,17.0346,16.3086,
14.6084,17.1024,16.5032,
14.7233,17.3765,16.5032,
14.7233,17.5154,16.5032,
14.7233,17.5154,16.3732,
14.6084,17.5154,16.438,
14.7233,17.6556,16.438,
14.8392,17.9399,16.5032,
14.7233,17.5854,16.5032,
14.7233,17.7971,16.438,
14.7233,17.7971,16.3732,
14.6657,17.8683,16.3732,
14.7811,18.1565,16.438,
14.7811,18.2293,16.5686,
14.8975,18.1565,16.5032,
14.6657,18.3761,16.438,
14.7233,18.5988,16.3732,
14.8975,18.6738,16.5686,
14.7811,18.5242,16.7003,
14.8975,18.5242,16.3086,
14.7811,18.45,16.3086,
15.0149,18.6738,16.6343,
14.8392,18.6738,16.5686,
14.8975,18.5242,16.6343,
14.7233,18.5988,16.438,
14.7811,18.45,16.3086,
14.8392,18.45,16.5686,
14.7811,18.5242,16.5032,
14.7811,18.5988,16.438,
14.7811,18.3761,16.5686,
14.6657,18.3026,16.3732,
14.8392,18.2293,16.438,
14.6657,18.3026,16.438,
14.7233,18.3026,16.438,
14.7811,18.0839,16.3732,
14.6657,17.8683,16.2444,
14.6084,17.8683,16.438,
14.8392,17.5854,16.2444,
14.6657,17.5154,16.5686,
14.7811,17.2388,16.3086,
14.7233,17.1024,16.1804,
14.7233,16.9,16.438,
14.8392,16.8331,16.3732,
14.7811,16.5686,16.3732,
14.7811,16.1166,16.3732,
14.6657,15.74,16.3732,
14.7811,15.8021,16.438,
14.7233,15.4942,16.3732,
14.6657,15.3126,16.3732,
14.7233,15.1332,16.5686,
14.6657,14.8975,16.5032,
14.7233,14.8975,16.438,
14.7233,14.7811,16.3732,
14.7233,14.5512,16.5032,
14.6657,14.4943,16.438,
14.6657,14.3812,16.3086,
14.8392,14.3251,16.438,
14.6657,14.0474,16.5032,
14.7233,13.8293,16.3086,
14.6084,13.7216,16.3086,
14.5512,13.668,16.3086,
14.7811,13.5086,16.2444,
14.6084,13.4034,16.5032,
14.6657,13.3511,16.438,
14.6657,13.2471,16.3732,
14.6657,13.1954,16.3086,
14.7233,13.2471,16.5032,
14.6657,13.1439,16.3732,
14.6084,13.2471,16.438,
14.5512,13.0415,16.3086,
14.5512,13.1439,16.3086,
14.6657,13.1439,16.438,
14.6657,13.0926,16.5032,
14.6084,13.1439,16.438,
14.6084,13.0926,16.2444,
14.6084,13.1439,16.5032,
14.6084,13.0926,16.5686,
14.6084,13.1439,16.3732,
14.7233,13.0926,16.3732,
14.4377,12.9399,16.3732,
14.6084,13.0926,16.3086,
14.6084,13.0415,16.438,
14.6084,13.1439,16.3732,
