14.6657,13.0926,16.6343,
14.7233,12.9906,16.6343,
14.6657,13.0415,16.6343,
14.8392,13.0926,16.5686,
14.7233,13.0926,16.6343,
14.6657,13.0415,16.7003,
14.7233,13.0415,16.7003,
14.7233,13.0415,16.6343,
14.6084,12.9906,16.7003,
14.7233,13.0926,16.7666,
14.7233,13.1439,16.7003,
14.6657,13.299,16.7666,
14.5512,13.4034,16.7003,
14.6657,13.668,16.7666,
14.7233,14.3251,16.7003,
14.7811,14.8392,16.8331,
14.6657,15.3728,16.7003,
14.6084,15.6781,16.5686,
14.7233,16.3086,16.8331,
14.7811,16.9,16.7003,
14.8392,17.1705,16.7003,
14.7233,17.3075,16.9672,
14.6657,17.5854,16.7003,
14.8392,17.8683,16.9672,
14.8975,18.2293,16.8331,
14.8392,18.5988,16.8331,
15.0149,18.5988,16.8331,
14.8975,18.6738,16.8331,
14.8392,18.8247,16.7003,
15.0149,19.0538,17.0346,
15.0739,19.0538,16.9,
15.0739,19.0538,16.9,
14.9561,19.0538,17.0346,
15.1332,19.3644,17.1024,
15.0739,19.3644,16.9672,
15.0149,19.1309,16.9672,
14.8975,19.0538,16.9,
14.8975,18.9007,16.9,
14.8392,18.8247,16.9672,
14.8975,18.5988,16.9672,
14.7811,18.3026,16.9,
14.8392,17.6556,16.8331,
14.8975,17.3075,16.7666,
14.8392,17.0346,17.1024,
14.8392,16.3732,16.8331,
14.7811,15.99,16.8331,
14.7811,15.3728,16.6343,
14.8392,15.0149,16.9,
14.8392,14.6657,16.7666,
14.8975,14.3251,16.7666,
14.7811,14.1578,16.9,
14.7233,13.9379,16.7666,
14.6657,13.8293,16.7666,
14.7233,13.6147,16.9672,
14.8392,13.4559,16.8331,
14.7233,13.4034,16.7003,
14.7811,13.3511,16.6343,
14.6657,13.2471,16.7666,
14.6657,13.2471,16.7666,
14.7233,13.1954,16.6343,
14.7233,13.1439,16.5032,
14.4943,13.1954,16.5686,
14.6084,13.1439,16.6343,
14.6657,13.1439,16.7666,
14.6084,13.1439,16.7003,
14.6084,13.0926,16.5686,
14.6084,12.9906,16.5686,
14.6657,13.0415,16.6343,
14.4943,12.9906,16.7666,
14.5512,13.0415,16.5686,
14.6657,13.1439,16.7003,
14.4943,12.7889,16.6343,
14.5512,13.0415,16.5032,
