531,368,447,
531,368,447,
531,368,447,
531,369,447,
531,369,448,
531,368,448,
531,369,447,
531,369,447,
531,369,448,
531,369,447,
531,369,448,
531,369,448,
531,370,447,
531,369,448,
530,369,448,
530,370,448,
529,369,448,
528,369,448,
525,370,448,
521,369,448,
516,369,448,
507,369,448,
492,369,448,
480,368,448,
469,369,448,
456,367,447,
442,367,447,
430,367,447,
418,366,446,
408,366,446,
399,366,446,
393,363,445,
388,360,443,
385,358,442,
381,356,441,
379,356,440,
376,355,441,
374,354,440,
372,353,439,
371,353,440,
369,352,439,
367,352,439,
365,351,438,
362,348,435,
359,346,432,
357,345,431,
355,343,430,
354,341,427,
356,344,429,
356,345,429,
357,344,429,
359,345,430,
360,345,428,
362,347,429,
364,347,430,
367,348,430,
370,349,430,
374,349,431,
383,351,431,
394,353,434,
401,354,435,
411,356,435,
422,357,434,
434,357,433,
441,356,432,
449,356,434,
455,357,435,
460,356,435,
465,356,436,
469,357,435,
474,358,435,
478,358,435,
482,358,434,
485,359,434,
489,358,434,
494,360,437,
498,360,439,
488,350,427,
479,342,411,
477,340,414,
475,336,412,
474,333,408,
475,334,408,
473,330,404,
471,328,401,
485,336,412,
495,343,420,
499,346,423,
503,348,426,
509,353,431,
512,354,433,
514,354,434,
515,356,435,
515,356,436,
515,358,436,
515,358,419,
514,359,439,
513,362,408,
511,363,418,
508,364,436,
504,368,425,
502,369,409,
499,369,418,
496,370,448,
493,370,451,
491,373,447,
488,373,451,
486,374,452,
485,375,452,
483,377,440,
480,377,449,
479,378,441,
477,379,458,
475,378,457,
474,380,456,
472,380,448,
471,380,450,
470,381,447,
469,382,449,
469,383,452,
468,384,452,
468,385,453,
468,390,447,
468,391,437,
467,393,449,
467,395,449,
468,396,399,
468,397,419,
468,398,443,
469,399,404,
470,400,427,
471,402,399,
472,402,396,
473,404,414,
474,405,412,
473,406,415,
474,406,404,
474,409,396,
474,410,383,
474,411,438,
474,412,436,
474,414,421,
474,416,425,
475,417,420,
474,419,446,
475,422,447,
475,423,447,
476,426,445,
476,427,439,
477,430,438,
477,432,437,
478,433,439,
478,435,438,
478,436,437,
478,437,435,
478,438,435,
478,439,434,
478,440,443,
478,441,428,
479,442,403,
479,443,405,
478,443,409,
479,443,401,
479,443,398,
478,444,431,
478,444,441,
479,445,418,
479,445,402,
479,445,410,
479,446,411,
479,446,414,
479,446,407,
479,447,411,
480,446,412,
480,447,410,
479,447,409,
480,448,408,
480,448,412,
482,449,413,
484,452,416,
484,452,415,
483,450,415,
484,452,418,
485,451,417,
485,450,419,
