545,372,422,
545,373,422,
545,371,421,
545,372,422,
545,372,420,
545,373,421,
544,373,419,
544,373,419,
543,373,420,
542,373,419,
539,372,419,
534,373,419,
526,374,419,
514,374,422,
499,374,419,
484,373,422,
468,373,418,
453,373,417,
437,373,434,
425,373,419,
414,373,421,
405,373,420,
399,372,435,
394,372,421,
388,371,423,
385,371,428,
381,369,412,
379,369,433,
376,368,420,
374,369,383,
371,367,406,
368,366,434,
365,365,432,
363,364,427,
362,363,421,
360,364,433,
358,365,432,
358,364,441,
358,364,412,
359,365,423,
361,367,441,
365,366,440,
367,367,444,
370,368,443,
373,368,444,
377,367,445,
388,368,446,
400,369,445,
412,369,446,
423,369,446,
437,369,446,
453,368,445,
467,368,445,
480,367,445,
491,367,444,
496,364,441,
502,364,439,
501,358,433,
499,352,423,
503,353,425,
506,354,413,
508,353,426,
507,351,426,
507,350,425,
506,349,422,
503,345,419,
505,345,419,
506,347,419,
507,347,420,
507,349,420,
508,349,420,
507,351,421,
506,350,421,
503,350,421,
498,351,421,
495,352,422,
492,353,422,
488,355,423,
483,355,424,
481,357,426,
479,359,428,
487,368,437,
486,371,440,
484,374,414,
482,377,411,
481,379,450,
485,387,433,
482,388,463,
474,388,462,
471,388,464,
464,386,451,
448,378,421,
443,376,382,
446,380,452,
454,388,461,
455,391,424,
450,388,464,
447,387,461,
445,387,454,
443,385,455,
443,387,453,
448,393,443,
450,397,454,
452,399,456,
453,403,454,
454,404,457,
454,404,455,
454,403,450,
453,404,449,
452,402,441,
450,400,443,
441,392,430,
447,397,421,
414,373,401,
421,377,404,
434,391,413,
434,393,410,
435,396,408,
435,399,406,
434,401,403,
437,407,358,
437,408,404,
438,410,406,
439,414,407,
439,416,407,
439,418,408,
440,419,408,
442,420,408,
442,421,409,
444,423,409,
450,429,415,
450,430,415,
452,432,417,
454,433,417,
453,432,418,
455,434,419,
456,435,421,
460,439,424,
463,441,426,
464,442,427,
464,442,428,
464,442,428,
465,442,428,
465,442,430,
465,442,429,
465,440,429,
