11.148,17.6556,14.3251,
11.0605,17.7262,14.2133,
11.0605,17.6556,14.2133,
11.0605,17.3765,14.2133,
11.192,17.6556,14.3251,
11.2362,17.5154,14.1025,
11.2806,17.5854,13.9926,
11.148,17.5154,13.8293,
11.192,17.1705,13.6147,
11.192,17.1024,13.4559,
11.1042,16.9672,13.1954,
11.148,16.5686,12.8391,
11.0605,16.3732,12.6893,
11.0169,15.99,12.25,
11.0605,15.6166,12.0595,
11.0169,15.1332,11.5954,
10.9735,14.3812,11.2806,
10.8443,13.7753,10.8443,
10.9735,13.0926,10.5063,
10.8872,12.4922,10.2181,
10.8015,12.1544,9.9767,
10.8015,11.9653,9.8973,
10.6741,11.6869,9.7401,
10.5899,11.55,9.7401,
10.5899,11.5046,9.6623,
10.6319,11.4145,9.6623,
10.5899,11.3697,9.585,
10.5063,11.2362,9.5466,
10.548,11.2362,9.585,
10.548,11.2362,9.5466,
10.4232,11.325,9.5466,
10.5063,11.192,9.6236,
10.3819,11.148,9.585,
10.4232,11.148,9.585,
10.4232,11.3697,9.585,
10.4232,11.6411,9.7011,
10.4232,12.2981,9.8578,
10.4232,12.9399,10.0968,
10.5063,13.668,10.4647,
10.5063,14.4943,10.8443,
10.548,15.0739,11.6869,
10.5899,15.74,12.0595,
10.6741,16.1166,12.3463,
10.6741,16.5032,12.8391,
10.6741,16.9672,13.1954,
10.7164,17.2388,13.4559,
10.8015,17.5154,13.9379,
10.8872,17.9399,14.1578,
10.9735,18.1565,14.4943,
10.9735,18.1565,14.6084,
10.9735,18.1565,14.5512,
10.9735,17.9399,14.4943,
10.9303,18.0117,14.5512,
11.0605,17.9399,14.6084,
10.9735,18.1565,14.7233,
11.0169,17.9399,14.3812,
10.9735,17.9399,14.6084,
10.9303,18.0117,15.6781,
10.9735,17.8683,14.6084,
10.9303,17.8683,14.6084,
10.9735,17.8683,14.6084,
10.8872,17.8683,14.6084,
10.8872,17.7971,14.6657,
10.9735,17.8683,14.5512,
11.0169,17.8683,14.5512,
10.9735,17.7971,14.6084,
