11.192,17.3765,14.1025,
11.2806,17.4458,14.2133,
11.2806,17.4458,14.1578,
11.2362,17.3765,14.1578,
11.192,17.3765,14.1578,
11.325,17.5854,14.1025,
11.325,17.4458,14.1025,
11.325,17.4458,13.9926,
11.325,17.3765,13.9379,
11.2806,17.3075,13.7753,
11.325,17.1705,13.7216,
11.3697,17.2388,13.6147,
11.55,17.3075,13.5615,
11.5046,17.1024,13.5086,
11.4595,17.1024,13.5086,
11.55,16.8331,13.299,
11.3697,16.6343,12.9906,
11.2806,16.438,12.9399,
11.2806,16.3732,12.6397,
11.192,16.1804,12.4434,
11.3697,16.0532,12.3948,
11.2362,15.99,12.25,
11.192,15.6781,12.1544,
11.148,15.4334,11.9185,
11.1042,15.3126,11.6869,
11.192,15.1927,11.6411,
11.192,14.9561,11.55,
11.2362,14.6657,11.3697,
11.192,14.2691,11.0605,
11.2362,13.9379,10.8872,
11.192,13.5615,10.8443,
11.148,13.3511,10.7164,
11.148,13.0926,10.6319,
11.0605,12.5904,10.4647,
10.9735,12.3948,10.2589,
10.9735,12.3463,10.2181,
10.9735,12.2981,10.1371,
10.8443,12.0595,10.0166,
10.8872,11.9185,9.8973,
10.8872,11.8718,9.9369,
10.8443,11.8253,9.9369,
10.9303,11.8253,9.8973,
10.8015,11.7329,9.8184,
10.8015,11.6411,9.8184,
10.8443,11.6869,9.8973,
10.9303,11.6869,10.0166,
10.8872,11.6411,9.9767,
10.9735,11.7329,10.1371,
11.0169,11.8253,10.2589,
11.0605,12.3463,10.548,
11.1042,12.9399,10.9303,
11.0605,13.8835,11.325,
11.0605,14.7233,11.6869,
11.0169,15.3126,12.0595,
11.0605,15.9271,12.5412,
11.0605,16.1804,12.9399,
11.0605,16.5686,13.2471,
11.1042,16.7666,13.3511,
11.0169,16.7003,13.5615,
11.148,17.1705,13.8293,
11.192,17.1705,13.8293,
11.1042,17.1024,13.9379,
11.1042,17.3075,13.8835,
11.192,17.5154,14.1578,
11.2362,17.5854,14.3812,
11.2362,17.5854,14.4377,
11.192,17.7262,14.3812,
11.1042,17.6556,14.4377,
11.192,17.7262,14.3812,
11.325,17.9399,14.3812,
11.148,17.8683,14.3251,
11.148,17.8683,14.4377,
11.148,17.6556,14.3812,
11.148,17.7971,14.3251,
11.192,17.8683,14.4943,
11.0605,17.8683,14.5512,
11.148,17.7971,14.6084,
11.0169,17.7262,14.4943,
11.0605,17.6556,14.5512,
11.192,17.7971,14.5512,
