11.325,17.0346,14.6657,
11.3697,16.9672,14.7233,
11.325,16.9,14.6084,
11.2362,16.9672,14.4943,
11.325,16.8331,14.5512,
11.4145,16.8331,14.4943,
11.4145,16.9,14.4377,
12.4434,18.0117,15.6166,
12.4434,18.0117,15.4942,
12.5904,18.0839,15.4334,
12.6397,18.1565,15.4334,
12.8894,18.3026,15.6166,
13.1439,18.5242,15.9271,
13.3511,17.7971,15.1332,
12.8391,17.2388,14.9561,
12.3463,16.2444,14.1025,
12.0123,15.74,13.299,
12.1544,15.3728,13.0926,
10.9735,13.8835,11.9185,
12.0123,14.4943,12.4434,
12.3948,14.5512,12.5412,
11.5954,13.4034,11.5046,
11.4595,12.9906,11.148,
11.192,12.4922,10.9735,
11.2362,12.2981,10.8872,
11.2362,11.9653,10.548,
11.5046,12.2021,10.8443,
11.0605,11.7329,10.4232,
11.8253,12.3948,11.0605,
11.6869,12.2021,11.0169,
11.4595,12.0123,10.8015,
11.4595,11.9185,10.6741,
11.3697,11.779,10.5899,
11.2806,11.7329,10.5063,
11.3697,11.779,10.548,
11.325,11.9653,10.6741,
11.325,12.25,10.9303,
11.3697,12.6893,11.2362,
10.8872,12.7889,11.148,
10.8015,13.3511,11.4595,
10.8872,14.2133,11.9653,
10.9735,14.6084,12.3463,
11.325,15.5552,13.1439,
11.192,15.8021,13.299,
10.9735,15.6781,13.299,
10.8872,15.8645,13.4559,
10.9303,15.99,13.5615,
10.8443,16.1804,13.8835,
10.8015,16.3732,14.0474,
10.8872,16.7003,14.3812,
10.9735,17.0346,14.4943,
10.9303,17.1705,14.7233,
10.8872,17.2388,14.8392,
11.0169,17.5854,15.0739,
11.0169,17.7262,15.1332,
10.9735,17.7262,15.1927,
11.0169,17.7262,15.1927,
10.9735,17.5154,15.1927,
11.0169,17.6556,15.3126,
11.0605,17.5854,15.1927,
11.0169,17.6556,15.1927,
11.0169,17.5854,15.1927,
11.0169,17.5154,15.0739,
11.0169,17.7971,15.3126,
11.0169,17.6556,15.2525,
11.0169,17.5854,15.3126,
10.9735,17.6556,15.1927,
11.0169,17.5154,15.1927,
11.0169,17.6556,15.1927,
10.9735,17.5854,15.1927,
10.9303,17.6556,15.1927,
10.9735,17.5154,15.1927,
10.9303,17.6556,15.1332,
