556,440,487,
556,440,487,
557,440,487,
557,440,487,
557,440,487,
557,440,487,
557,440,487,
557,440,488,
557,440,488,
557,440,488,
557,440,488,
557,440,488,
557,440,488,
557,441,488,
557,440,488,
557,441,488,
557,440,486,
557,441,486,
558,442,489,
558,443,487,
559,444,489,
559,447,493,
561,451,499,
562,456,508,
565,461,501,
567,468,481,
569,480,454,
571,491,463,
572,498,532,
573,502,546,
575,505,535,
576,507,551,
576,509,546,
577,511,555,
579,513,555,
580,516,558,
581,519,559,
583,522,562,
584,524,564,
586,527,565,
588,528,567,
589,530,567,
590,532,568,
590,534,569,
591,535,570,
590,536,570,
591,537,568,
591,537,572,
592,538,572,
592,539,573,
592,540,573,
592,540,573,
593,540,574,
593,541,573,
593,541,573,
594,541,573,
593,541,573,
593,542,573,
593,541,573,
593,541,572,
593,539,570,
592,534,563,
590,526,558,
589,518,557,
588,512,554,
586,502,550,
586,489,507,
583,478,538,
582,470,533,
581,462,528,
578,455,522,
576,448,515,
574,444,507,
573,441,487,
571,438,495,
570,436,491,
569,436,490,
567,435,421,
567,434,472,
565,434,485,
563,434,485,
562,434,485,
561,434,485,
560,433,485,
560,432,484,
559,432,484,
559,432,483,
558,432,482,
558,431,482,
558,431,481,
559,432,482,
558,432,481,
558,432,481,
558,432,481,
558,432,481,
558,432,483,
558,433,483,
558,434,483,
558,433,483,
558,433,483,
558,433,483,
558,433,483,
558,434,484,
558,434,484,
558,434,484,
558,434,484,
558,435,484,
558,435,483,
558,435,479,
558,435,474,
559,435,460,
558,435,478,
559,436,480,
558,436,480,
558,436,478,
