560,440,489,
560,440,489,
560,440,489,
560,440,489,
561,441,489,
560,440,490,
560,441,489,
560,440,489,
560,440,489,
561,442,489,
560,441,490,
561,440,490,
560,441,489,
560,441,490,
561,441,490,
560,441,489,
560,441,490,
560,441,490,
561,441,490,
561,441,490,
560,441,490,
561,441,490,
560,441,491,
560,442,492,
561,444,494,
561,445,495,
560,446,496,
560,447,497,
561,448,499,
562,450,502,
562,452,506,
564,454,510,
565,457,489,
567,460,519,
569,463,526,
570,467,531,
572,470,500,
572,474,534,
573,478,531,
575,482,489,
576,487,539,
577,494,550,
579,500,536,
580,505,557,
582,509,545,
584,513,501,
585,517,562,
586,521,563,
589,525,567,
589,528,568,
590,530,569,
590,531,570,
591,532,570,
592,533,569,
592,534,569,
592,534,571,
592,534,571,
592,535,569,
593,535,569,
594,535,571,
593,535,571,
594,536,571,
594,536,571,
594,535,570,
594,534,568,
593,531,565,
591,526,562,
589,517,554,
587,500,548,
585,480,539,
582,469,532,
581,464,531,
579,462,528,
579,458,524,
577,454,522,
576,450,519,
575,448,515,
574,446,514,
573,445,510,
573,443,507,
572,443,505,
572,442,498,
572,442,503,
570,441,502,
570,441,499,
568,440,500,
568,438,497,
567,438,496,
565,437,494,
564,436,494,
564,436,493,
563,435,493,
563,434,469,
562,433,479,
562,433,489,
561,432,488,
561,432,488,
560,433,488,
560,432,488,
559,432,488,
559,432,487,
559,432,487,
559,432,482,
559,432,484,
559,433,487,
559,432,488,
559,433,488,
559,433,488,
558,433,488,
559,433,488,
558,433,489,
559,433,489,
559,435,489,
558,434,490,
559,434,489,
559,434,490,
559,435,490,
559,435,491,
559,435,491,
