554,442,490,
554,441,490,
554,441,490,
554,441,490,
553,441,491,
554,442,491,
554,442,491,
554,441,491,
554,441,491,
554,441,491,
554,441,491,
554,441,491,
554,441,491,
554,442,491,
554,442,491,
553,441,491,
554,442,492,
554,442,492,
554,442,492,
554,442,492,
554,443,493,
554,443,493,
554,443,493,
555,444,494,
555,445,496,
555,446,498,
556,448,500,
558,452,501,
558,455,501,
560,456,474,
561,459,485,
562,463,516,
564,469,523,
565,475,529,
567,484,532,
568,491,537,
570,498,540,
571,502,489,
572,506,523,
574,509,493,
574,512,549,
576,516,551,
578,518,553,
579,520,556,
581,523,556,
582,525,559,
585,526,547,
586,527,560,
588,528,559,
589,529,560,
590,530,560,
590,531,561,
591,532,560,
592,532,558,
592,533,563,
592,533,563,
593,534,563,
593,534,565,
593,535,565,
594,535,564,
594,536,565,
593,536,565,
594,536,565,
594,536,565,
593,536,565,
592,535,564,
592,534,563,
591,530,561,
590,522,559,
588,507,554,
585,494,547,
582,487,544,
580,481,540,
579,474,537,
577,468,531,
575,460,513,
572,451,515,
570,446,499,
567,443,502,
566,442,503,
566,442,501,
564,441,499,
563,438,496,
562,436,448,
561,435,487,
560,433,456,
559,432,443,
559,431,452,
558,429,401,
558,429,477,
558,430,479,
557,429,481,
557,430,468,
557,430,471,
557,430,480,
556,430,476,
556,431,480,
556,431,475,
556,431,481,
556,432,481,
555,432,482,
555,432,482,
555,432,482,
555,433,483,
555,433,483,
555,433,483,
555,433,484,
555,434,484,
555,434,484,
555,434,484,
555,434,484,
555,434,484,
