560,439,497,
560,439,496,
560,439,496,
560,439,496,
560,440,497,
560,440,497,
560,439,497,
561,440,497,
560,439,497,
560,439,498,
560,439,497,
561,440,497,
560,440,499,
560,440,499,
560,440,499,
560,440,499,
560,440,500,
561,440,501,
560,440,502,
561,441,503,
561,442,504,
561,442,504,
561,443,506,
562,446,508,
562,448,512,
563,450,515,
564,451,516,
566,451,519,
567,453,524,
568,455,528,
568,457,530,
569,459,533,
570,462,531,
571,467,538,
572,472,526,
572,477,488,
574,482,483,
575,489,546,
576,495,548,
577,500,476,
579,503,553,
580,507,535,
581,511,547,
583,516,562,
586,520,565,
588,524,562,
590,527,565,
592,529,547,
592,532,569,
593,533,573,
594,535,572,
595,536,573,
595,536,574,
596,537,574,
596,538,573,
596,538,559,
596,539,554,
596,539,573,
596,539,575,
597,540,575,
595,540,575,
597,540,575,
597,541,575,
597,540,575,
596,540,573,
594,538,572,
592,535,571,
591,530,569,
590,524,567,
588,516,561,
588,506,555,
586,496,551,
584,487,551,
582,478,547,
581,471,543,
578,463,535,
576,458,531,
575,454,528,
573,451,517,
571,448,517,
569,445,511,
567,442,505,
566,440,501,
564,439,497,
563,438,496,
562,436,493,
561,434,489,
561,432,486,
560,431,485,
559,430,483,
559,430,478,
559,430,479,
559,430,480,
559,430,481,
559,430,480,
559,431,479,
558,431,479,
558,431,478,
558,430,438,
558,431,471,
558,431,460,
558,432,477,
558,432,479,
558,432,480,
558,432,481,
558,433,481,
558,433,481,
558,433,482,
558,433,483,
558,433,483,
558,434,483,
557,434,483,
