568,441,486,
568,441,486,
567,441,486,
567,441,486,
567,442,486,
568,442,486,
567,442,486,
567,442,486,
567,441,486,
567,441,486,
567,441,486,
567,442,486,
567,442,486,
567,442,486,
567,442,486,
567,442,486,
567,441,486,
567,442,486,
567,442,486,
567,442,486,
567,442,486,
567,442,487,
567,442,487,
567,442,488,
567,442,489,
567,444,491,
567,445,494,
567,448,498,
568,450,502,
567,452,506,
568,455,479,
569,458,512,
570,462,518,
572,467,521,
573,472,525,
574,476,522,
575,484,532,
576,491,537,
578,495,538,
578,498,527,
579,502,543,
581,508,546,
582,513,546,
583,518,551,
584,521,540,
586,524,554,
587,527,555,
588,528,505,
589,529,558,
590,530,554,
591,531,558,
591,532,558,
591,532,559,
593,532,559,
592,534,559,
592,533,559,
593,533,560,
593,534,560,
593,534,560,
593,534,559,
594,534,559,
594,534,559,
594,533,559,
594,532,558,
594,530,557,
594,526,556,
593,522,554,
594,516,550,
593,504,543,
591,489,538,
590,476,533,
590,470,529,
589,466,527,
589,461,523,
588,456,518,
588,450,515,
586,446,471,
584,444,506,
582,444,504,
580,443,498,
579,441,495,
578,441,496,
578,440,493,
575,439,493,
573,438,490,
572,437,488,
571,437,450,
570,436,480,
569,434,481,
567,432,479,
566,432,475,
566,432,466,
566,432,477,
565,432,477,
565,432,477,
564,432,476,
564,432,453,
564,432,424,
564,432,474,
563,433,456,
563,433,476,
563,433,476,
563,433,477,
563,433,478,
562,434,477,
563,434,474,
563,434,476,
563,434,479,
563,435,480,
563,435,480,
562,435,481,
562,435,481,
562,435,481,
563,435,481,
563,436,481,
563,436,481,
563,436,481,
562,436,481,
