438,456,486,
438,457,485,
438,457,484,
439,456,485,
441,459,487,
440,458,487,
439,456,486,
439,457,487,
439,456,485,
439,456,486,
439,457,486,
444,461,490,
444,463,491,
446,463,492,
446,462,490,
446,462,490,
445,462,491,
445,462,491,
445,463,492,
445,462,492,
446,462,490,
446,462,490,
446,461,490,
445,463,490,
446,462,491,
447,461,490,
445,462,489,
445,462,491,
446,461,490,
446,462,490,
445,460,491,
446,460,490,
441,451,486,
440,445,477,
438,437,484,
437,428,480,
441,426,486,
450,429,494,
451,420,496,
449,411,493,
453,411,497,
453,408,499,
452,401,499,
446,395,489,
450,393,476,
456,394,502,
456,393,480,
435,372,487,
437,376,489,
438,378,488,
440,379,491,
441,380,488,
439,379,470,
438,379,468,
438,376,464,
438,378,461,
439,379,462,
440,379,460,
440,381,461,
440,383,460,
439,384,460,
441,388,458,
441,391,455,
441,394,450,
441,396,444,
441,398,443,
441,399,441,
440,403,442,
441,405,442,
442,406,439,
441,410,439,
441,411,440,
441,413,440,
441,416,441,
441,417,439,
441,421,440,
440,423,440,
442,425,436,
442,429,435,
443,431,434,
444,437,435,
444,439,441,
445,442,444,
445,445,443,
444,447,442,
444,450,445,
439,451,434,
436,447,424,
430,444,424,
427,444,463,
404,421,454,
413,432,462,
410,428,440,
435,457,482,
439,460,484,
445,465,456,
446,467,486,
446,468,489,
455,477,501,
454,478,496,
454,478,496,
455,478,499,
455,479,499,
456,478,500,
455,478,495,
456,479,497,
456,479,496,
456,480,480,
456,480,491,
457,480,485,
456,479,487,
454,477,489,
454,478,492,
454,479,497,
456,479,494,
456,481,493,
456,479,491,
455,479,493,
455,479,497,
456,479,498,
456,478,499,
455,478,501,
456,478,500,
456,479,503,
457,476,503,
458,476,502,
457,476,503,
458,473,503,
460,474,503,
462,471,503,
463,469,504,
465,468,503,
466,466,464,
467,461,465,
468,460,476,
471,457,494,
472,456,496,
473,454,480,
475,453,456,
477,450,456,
485,456,472,
487,455,493,
489,456,493,
490,455,495,
485,446,492,
479,438,488,
479,435,484,
481,434,485,
480,432,486,
481,430,489,
482,429,488,
484,427,473,
486,426,469,
486,423,471,
486,421,473,
487,420,480,
489,420,477,
490,418,491,
492,417,489,
492,417,489,
493,416,489,
493,416,488,
494,416,490,
495,413,489,
495,415,473,
497,415,494,
494,412,486,
492,412,490,
495,415,490,
497,414,488,
497,413,487,
497,414,488,
498,415,489,
497,414,490,
501,417,493,
503,420,495,
503,418,494,
503,419,487,
503,421,489,
503,420,497,
505,420,496,
504,422,498,
505,423,502,
505,421,501,
503,421,501,
504,421,502,
504,421,501,
504,422,499,
503,422,499,
502,422,494,
502,420,490,
503,421,488,
502,420,487,
502,420,487,
502,421,490,
502,422,490,
503,421,489,
503,423,492,
504,423,491,
504,422,493,
504,423,495,
505,423,494,
504,422,495,
