463,490,453,
464,489,452,
462,491,454,
462,488,453,
462,490,452,
463,491,454,
464,490,455,
464,491,453,
462,489,455,
463,490,454,
463,489,453,
464,489,454,
464,490,455,
463,490,454,
463,490,453,
464,490,453,
462,490,455,
463,490,452,
461,488,454,
464,490,453,
463,488,452,
464,487,453,
463,484,454,
461,481,455,
461,474,454,
461,471,455,
462,465,455,
463,463,454,
462,457,455,
461,448,454,
461,439,454,
461,436,454,
460,431,455,
461,429,455,
459,423,454,
458,417,452,
458,416,450,
456,415,453,
458,414,453,
458,413,436,
456,410,450,
457,409,412,
456,406,440,
455,404,446,
455,403,447,
454,403,438,
454,401,438,
454,401,440,
454,398,448,
455,397,447,
454,396,447,
452,395,449,
454,395,448,
453,396,447,
451,393,448,
451,393,447,
452,394,443,
450,393,445,
451,393,443,
451,395,439,
452,394,427,
451,392,418,
449,394,426,
451,393,425,
450,394,428,
450,393,434,
452,394,441,
451,393,444,
452,398,446,
453,398,446,
453,397,445,
453,398,447,
453,399,445,
454,401,446,
454,403,444,
455,404,444,
455,406,441,
454,408,443,
456,410,450,
456,410,443,
455,413,443,
456,414,447,
457,416,438,
456,418,454,
458,421,452,
457,421,453,
456,422,453,
457,424,452,
456,428,453,
458,430,453,
458,434,451,
459,437,451,
457,440,453,
457,443,452,
458,446,453,
458,450,453,
459,452,451,
459,453,450,
460,456,452,
458,457,452,
459,460,453,
458,461,452,
459,465,452,
458,466,453,
460,468,452,
460,469,453,
460,470,452,
459,470,453,
459,470,451,
461,472,452,
460,474,451,
459,476,452,
459,475,452,
461,477,451,
459,478,451,
460,479,453,
461,482,453,
461,484,451,
461,485,451,
462,486,450,
461,489,443,
463,489,439,
461,491,442,
462,490,439,
462,490,431,
460,490,430,
462,492,427,
461,492,447,
461,491,435,
462,493,450,
461,493,452,
462,493,450,
462,494,451,
461,494,453,
460,494,454,
460,494,451,
460,494,454,
462,495,450,
461,495,451,
461,494,454,
461,494,452,
461,496,453,
460,496,452,
461,495,451,
462,496,451,
461,495,452,
461,496,453,
460,497,453,
461,498,453,
461,497,451,
460,496,451,
461,497,452,
460,497,452,
460,497,454,
461,497,454,
462,496,454,
463,497,452,
461,494,453,
461,492,453,
461,490,451,
461,491,454,
463,488,453,
462,481,454,
464,475,454,
465,470,453,
465,463,452,
468,458,454,
470,453,455,
472,449,455,
475,445,454,
476,444,454,
479,441,453,
479,438,454,
481,435,454,
484,434,454,
485,432,453,
485,428,452,
487,425,450,
485,421,450,
486,419,452,
485,418,451,
486,416,450,
487,414,449,
486,411,447,
483,409,446,
481,404,440,
478,401,439,
477,400,437,
479,400,435,
478,400,435,
476,395,433,
480,396,434,
475,396,431,
474,392,429,
475,393,427,
475,394,427,
474,392,426,
473,392,427,
473,391,425,
472,391,424,
472,391,423,
473,392,422,
474,393,423,
472,393,424,
472,391,423,
472,393,422,
472,392,422,
471,392,424,
474,391,424,
474,394,423,
473,393,425,
473,395,423,
472,392,423,
473,394,423,
475,394,422,
473,393,425,
475,393,423,
473,394,424,
475,393,424,
475,394,421,
473,394,422,
473,393,422,
473,394,423,
