464,483,457,
463,483,459,
464,483,462,
464,484,462,
465,484,463,
466,485,470,
465,484,471,
465,483,473,
466,485,471,
464,485,469,
465,484,468,
466,484,469,
465,485,469,
466,484,466,
466,484,467,
464,483,469,
465,483,469,
466,483,468,
464,482,469,
466,480,463,
465,477,464,
465,475,463,
465,472,462,
465,467,458,
464,460,455,
464,452,454,
463,446,472,
463,438,487,
462,432,496,
462,427,501,
461,424,500,
461,420,456,
461,417,456,
460,411,455,
459,407,478,
458,405,498,
458,404,489,
459,402,504,
458,399,507,
458,396,506,
458,395,502,
458,393,493,
457,393,448,
457,394,443,
457,396,443,
458,394,500,
458,395,493,
459,395,494,
459,395,497,
460,399,497,
460,401,498,
460,404,498,
460,407,499,
460,410,499,
462,412,498,
460,414,498,
462,418,498,
462,419,499,
461,419,496,
461,422,498,
462,425,491,
461,427,498,
462,429,492,
462,430,497,
462,431,496,
462,434,497,
462,437,500,
463,438,497,
462,442,493,
462,445,499,
462,447,499,
463,450,498,
462,455,500,
463,457,499,
463,462,499,
463,465,500,
463,467,499,
462,470,500,
462,474,507,
461,476,502,
461,478,496,
461,478,466,
461,482,457,
461,482,480,
462,483,448,
461,482,447,
461,483,446,
463,483,446,
461,483,445,
463,484,444,
463,483,445,
464,485,444,
463,484,443,
464,484,444,
463,483,445,
463,483,445,
465,483,444,
464,482,443,
465,481,444,
465,480,445,
467,479,445,
467,479,444,
468,476,444,
467,474,445,
468,472,444,
468,471,446,
470,469,447,
473,469,490,
474,467,484,
476,462,499,
478,460,500,
479,456,501,
482,454,502,
483,452,503,
486,449,503,
488,445,490,
489,444,491,
491,441,493,
492,438,489,
493,439,480,
495,437,475,
497,436,452,
497,435,465,
498,433,467,
500,433,429,
502,434,478,
505,432,450,
506,430,494,
506,430,491,
501,424,495,
487,412,443,
493,417,479,
486,409,471,
483,406,453,
482,403,459,
478,398,458,
481,402,463,
499,414,471,
495,408,470,
489,403,465,
487,400,463,
483,396,457,
483,397,453,
480,395,455,
480,394,445,
484,395,447,
484,396,459,
473,386,451,
498,407,460,
501,409,463,
502,409,461,
505,413,465,
484,397,458,
480,393,455,
488,399,461,
480,393,456,
490,400,462,
500,407,459,
500,410,450,
501,408,440,
504,412,436,
508,416,436,
510,416,427,
509,416,438,
509,418,439,
516,423,449,
519,426,469,
520,425,488,
