464,502,517,
464,501,515,
465,501,515,
464,501,515,
464,501,516,
465,502,516,
464,502,516,
464,501,516,
464,500,515,
465,500,514,
465,500,513,
465,501,513,
465,500,514,
465,499,514,
464,498,514,
464,491,513,
465,487,514,
464,484,513,
464,481,504,
464,473,457,
462,463,441,
462,456,439,
461,447,439,
460,442,439,
459,436,439,
460,429,492,
458,425,515,
458,421,477,
459,419,478,
458,416,461,
459,410,475,
458,408,458,
457,404,459,
457,401,441,
456,400,443,
456,397,440,
456,396,439,
455,395,437,
455,394,437,
454,392,437,
453,393,446,
453,392,455,
454,394,454,
455,395,460,
458,396,452,
459,398,443,
458,400,440,
457,402,439,
457,406,441,
458,410,440,
458,413,440,
459,416,431,
459,418,440,
460,420,443,
460,424,433,
459,424,442,
459,428,443,
459,431,442,
459,435,444,
460,438,442,
460,441,444,
460,444,441,
460,447,441,
460,450,442,
461,453,443,
461,458,445,
461,462,447,
461,466,449,
460,468,443,
462,473,443,
461,475,445,
462,477,447,
463,479,445,
463,479,446,
463,480,449,
463,481,445,
463,482,445,
463,483,444,
463,483,443,
464,483,442,
463,483,442,
463,482,442,
465,483,442,
464,482,443,
464,481,443,
463,480,442,
464,478,443,
466,475,441,
468,472,442,
469,467,443,
472,464,442,
473,463,444,
475,459,444,
477,457,443,
480,457,443,
481,453,443,
483,451,444,
486,450,445,
487,448,444,
489,446,444,
491,447,444,
492,445,444,
494,443,444,
496,441,443,
496,443,443,
497,443,445,
500,443,444,
501,443,444,
501,444,444,
503,442,444,
503,443,446,
504,443,447,
505,444,447,
507,443,448,
507,440,448,
508,440,446,
508,440,448,
509,439,452,
510,439,447,
510,438,448,
511,436,451,
511,435,452,
511,434,446,
513,432,449,
512,431,447,
512,431,444,
512,429,441,
513,429,430,
513,429,440,
514,429,438,
513,432,438,
514,432,412,
514,432,435,
514,431,437,
514,434,439,
514,432,438,
514,433,441,
515,433,440,
515,434,439,
514,434,438,
515,432,438,
515,435,438,
515,435,432,
515,436,418,
516,435,423,
516,435,434,
515,435,434,
516,435,437,
515,436,440,
515,437,439,
