521,404,435,
523,408,438,
523,413,441,
523,406,441,
523,411,442,
524,410,440,
524,407,439,
524,405,437,
523,402,436,
522,386,435,
524,374,437,
525,378,439,
524,381,437,
524,381,436,
524,383,437,
524,383,437,
523,389,439,
524,404,439,
521,400,444,
519,423,445,
516,389,446,
511,411,448,
503,413,450,
492,406,453,
479,408,465,
467,393,487,
455,386,467,
443,371,479,
432,383,472,
421,366,470,
413,366,474,
403,366,494,
396,365,503,
387,361,471,
382,360,464,
377,359,454,
370,360,442,
357,355,452,
342,339,423,
338,338,474,
333,330,442,
329,330,456,
324,323,432,
327,328,435,
322,326,419,
316,327,420,
318,326,432,
314,324,454,
318,330,424,
318,332,473,
315,328,473,
316,326,473,
317,329,464,
322,333,485,
327,335,488,
333,341,498,
337,345,496,
344,345,493,
348,349,493,
351,348,465,
354,345,459,
361,347,483,
372,349,487,
379,350,496,
386,352,495,
393,351,485,
401,352,467,
409,350,489,
417,352,500,
423,350,501,
428,352,499,
433,350,499,
441,351,497,
444,354,494,
448,354,493,
453,352,497,
457,353,490,
459,354,488,
464,354,490,
469,352,476,
472,353,479,
475,353,463,
478,352,444,
482,352,441,
485,352,436,
486,355,415,
489,355,433,
493,357,437,
494,353,432,
495,353,412,
497,351,426,
500,352,373,
500,352,364,
500,351,392,
500,355,422,
509,374,449,
522,365,471,
525,366,414,
526,366,423,
526,369,418,
526,367,442,
527,365,437,
529,367,441,
529,368,430,
529,371,451,
529,369,447,
529,371,463,
529,373,416,
530,372,426,
529,373,423,
528,375,437,
528,374,481,
528,374,438,
526,377,424,
523,379,452,
522,380,501,
521,379,425,
517,382,478,
515,386,499,
513,387,504,
510,389,479,
508,390,512,
508,393,503,
505,392,501,
503,395,464,
500,397,521,
496,397,522,
493,399,527,
492,398,523,
491,401,480,
489,404,512,
491,408,537,
490,408,528,
489,409,512,
488,412,525,
488,413,537,
490,415,483,
491,416,484,
490,418,507,
491,417,515,
493,418,535,
494,419,499,
495,420,528,
495,422,528,
496,423,468,
496,421,522,
498,424,513,
500,425,477,
504,426,441,
502,425,485,
503,422,510,
502,420,435,
506,424,432,
506,423,545,
513,428,523,
518,427,467,
523,431,542,
524,428,561,
523,426,543,
521,423,547,
523,424,556,
523,424,466,
527,423,485,
530,425,478,
529,424,476,
530,424,437,
535,427,454,
534,425,470,
536,429,477,
536,427,479,
538,430,474,
537,429,473,
536,429,477,
537,430,478,
536,430,478,
530,424,472,
534,427,474,
532,428,475,
528,424,472,
522,417,464,
526,421,467,
524,421,469,
521,419,466,
528,422,468,
533,428,472,
534,428,475,
535,429,476,
533,427,472,
523,419,463,
