510,512,423,
510,511,427,
510,496,427,
510,495,426,
510,498,427,
510,496,426,
511,503,426,
511,502,426,
511,504,426,
511,504,427,
512,503,428,
511,507,427,
510,508,426,
509,509,426,
507,512,425,
504,513,424,
496,522,424,
479,518,422,
459,523,421,
440,487,421,
424,487,421,
412,468,421,
401,464,420,
393,457,419,
386,457,419,
380,464,413,
377,428,414,
374,408,413,
372,458,413,
370,418,416,
368,436,408,
367,466,397,
366,458,398,
366,464,359,
365,471,417,
368,466,416,
374,472,418,
381,441,418,
386,444,418,
388,447,420,
392,449,420,
397,455,420,
404,482,421,
413,484,422,
420,488,423,
429,492,422,
437,493,423,
446,503,423,
453,497,423,
459,502,423,
465,497,419,
469,508,419,
474,512,403,
479,511,424,
482,522,377,
485,525,344,
487,526,415,
490,528,395,
492,520,424,
493,532,424,
494,531,395,
496,529,360,
497,532,364,
497,534,411,
498,534,402,
499,534,395,
499,533,400,
499,530,402,
500,529,404,
500,525,405,
500,526,400,
500,519,406,
501,465,395,
501,455,408,
500,454,408,
500,453,341,
499,406,382,
499,416,385,
497,434,372,
497,411,419,
498,413,374,
496,406,378,
496,407,410,
496,396,403,
494,401,413,
494,441,389,
498,400,384,
497,460,405,
497,367,415,
499,448,417,
500,401,387,
500,397,395,
501,358,395,
503,381,378,
503,379,407,
504,390,393,
505,388,413,
506,382,412,
507,378,414,
509,350,414,
512,344,416,
512,342,414,
514,345,414,
514,347,417,
512,348,414,
512,350,384,
512,352,353,
512,354,348,
511,357,378,
510,357,378,
511,358,377,
511,360,369,
512,360,367,
511,360,395,
512,362,385,
512,367,382,
513,377,394,
514,394,394,
513,440,397,
514,467,396,
514,430,395,
515,474,393,
515,447,395,
515,455,395,
