479,474,440,
479,491,440,
480,496,440,
480,506,440,
480,508,440,
480,521,440,
480,493,439,
480,519,439,
480,509,438,
479,487,437,
479,459,436,
478,468,436,
478,468,436,
477,469,435,
475,459,435,
471,456,434,
464,456,434,
451,464,433,
435,441,432,
415,392,431,
399,384,430,
384,374,429,
375,364,428,
366,356,426,
360,352,361,
354,346,403,
351,343,410,
347,342,354,
344,336,380,
344,335,360,
342,335,378,
341,335,408,
343,337,359,
345,340,400,
348,340,400,
351,341,401,
353,344,401,
359,347,400,
369,349,401,
379,351,397,
389,352,396,
393,353,390,
402,362,392,
411,370,400,
419,385,401,
426,394,333,
430,405,343,
431,415,399,
436,464,368,
436,463,395,
443,454,311,
441,460,373,
442,448,387,
445,450,378,
446,455,376,
447,456,366,
449,456,349,
449,466,337,
450,464,333,
448,456,332,
447,452,363,
448,448,365,
451,445,356,
450,433,374,
447,415,373,
447,405,350,
447,393,368,
448,389,381,
449,378,382,
446,369,380,
450,372,382,
452,373,383,
451,370,383,
454,367,381,
455,363,401,
459,361,384,
460,349,397,
469,357,336,
472,361,359,
472,364,389,
473,352,397,
474,342,373,
473,342,397,
473,333,397,
473,331,397,
474,339,394,
475,338,379,
475,340,373,
476,341,383,
478,347,337,
478,378,345,
478,387,347,
479,372,358,
478,374,362,
480,412,363,
480,409,363,
480,406,365,
481,453,369,
480,361,366,
480,354,365,
481,365,366,
481,366,366,
