500,478,423,
500,479,372,
500,478,345,
500,478,392,
500,477,389,
500,479,381,
500,480,391,
499,482,404,
500,481,404,
499,480,406,
498,479,415,
498,480,416,
498,480,417,
497,481,411,
496,480,404,
495,480,400,
492,479,389,
488,478,389,
478,477,388,
465,472,389,
453,469,395,
439,464,395,
427,428,401,
416,449,375,
407,432,360,
397,422,382,
389,412,397,
381,387,373,
377,397,409,
373,386,382,
371,386,331,
369,352,401,
366,392,370,
367,364,417,
363,366,416,
363,384,342,
365,392,384,
372,389,411,
378,367,364,
382,364,349,
387,371,363,
394,378,362,
403,417,362,
412,432,376,
421,461,381,
429,461,385,
438,454,387,
444,423,389,
450,459,380,
454,456,346,
459,477,366,
464,444,364,
467,485,415,
471,487,395,
474,504,360,
477,509,406,
479,508,416,
482,515,387,
483,523,412,
486,528,419,
488,532,364,
489,532,374,
490,528,367,
490,529,421,
491,523,422,
492,524,422,
492,524,422,
493,525,421,
494,523,421,
494,524,421,
495,525,422,
495,524,422,
496,524,421,
496,521,422,
496,497,423,
496,512,424,
495,457,424,
495,453,424,
494,468,424,
492,477,424,
489,423,423,
485,407,420,
466,384,405,
464,381,354,
464,386,399,
467,396,386,
471,442,344,
473,388,352,
476,334,361,
478,317,390,
479,318,357,
480,357,353,
479,372,373,
480,368,399,
473,354,387,
475,356,390,
478,365,391,
482,370,382,
485,390,362,
481,394,374,
484,407,392,
491,378,400,
496,386,406,
498,390,409,
498,393,407,
495,395,407,
492,426,402,
489,386,402,
490,375,399,
490,377,399,
489,375,396,
487,367,398,
488,366,396,
490,367,354,
491,366,394,
492,372,395,
493,382,378,
492,389,398,
492,398,399,
494,439,399,
493,413,398,
493,421,398,
494,435,398,
495,439,399,
495,439,399,
495,432,399,
495,407,398,
495,407,399,
494,407,398,
495,413,399,
494,402,399,
495,434,400,
495,436,399,
494,432,397,
495,436,399,
495,435,398,
497,438,401,
496,438,401,
498,438,401,
497,439,401,
497,444,401,
498,439,400,
