480,418,436,
482,397,418,
483,397,364,
483,397,369,
483,398,364,
482,399,375,
484,400,367,
482,399,433,
482,399,431,
482,401,415,
480,400,422,
478,401,416,
472,399,425,
462,397,426,
450,415,364,
436,399,429,
420,380,364,
407,366,383,
392,353,370,
373,334,374,
366,339,366,
361,326,399,
359,322,407,
354,341,379,
347,317,349,
341,321,330,
335,315,308,
334,315,367,
328,312,348,
328,313,390,
329,314,336,
333,320,369,
333,322,406,
332,321,405,
332,321,401,
335,319,398,
342,322,399,
349,324,395,
357,327,394,
367,332,393,
383,338,395,
389,343,397,
397,348,401,
401,339,402,
401,333,401,
401,313,400,
418,346,417,
426,334,426,
426,379,427,
411,386,401,
401,376,411,
402,396,342,
385,404,413,
396,387,352,
403,400,351,
412,418,404,
413,422,406,
429,419,412,
409,418,371,
403,410,374,
423,412,404,
409,415,387,
418,427,358,
419,426,378,
415,420,366,
404,416,346,
417,408,377,
412,404,372,
409,365,370,
401,339,410,
431,370,410,
419,356,383,
397,341,320,
401,311,362,
391,280,332,
406,271,363,
426,301,407,
413,271,402,
433,291,356,
426,317,392,
451,274,446,
431,302,409,
461,296,439,
452,286,420,
405,262,386,
411,294,366,
419,289,389,
457,309,428,
455,272,426,
461,271,430,
465,301,434,
445,283,414,
461,311,428,
469,309,434,
466,303,429,
443,305,402,
442,306,402,
442,304,402,
443,306,403,
459,317,421,
471,325,432,
472,327,431,
471,327,430,
467,325,426,
469,328,429,
471,328,427,
470,329,427,
470,330,425,
470,329,423,
471,330,422,
471,331,422,
471,330,421,
471,330,421,
470,331,421,
470,331,420,
472,331,420,
472,331,418,
472,331,419,
473,331,418,
473,332,417,
472,331,417,
474,331,418,
471,332,416,
472,331,416,
471,331,415,
471,330,414,
472,330,414,
467,329,412,
468,329,411,
465,328,411,
465,328,410,
464,328,409,
