457,481,424,
456,481,423,
456,481,424,
457,480,423,
459,479,423,
460,480,424,
459,481,424,
457,481,422,
459,481,422,
462,480,423,
463,481,421,
479,481,421,
491,480,421,
487,480,421,
469,481,421,
468,480,420,
480,478,420,
473,477,419,
458,473,419,
431,468,418,
421,461,419,
411,450,419,
406,444,418,
399,433,418,
394,424,417,
390,417,417,
384,408,416,
384,405,415,
376,397,414,
372,399,404,
369,398,414,
374,398,411,
373,399,412,
374,399,412,
375,400,411,
379,402,412,
379,403,414,
381,406,414,
386,407,415,
389,413,414,
397,417,415,
403,420,414,
411,425,415,
420,459,414,
430,486,415,
434,422,416,
439,428,417,
443,435,416,
448,444,416,
452,454,415,
455,465,412,
451,490,372,
464,484,415,
466,497,417,
469,501,411,
471,506,412,
470,506,392,
472,510,405,
475,513,402,
474,513,409,
474,512,415,
476,513,416,
477,512,416,
478,513,416,
477,513,418,
478,514,416,
478,514,417,
480,513,417,
481,513,418,
481,511,419,
481,507,419,
481,513,418,
482,483,420,
481,468,420,
478,450,416,
477,436,416,
476,424,415,
475,411,415,
472,400,413,
472,399,413,
471,399,413,
473,398,407,
470,395,408,
473,392,409,
474,392,385,
467,428,377,
440,418,378,
427,384,345,
433,360,356,
440,353,379,
461,381,343,
438,353,295,
441,354,356,
439,363,371,
460,348,388,
454,360,382,
462,372,391,
478,380,396,
447,307,363,
432,309,367,
451,321,332,
465,331,380,
462,390,366,
440,353,339,
448,367,376,
447,375,379,
454,377,384,
454,413,341,
451,347,376,
449,367,378,
454,349,377,
464,351,394,
465,372,391,
465,378,391,
465,395,391,
460,399,388,
473,391,388,
472,395,393,
467,395,390,
469,373,393,
470,363,393,
469,358,391,
470,355,391,
470,356,392,
470,356,394,
471,357,395,
476,361,398,
474,361,396,
472,358,396,
472,360,395,
472,361,395,
472,359,394,
474,362,397,
478,364,399,
483,367,403,
486,369,406,
484,368,404,
484,370,403,
478,365,398,
477,365,398,
475,363,396,
476,363,395,
