443,402,466,
443,403,464,
448,407,462,
448,407,462,
448,406,461,
447,389,459,
448,389,461,
446,386,458,
456,395,467,
456,394,467,
449,393,463,
438,386,458,
433,388,462,
420,385,461,
404,380,459,
388,375,458,
365,360,444,
378,376,467,
347,348,440,
343,339,438,
365,362,469,
359,354,466,
362,342,458,
357,349,368,
368,355,446,
378,358,416,
386,362,429,
384,366,432,
394,369,455,
370,369,408,
368,369,398,
363,348,424,
369,354,424,
393,376,445,
385,371,434,
373,360,420,
391,381,436,
394,382,437,
400,385,437,
405,390,437,
416,395,437,
415,395,436,
416,398,434,
419,399,434,
423,402,434,
425,408,436,
427,412,439,
428,414,437,
431,419,440,
432,420,438,
433,421,440,
435,422,441,
436,423,441,
437,424,440,
436,425,441,
437,425,439,
438,424,439,
439,423,440,
438,424,439,
438,423,439,
439,423,439,
439,420,440,
438,416,434,
422,391,375,
447,406,424,
445,394,431,
422,364,358,
432,366,372,
460,362,371,
449,366,403,
451,365,406,
458,366,421,
458,365,472,
449,353,456,
450,351,432,
436,354,396,
453,367,387,
465,370,357,
457,363,375,
445,356,403,
442,352,400,
420,337,380,
425,345,368,
425,346,364,
456,364,397,
450,339,403,
462,349,413,
459,347,411,
459,347,410,
460,349,410,
460,353,410,
460,357,410,
467,381,415,
466,382,414,
465,362,411,
466,384,413,
431,357,383,
432,361,383,
426,355,376,
426,367,377,
426,363,375,
427,355,376,
