467,416,401,
466,416,401,
467,417,401,
468,419,402,
468,420,401,
468,420,400,
470,419,400,
470,418,400,
470,420,402,
471,418,399,
471,419,400,
471,418,401,
471,418,400,
471,418,401,
469,417,399,
465,415,400,
462,414,400,
452,414,398,
436,412,399,
420,410,397,
406,408,399,
394,405,398,
384,405,399,
374,401,398,
367,427,399,
364,400,398,
364,411,398,
361,405,398,
359,414,400,
370,417,398,
367,421,396,
369,424,397,
355,456,395,
352,452,395,
344,391,394,
343,391,398,
344,387,401,
343,387,402,
348,386,405,
349,391,404,
354,396,405,
353,426,400,
353,444,395,
347,413,389,
345,437,390,
349,436,388,
356,422,385,
380,421,399,
390,420,400,
389,425,402,
392,421,401,
398,421,401,
403,421,402,
403,423,402,
402,426,401,
405,428,403,
409,433,402,
409,426,397,
407,432,395,
406,437,391,
408,435,393,
412,438,393,
413,429,392,
412,438,394,
416,440,402,
423,438,412,
425,435,411,
426,440,411,
424,439,411,
421,441,406,
422,439,408,
423,440,404,
424,442,406,
423,441,407,
422,439,406,
424,439,408,
427,436,408,
426,433,409,
424,428,408,
425,424,409,
427,418,411,
431,411,412,
420,390,401,
417,372,394,
413,367,385,
414,379,385,
416,379,384,
415,375,382,
418,367,384,
438,369,386,
422,338,383,
437,348,393,
428,380,391,
428,375,390,
430,356,393,
433,343,394,
437,352,396,
436,395,388,
420,383,372,
422,401,350,
437,395,387,
435,332,363,
428,358,363,
428,366,337,
448,359,400,
434,367,388,
450,381,400,
456,381,398,
458,386,400,
461,397,401,
452,399,401,
451,396,402,
451,380,402,
451,385,402,
452,419,402,
456,422,402,
461,413,405,
460,413,406,
463,402,404,
463,417,405,
463,450,401,
461,447,399,
460,442,399,
462,451,400,
462,456,400,
461,359,399,
461,360,399,
465,373,399,
487,374,400,
495,358,402,
461,358,402,
464,413,404,
466,343,407,
468,345,410,
471,348,411,
473,347,410,
474,348,412,
475,350,411,
