456,403,364,
455,400,368,
464,410,404,
463,410,391,
462,413,411,
461,434,400,
460,439,402,
456,433,403,
457,442,405,
457,433,402,
461,437,401,
471,443,415,
457,430,394,
455,428,395,
452,429,394,
451,431,398,
445,426,397,
436,420,397,
424,416,398,
412,411,396,
400,403,400,
390,405,399,
381,414,394,
373,412,393,
367,435,394,
363,423,394,
356,405,330,
368,409,394,
352,412,390,
346,393,384,
343,417,339,
340,389,383,
340,384,380,
339,389,375,
339,389,354,
341,395,384,
343,396,383,
345,400,387,
347,398,387,
352,401,387,
358,402,386,
367,401,388,
378,382,387,
388,390,390,
399,401,381,
424,445,405,
428,426,404,
430,409,402,
424,404,390,
435,421,401,
434,424,397,
434,389,394,
437,400,395,
440,402,393,
442,401,395,
446,434,395,
448,442,396,
449,455,397,
452,465,395,
453,450,396,
454,456,396,
455,461,397,
455,448,397,
456,459,397,
455,467,398,
457,464,398,
457,463,398,
458,458,399,
459,452,399,
460,497,401,
460,491,402,
462,452,360,
462,410,374,
460,408,392,
462,404,424,
461,390,436,
461,387,424,
464,440,415,
464,328,413,
464,320,412,
466,327,396,
466,363,367,
470,322,396,
468,318,401,
472,325,405,
479,316,398,
492,352,391,
462,326,382,
465,330,334,
445,329,332,
451,350,365,
472,359,353,
467,393,382,
456,367,336,
472,383,384,
453,382,355,
445,378,355,
463,404,362,
464,385,376,
453,404,367,
449,403,365,
446,401,364,
440,399,359,
480,456,388,
484,447,393,
485,416,394,
485,416,394,
487,419,394,
489,464,395,
479,431,388,
480,446,388,
476,458,385,
477,393,387,
478,392,386,
480,396,390,
462,380,373,
481,396,389,
482,397,390,
