416,399,394,
419,399,393,
415,397,392,
415,397,391,
411,394,387,
403,394,374,
401,393,372,
398,390,369,
398,389,369,
396,388,370,
396,387,374,
403,384,377,
393,387,367,
400,387,368,
389,386,370,
387,388,373,
386,392,377,
386,385,380,
382,360,382,
377,364,381,
374,347,384,
358,332,368,
354,314,374,
356,318,368,
359,321,375,
357,319,380,
360,320,370,
358,314,367,
353,311,368,
313,306,363,
334,307,334,
342,327,387,
323,309,340,
333,319,353,
326,312,370,
360,342,411,
333,314,377,
339,316,378,
363,323,381,
361,321,377,
360,320,374,
368,323,374,
373,327,369,
376,333,367,
407,356,382,
381,346,363,
385,352,365,
389,355,366,
394,355,369,
410,373,383,
415,399,385,
405,371,376,
408,392,380,
413,399,392,
433,410,409,
423,388,397,
403,371,379,
395,386,362,
424,401,386,
438,411,406,
441,412,411,
425,414,374,
435,415,397,
442,416,408,
446,432,412,
443,429,414,
446,420,416,
444,398,416,
442,382,415,
443,373,416,
448,362,418,
426,332,398,
440,332,408,
421,310,390,
410,310,383,
441,329,409,
453,339,424,
392,310,340,
417,308,385,
441,332,382,
454,327,371,
450,320,404,
440,311,393,
430,301,397,
426,301,383,
416,285,318,
451,311,415,
457,298,423,
456,300,420,
444,294,390,
452,312,397,
441,314,361,
444,318,380,
444,316,383,
440,315,369,
434,316,356,
437,325,366,
445,324,382,
445,327,377,
445,327,373,
444,326,376,
442,324,375,
435,320,372,
434,314,381,
438,315,388,
440,316,392,
445,318,397,
446,319,399,
449,320,401,
449,321,402,
450,323,402,
452,322,403,
452,323,404,
452,324,405,
454,324,406,
