497,470,425,
497,470,424,
497,471,425,
497,469,423,
497,470,424,
496,470,422,
497,470,423,
496,469,422,
496,469,422,
496,469,422,
497,469,421,
497,469,422,
496,469,420,
494,469,422,
490,469,422,
477,469,421,
456,465,421,
437,463,420,
423,466,420,
409,461,419,
396,472,418,
385,437,421,
382,433,420,
371,429,420,
370,428,419,
363,433,419,
360,432,416,
357,420,416,
354,422,417,
354,422,383,
354,384,414,
354,382,413,
354,382,412,
354,381,412,
356,383,412,
357,383,414,
362,390,415,
368,424,415,
372,432,416,
375,438,416,
378,433,416,
385,443,418,
394,437,418,
406,444,415,
416,452,417,
425,455,416,
433,462,417,
439,463,418,
445,474,420,
449,472,420,
453,468,420,
458,471,419,
462,477,421,
467,477,416,
472,482,414,
476,487,412,
479,490,390,
483,490,418,
486,493,360,
489,495,381,
491,496,418,
492,497,418,
494,497,420,
495,498,419,
496,498,418,
497,498,419,
498,499,419,
498,498,419,
499,496,420,
499,494,421,
500,493,420,
501,488,421,
501,478,420,
500,470,420,
500,460,419,
500,448,418,
499,437,420,
499,428,419,
498,425,421,
498,433,419,
496,439,417,
495,423,416,
496,385,415,
495,377,413,
495,375,414,
496,397,416,
496,387,414,
497,389,399,
498,381,405,
498,373,411,
499,365,414,
500,364,361,
502,363,347,
503,362,413,
505,367,418,
505,354,419,
509,350,417,
509,350,369,
508,350,418,
509,351,390,
510,356,379,
509,360,415,
511,342,400,
511,339,401,
511,352,416,
512,353,418,
513,357,373,
515,358,410,
515,361,419,
514,367,411,
514,383,417,
513,388,414,
512,386,407,
513,391,396,
513,375,374,
513,419,367,
513,383,414,
513,363,382,
514,364,410,
514,361,394,
514,359,413,
514,363,412,
514,363,410,
515,364,406,
515,365,379,
516,378,377,
516,380,392,
516,395,410,
515,396,410,
516,400,391,
516,384,381,
516,386,371,
517,390,373,
517,402,373,
517,391,365,
517,389,376,
517,341,379,
