443,435,375,
422,426,342,
442,417,415,
424,412,379,
410,405,358,
416,403,375,
415,407,368,
433,432,369,
421,415,366,
416,412,362,
421,415,365,
445,425,414,
455,432,428,
443,431,407,
449,431,428,
447,431,434,
442,422,438,
436,413,438,
428,391,435,
390,385,360,
392,400,386,
397,372,409,
409,383,437,
373,378,362,
381,372,397,
372,348,379,
396,330,433,
352,349,376,
381,345,418,
387,352,427,
367,348,378,
361,348,413,
362,360,425,
363,352,386,
366,356,415,
371,354,409,
376,356,411,
390,357,410,
399,359,413,
402,363,413,
405,367,413,
409,369,414,
413,372,414,
417,382,414,
420,381,412,
423,383,413,
425,387,414,
430,397,414,
434,400,415,
435,408,417,
437,414,414,
435,423,403,
448,430,430,
451,437,424,
434,434,393,
436,433,382,
456,430,434,
436,430,379,
438,435,382,
458,439,433,
459,439,433,
460,442,434,
462,442,434,
462,443,434,
462,444,435,
463,443,434,
463,444,435,
465,444,435,
466,444,435,
465,443,435,
464,442,434,
465,428,435,
464,421,435,
458,416,417,
451,412,397,
448,395,387,
445,367,372,
448,353,393,
445,345,380,
444,335,383,
460,337,410,
458,332,429,
454,337,414,
462,332,377,
469,332,428,
482,330,435,
467,319,369,
460,311,392,
452,303,385,
456,295,376,
456,301,400,
470,297,404,
508,289,420,
510,275,351,
511,277,360,
512,276,414,
513,281,386,
513,282,411,
512,279,404,
512,281,396,
512,285,373,
512,296,386,
512,299,385,
513,308,375,
513,318,373,
513,326,375,
513,327,371,
514,329,367,
513,329,371,
513,327,370,
514,324,371,
514,328,370,
514,330,368,
515,329,365,
515,325,362,
515,328,360,
516,328,361,
515,330,361,
514,329,359,
514,326,360,
514,325,359,
514,328,359,
514,324,364,
