459,453,413,
459,445,412,
459,442,412,
458,444,411,
458,447,412,
458,451,412,
458,457,412,
458,464,412,
458,466,413,
458,465,414,
457,472,412,
456,474,413,
456,462,413,
456,471,413,
454,468,413,
451,464,412,
446,462,412,
435,457,412,
418,452,411,
399,448,410,
385,438,410,
374,431,409,
366,419,408,
360,425,407,
355,418,389,
351,424,302,
347,407,390,
344,411,342,
340,404,373,
338,403,340,
339,398,343,
340,398,373,
342,399,399,
345,401,383,
350,409,386,
353,405,386,
358,408,388,
366,413,389,
375,419,391,
385,431,392,
395,433,392,
406,448,390,
413,453,381,
419,450,370,
426,454,372,
429,456,359,
433,464,389,
437,473,337,
438,468,349,
440,482,357,
440,471,369,
441,470,392,
443,471,390,
445,474,392,
447,476,394,
446,476,393,
447,475,394,
447,471,395,
449,470,395,
449,469,397,
449,466,396,
449,467,395,
450,476,397,
452,463,399,
460,460,404,
452,439,400,
452,430,400,
452,420,399,
453,417,403,
455,426,403,
455,410,403,
473,419,423,
462,398,411,
456,389,360,
458,386,400,
469,392,360,
489,404,376,
492,403,438,
493,407,438,
495,419,396,
497,416,394,
498,394,347,
500,391,432,
499,381,419,
497,395,425,
499,395,416,
500,392,394,
500,385,423,
500,384,423,
501,384,422,
502,384,412,
503,384,336,
503,384,379,
503,385,386,
503,388,420,
504,391,418,
505,399,390,
505,402,374,
506,401,381,
505,394,397,
507,402,383,
508,397,388,
508,400,377,
509,416,386,
