437,382,384,
437,380,341,
431,377,362,
433,377,317,
437,378,318,
431,377,325,
426,375,339,
438,384,331,
436,384,331,
435,380,385,
442,387,393,
444,389,396,
443,390,398,
441,390,402,
435,388,405,
427,387,406,
420,390,412,
411,368,414,
399,374,411,
388,343,415,
377,346,415,
367,335,413,
360,328,411,
353,345,408,
345,347,405,
341,306,404,
336,299,399,
329,327,392,
329,296,392,
328,317,352,
324,283,348,
318,290,354,
317,281,342,
313,289,353,
333,315,371,
340,328,371,
339,327,341,
341,330,394,
346,333,392,
349,334,391,
356,337,383,
364,337,390,
371,341,392,
371,343,417,
377,342,410,
386,350,349,
399,362,361,
406,367,342,
413,375,334,
415,352,341,
442,376,364,
447,384,375,
450,364,325,
452,372,416,
454,411,371,
455,416,391,
455,416,441,
456,413,410,
457,386,431,
458,412,411,
460,416,422,
462,420,420,
463,420,418,
465,423,411,
465,425,417,
466,424,421,
467,425,421,
467,426,420,
467,425,419,
467,426,418,
467,425,419,
466,424,418,
466,424,418,
466,424,418,
468,424,418,
467,422,417,
467,422,416,
467,421,416,
466,419,416,
467,417,416,
466,409,416,
466,408,415,
464,397,413,
456,383,404,
472,358,420,
472,399,421,
473,353,421,
473,359,421,
473,358,421,
474,346,422,
472,389,421,
471,377,421,
471,353,421,
461,346,414,
473,332,425,
457,305,410,
455,299,409,
463,300,413,
432,286,383,
459,319,406,
464,315,326,
463,298,373,
455,309,342,
455,310,357,
450,307,389,
449,287,413,
452,291,347,
446,288,409,
441,287,412,
438,265,407,
438,269,407,
468,295,433,
465,250,421,
465,270,427,
446,288,367,
464,301,346,
448,279,320,
446,272,329,
462,289,372,
468,299,337,
472,282,378,
485,305,397,
504,326,390,
507,332,416,
501,329,411,
478,311,391,
480,321,394,
479,323,394,
484,323,397,
477,312,388,
470,312,383,
467,311,381,
465,313,378,
496,335,404,
495,336,405,
489,330,400,
486,330,397,
479,327,392,
474,322,387,
468,320,384,
469,318,383,
470,321,384,
467,318,381,
482,329,394,
482,329,395,
480,328,392,
480,329,393,
479,328,391,
476,327,390,
476,325,389,
475,326,388,
483,331,395,
485,332,396,
