465,532,430,
465,501,428,
450,477,405,
463,477,423,
452,478,392,
461,480,423,
464,495,429,
467,471,429,
467,477,426,
462,477,418,
463,472,424,
465,473,427,
465,473,426,
464,475,424,
464,477,427,
466,528,427,
463,529,427,
458,527,427,
450,533,425,
433,454,415,
425,452,420,
403,449,370,
394,444,372,
376,440,347,
382,434,378,
397,431,419,
400,423,419,
405,419,418,
403,418,422,
387,414,383,
395,410,425,
395,418,422,
382,428,419,
376,422,426,
359,426,424,
359,428,418,
358,428,419,
361,429,425,
362,431,427,
365,432,430,
369,438,429,
372,439,430,
380,439,425,
384,453,425,
388,477,424,
392,484,425,
400,488,426,
409,487,425,
416,495,426,
425,499,427,
434,501,430,
441,504,433,
448,506,432,
453,509,433,
458,511,431,
463,516,430,
472,515,430,
473,521,428,
455,527,429,
440,523,397,
438,520,383,
457,522,427,
458,526,426,
457,533,422,
456,533,422,
458,532,422,
480,534,423,
482,532,424,
483,533,426,
487,534,425,
489,533,426,
488,533,424,
487,533,428,
489,532,428,
490,529,429,
489,526,428,
491,518,427,
491,513,429,
492,510,428,
492,489,427,
494,483,428,
488,463,426,
487,464,421,
481,443,416,
483,455,418,
482,347,416,
451,347,416,
450,379,416,
434,347,410,
447,346,420,
452,353,427,
443,376,420,
464,354,440,
462,340,436,
465,339,438,
450,338,393,
468,356,369,
469,395,410,
462,453,423,
457,400,390,
500,355,409,
505,343,416,
477,339,416,
453,341,376,
458,342,392,
464,342,417,
463,342,416,
484,339,416,
505,340,416,
505,340,416,
507,344,416,
509,381,418,
502,422,420,
486,435,424,
470,461,425,
466,455,424,
467,454,423,
463,457,421,
458,456,422,
459,452,423,
462,449,422,
462,452,422,
461,451,421,
458,453,420,
460,457,420,
462,458,420,
464,458,420,
462,461,419,
461,459,421,
461,458,421,
465,458,421,
466,457,422,
