377,460,351,
377,467,351,
377,477,349,
377,487,345,
377,482,340,
377,483,336,
378,482,341,
375,482,340,
374,484,342,
373,478,339,
378,482,339,
375,481,336,
373,478,338,
378,482,341,
392,495,351,
373,475,332,
373,471,344,
370,469,345,
366,431,338,
364,427,339,
357,426,336,
352,442,339,
341,442,331,
341,434,338,
341,453,343,
331,463,331,
346,477,335,
337,461,347,
346,474,356,
335,397,344,
332,364,341,
331,422,342,
328,422,342,
322,389,335,
349,419,359,
349,428,361,
334,432,337,
347,429,358,
351,432,363,
354,428,363,
356,427,366,
354,431,365,
356,431,359,
361,445,360,
367,452,359,
365,453,341,
378,457,364,
382,466,368,
387,473,371,
393,504,371,
392,509,370,
393,509,369,
396,502,371,
401,500,371,
404,514,369,
407,516,373,
408,543,374,
413,524,376,
415,531,377,
416,532,375,
415,523,374,
418,524,377,
421,528,379,
420,527,376,
420,526,377,
421,525,377,
422,523,377,
420,524,378,
424,534,381,
421,495,380,
419,471,380,
419,472,381,
429,400,385,
433,383,383,
439,382,390,
458,371,389,
452,370,367,
445,394,376,
454,409,401,
501,403,400,
435,381,385,
438,442,393,
435,461,384,
473,475,407,
410,550,364,
399,412,345,
396,435,340,
394,393,340,
457,449,399,
457,455,397,
461,459,400,
454,458,396,
449,450,386,
464,466,394,
406,414,348,
406,407,343,
408,415,345,
400,424,340,
393,464,331,
398,395,332,
391,368,333,
385,337,332,
405,337,330,
392,327,330,
384,376,331,
379,348,331,
383,338,328,
378,329,329,
381,329,329,
386,327,330,
405,330,330,
