456,406,399,
456,417,399,
455,410,400,
455,412,399,
456,416,398,
458,458,399,
457,458,399,
457,458,398,
457,456,397,
457,460,397,
458,465,397,
457,468,398,
454,469,397,
449,473,398,
442,477,397,
430,474,397,
415,472,398,
402,479,398,
390,493,396,
376,483,393,
369,459,390,
354,449,384,
356,464,390,
356,413,390,
351,402,390,
351,400,389,
346,405,388,
345,414,388,
340,415,347,
343,330,428,
348,334,401,
350,340,409,
354,330,422,
357,331,437,
356,331,436,
357,330,436,
358,333,437,
356,330,429,
360,338,431,
364,355,414,
373,395,432,
381,420,430,
383,428,433,
393,443,433,
398,413,432,
405,425,432,
410,423,435,
414,428,433,
417,436,430,
419,433,387,
425,445,432,
427,447,435,
431,448,431,
431,449,405,
435,451,384,
439,456,359,
439,458,368,
440,463,375,
441,459,387,
441,457,389,
441,455,388,
440,454,390,
437,449,385,
433,441,377,
448,456,383,
448,437,355,
450,429,309,
447,421,397,
449,407,353,
450,392,352,
450,379,362,
452,374,334,
449,365,407,
447,362,396,
449,359,420,
462,365,448,
459,363,442,
463,361,443,
443,342,430,
450,343,435,
449,337,432,
444,331,426,
446,330,425,
465,344,442,
443,327,380,
447,333,377,
452,334,381,
455,336,382,
449,334,378,
448,333,382,
470,352,375,
470,379,389,
471,389,386,
472,374,385,
472,396,385,
474,404,365,
475,395,346,
475,398,363,
475,402,379,
475,413,379,
476,421,374,
477,410,375,
477,414,379,
478,421,380,
478,410,381,
479,414,381,
479,419,381,
479,419,381,
