482,481,398,
482,479,402,
481,477,398,
481,478,401,
482,478,399,
481,476,404,
481,474,403,
481,476,402,
481,476,401,
481,475,400,
479,475,400,
476,462,398,
474,472,399,
463,468,399,
448,471,399,
439,477,400,
416,456,351,
402,451,348,
388,447,350,
378,434,373,
367,422,366,
360,417,383,
355,407,399,
352,408,354,
349,402,346,
346,396,383,
346,395,319,
344,407,398,
343,399,370,
343,400,379,
342,405,377,
342,408,397,
343,414,338,
346,388,398,
349,389,401,
353,391,400,
355,390,399,
358,394,403,
364,397,404,
369,400,405,
375,398,403,
381,401,402,
387,402,403,
394,399,402,
402,394,402,
410,399,404,
417,404,402,
423,408,402,
428,416,402,
433,418,403,
440,424,362,
443,420,386,
448,434,392,
454,446,375,
457,449,404,
460,454,404,
464,456,383,
467,460,405,
469,462,377,
471,463,375,
473,465,349,
473,465,381,
475,467,386,
476,468,363,
476,467,369,
477,468,358,
478,468,365,
478,468,401,
477,467,392,
478,467,381,
479,467,397,
479,464,404,
479,463,384,
479,459,402,
480,456,400,
480,440,402,
480,439,399,
482,436,406,
486,432,406,
488,427,391,
488,419,382,
489,408,389,
488,396,390,
487,386,388,
488,379,389,
488,374,387,
489,373,400,
477,402,394,
482,404,400,
484,399,403,
470,362,383,
445,363,350,
443,361,366,
459,362,383,
458,340,376,
469,336,389,
501,411,416,
503,431,415,
500,390,394,
487,346,379,
486,343,397,
477,337,387,
487,347,396,
485,376,367,
487,402,346,
485,408,369,
492,357,372,
491,363,364,
493,356,377,
491,352,376,
487,350,377,
477,345,363,
464,337,356,
460,335,358,
436,319,313,
463,333,345,
439,319,313,
433,311,326,
433,312,306,
431,316,336,
445,319,356,
447,324,360,
448,325,342,
462,334,326,
465,336,315,
467,338,330,
462,334,332,
477,345,339,
482,349,348,
