419,392,382,
431,403,394,
432,404,394,
431,403,393,
430,402,392,
431,404,393,
434,406,396,
433,404,393,
433,406,393,
434,404,393,
432,403,391,
429,403,391,
431,405,395,
426,402,391,
408,388,378,
408,395,387,
397,394,386,
403,411,406,
391,407,405,
378,397,401,
366,389,399,
361,385,401,
359,377,400,
356,370,400,
350,367,366,
343,364,385,
339,360,368,
343,361,394,
334,357,379,
346,354,380,
349,353,384,
336,353,347,
342,353,382,
338,354,384,
339,356,384,
344,359,386,
341,355,378,
353,368,357,
355,362,370,
369,369,378,
374,372,376,
381,378,376,
389,389,376,
398,407,380,
404,416,381,
407,435,380,
412,424,381,
420,436,382,
425,453,381,
427,449,386,
431,453,330,
432,452,362,
433,455,380,
436,458,338,
435,456,386,
436,456,375,
441,459,308,
440,458,335,
440,458,357,
441,457,346,
444,459,320,
441,453,370,
443,453,348,
443,451,353,
442,441,389,
444,438,380,
447,427,334,
445,412,383,
447,404,334,
449,401,359,
451,396,329,
455,402,324,
444,392,324,
447,386,329,
481,411,354,
469,401,412,
470,399,369,
459,380,335,
449,366,327,
449,374,324,
454,365,383,
457,367,385,
460,378,388,
465,396,386,
471,391,395,
472,409,395,
474,433,395,
473,348,390,
474,349,389,
472,348,359,
474,350,345,
475,351,354,
476,355,344,
477,354,342,
476,355,384,
476,360,386,
477,385,387,
478,422,388,
478,420,388,
478,427,388,
