448,509,411,
449,512,412,
449,508,413,
448,509,413,
448,513,413,
449,497,412,
450,498,413,
450,496,411,
450,502,411,
448,503,410,
449,504,410,
450,506,411,
449,489,409,
447,483,410,
445,483,410,
446,482,409,
441,481,407,
431,497,405,
423,496,405,
415,497,403,
407,483,401,
406,494,403,
394,519,398,
376,451,356,
384,475,393,
383,434,392,
362,457,368,
375,414,390,
372,418,370,
372,411,376,
349,431,347,
360,434,340,
375,420,387,
370,468,387,
373,455,387,
375,425,380,
376,469,378,
374,460,375,
370,468,375,
376,458,373,
384,455,369,
388,464,371,
390,464,372,
393,467,372,
400,469,374,
407,489,373,
409,422,373,
410,428,372,
419,520,372,
447,523,371,
449,540,371,
426,507,371,
430,506,374,
423,510,378,
427,513,380,
427,516,380,
420,518,358,
412,478,347,
414,481,338,
417,481,337,
422,476,354,
423,475,352,
446,475,351,
458,466,354,
431,459,357,
439,450,375,
466,432,361,
412,402,377,
441,397,389,
458,378,387,
472,423,403,
477,460,406,
477,403,408,
483,430,413,
446,334,382,
474,360,351,
480,429,368,
437,446,314,
401,378,330,
432,411,340,
416,393,342,
425,396,342,
444,423,356,
468,440,380,
444,399,356,
475,446,382,
476,441,384,
469,427,377,
471,430,381,
462,436,372,
481,406,386,
479,444,384,
475,464,386,
477,391,388,
485,453,389,
486,460,390,
473,397,393,
446,390,392,
453,425,395,
457,410,393,
480,406,386,
453,405,381,
441,372,365,
452,376,369,
445,375,362,
462,381,374,
