563,399,453,
564,398,453,
564,398,453,
564,398,454,
564,399,453,
564,398,453,
564,398,453,
563,398,453,
564,399,453,
563,398,453,
564,399,453,
563,398,453,
563,398,453,
563,398,453,
561,398,453,
558,399,453,
551,398,453,
537,399,453,
522,399,453,
508,399,453,
494,399,454,
483,398,454,
472,398,453,
465,399,453,
458,398,453,
452,398,453,
446,398,453,
441,398,454,
437,398,453,
434,398,453,
431,398,453,
426,398,453,
423,398,453,
421,398,453,
419,398,453,
416,398,452,
415,398,452,
413,398,452,
410,398,453,
409,399,453,
407,398,452,
407,398,452,
406,398,452,
406,399,451,
404,398,452,
403,398,452,
402,398,452,
402,398,452,
403,398,452,
403,397,452,
403,397,452,
403,397,452,
405,398,452,
406,398,453,
409,398,452,
416,398,453,
424,398,453,
431,398,453,
440,398,453,
452,398,453,
465,398,453,
476,398,453,
485,398,453,
492,399,453,
499,397,453,
505,398,453,
510,397,453,
515,398,453,
519,398,453,
522,398,454,
526,398,454,
530,398,453,
532,398,453,
535,398,454,
537,398,453,
539,398,453,
542,398,453,
544,399,453,
546,399,453,
548,398,454,
550,398,453,
551,398,453,
552,398,453,
553,399,454,
554,399,453,
555,399,453,
555,398,452,
556,399,454,
556,399,454,
557,398,453,
557,399,454,
558,399,454,
558,399,453,
558,399,453,
558,399,453,
559,398,453,
558,398,453,
559,399,453,
559,399,453,
559,399,453,
559,399,453,
560,399,453,
560,399,453,
560,398,453,
560,399,453,
560,399,453,
561,399,453,
560,398,453,
