553,396,461,
557,397,461,
556,400,458,
554,396,462,
556,394,459,
553,402,460,
554,392,459,
552,402,459,
557,391,463,
556,394,457,
551,396,458,
547,393,462,
552,391,463,
549,393,462,
541,402,459,
538,390,460,
535,393,463,
524,399,462,
518,399,459,
515,400,459,
501,397,461,
493,398,459,
486,392,456,
478,395,465,
473,396,456,
467,399,457,
461,394,456,
444,393,463,
437,393,467,
435,400,461,
427,400,460,
420,397,459,
417,396,462,
411,402,462,
406,398,463,
403,396,463,
405,396,458,
397,401,459,
403,398,459,
399,400,462,
399,393,457,
395,395,461,
393,397,466,
392,395,462,
388,400,465,
393,398,466,
390,399,460,
389,405,462,
390,400,458,
385,400,468,
387,394,460,
390,401,462,
386,399,469,
390,395,466,
392,402,463,
387,396,468,
397,401,462,
397,395,463,
398,394,465,
400,393,460,
409,402,465,
419,397,468,
439,404,464,
457,393,464,
467,400,470,
480,404,464,
489,395,461,
495,406,466,
501,404,465,
505,402,463,
512,397,460,
516,392,462,
516,399,468,
522,398,465,
524,395,466,
525,396,468,
531,405,467,
533,403,466,
541,399,460,
540,398,463,
543,398,463,
546,396,465,
548,399,463,
549,402,464,
553,398,462,
550,397,467,
550,396,463,
549,396,469,
555,402,470,
552,403,464,
550,402,472,
555,404,464,
552,405,467,
556,398,460,
551,398,462,
552,397,467,
559,395,467,
553,401,467,
557,396,466,
553,395,469,
555,396,467,
557,397,460,
555,402,465,
557,395,464,
557,403,463,
