564,390,464,
561,398,465,
564,392,461,
561,392,462,
564,392,460,
559,396,465,
561,392,464,
564,398,462,
561,393,465,
562,398,458,
564,391,464,
564,393,461,
558,397,460,
559,392,464,
557,396,461,
545,393,463,
531,396,464,
525,392,461,
507,397,461,
491,391,458,
473,390,464,
464,392,465,
455,395,464,
447,397,464,
440,396,464,
437,397,462,
430,397,460,
425,396,460,
417,397,463,
418,396,458,
415,395,458,
413,392,459,
409,390,462,
406,394,460,
405,390,459,
399,393,466,
399,395,463,
396,397,462,
394,394,463,
394,396,461,
387,395,463,
388,391,462,
390,392,461,
389,393,461,
388,396,461,
396,392,458,
394,394,463,
395,392,462,
394,394,465,
399,397,465,
408,398,461,
416,395,465,
426,394,461,
429,396,464,
442,396,459,
451,399,462,
465,392,460,
472,398,466,
483,393,459,
491,398,461,
495,393,465,
501,393,461,
503,400,464,
509,390,461,
511,397,464,
519,394,462,
521,394,460,
524,398,462,
526,391,462,
533,393,460,
537,396,463,
538,395,465,
543,393,461,
541,398,461,
545,395,463,
548,392,466,
548,393,464,
552,395,462,
555,392,461,
551,395,465,
551,399,464,
556,390,463,
557,393,463,
558,393,465,
557,396,467,
555,397,467,
559,400,464,
557,398,463,
557,400,463,
556,397,466,
556,397,467,
557,395,464,
556,394,463,
558,399,463,
560,397,465,
