550,392,459,
551,396,457,
555,393,455,
551,392,460,
550,395,459,
556,395,458,
551,394,460,
550,397,463,
550,397,459,
555,398,458,
555,395,458,
553,392,460,
550,393,457,
544,392,455,
536,388,457,
521,393,460,
505,391,462,
491,397,460,
480,396,458,
467,397,455,
456,392,453,
444,392,456,
437,393,460,
431,393,460,
427,397,457,
419,398,460,
419,394,454,
410,392,455,
410,391,456,
409,391,457,
403,388,460,
403,394,454,
398,394,460,
401,393,463,
394,393,459,
391,396,459,
395,390,455,
389,394,459,
394,392,451,
386,395,454,
387,390,459,
388,393,456,
383,395,461,
388,388,456,
389,398,459,
393,391,461,
390,392,455,
388,393,454,
391,392,460,
397,388,455,
395,390,457,
398,395,453,
397,389,457,
400,390,456,
404,392,459,
416,394,456,
422,399,458,
423,396,454,
427,392,457,
431,393,460,
435,393,460,
448,394,459,
461,396,460,
470,392,461,
480,398,458,
488,398,460,
499,394,459,
503,392,459,
508,392,458,
513,391,460,
515,397,465,
518,404,464,
525,411,459,
525,416,461,
533,411,457,
534,424,457,
538,409,459,
538,398,459,
538,400,459,
545,413,455,
543,403,461,
547,399,459,
548,398,457,
549,393,457,
550,397,458,
545,400,462,
550,399,460,
548,402,460,
549,396,461,
549,404,461,
549,400,461,
555,404,455,
548,397,462,
556,398,455,
550,402,455,
549,398,459,
553,398,456,
551,404,458,
