553,397,450,
553,397,451,
553,397,450,
553,397,451,
554,397,451,
553,397,451,
553,397,451,
553,396,450,
553,397,451,
553,397,451,
553,397,451,
554,397,451,
552,397,450,
549,397,451,
543,397,451,
530,397,450,
518,397,451,
506,397,450,
495,397,451,
483,397,451,
473,397,452,
464,398,451,
458,398,451,
454,398,451,
447,397,451,
442,397,451,
438,397,451,
434,398,451,
431,397,450,
428,397,451,
424,397,451,
420,397,451,
418,397,450,
416,397,451,
414,399,451,
412,397,450,
411,397,451,
409,397,450,
409,397,450,
407,398,451,
406,397,450,
405,397,450,
403,397,450,
402,397,450,
401,396,450,
400,397,450,
398,397,450,
398,397,450,
398,397,450,
398,397,450,
399,396,450,
400,398,451,
401,398,450,
404,396,450,
407,397,451,
417,396,450,
430,398,451,
445,398,450,
456,397,451,
466,398,451,
476,397,451,
486,397,451,
493,397,451,
500,397,451,
506,397,451,
510,396,451,
514,396,451,
518,396,451,
521,397,451,
525,397,451,
528,397,450,
531,397,451,
535,397,451,
537,398,451,
540,397,451,
541,397,451,
543,397,450,
544,397,451,
545,397,451,
546,397,450,
547,397,450,
548,397,450,
548,397,451,
548,397,450,
549,397,452,
549,397,451,
549,397,450,
550,398,451,
550,398,451,
550,397,451,
550,398,451,
551,398,451,
551,398,451,
551,397,451,
551,397,451,
552,397,451,
