562,397,452,
562,397,453,
563,398,452,
563,398,452,
563,398,452,
562,397,452,
562,397,452,
563,398,453,
562,397,452,
562,398,452,
561,397,452,
560,398,453,
558,398,452,
553,398,452,
542,397,453,
528,396,452,
516,397,452,
503,397,453,
490,397,453,
479,397,452,
471,398,452,
463,396,452,
455,396,452,
450,396,452,
445,397,452,
440,397,452,
437,396,452,
432,396,452,
428,396,452,
425,396,451,
422,396,451,
420,397,451,
417,397,451,
415,397,451,
413,398,451,
410,397,451,
409,397,451,
407,397,451,
406,397,450,
405,397,450,
402,397,450,
403,396,450,
401,396,450,
400,396,450,
400,396,450,
398,396,450,
398,396,450,
397,396,450,
398,397,451,
399,396,450,
401,397,451,
401,397,451,
402,397,450,
405,396,452,
411,396,450,
420,397,451,
427,396,451,
437,397,452,
449,397,452,
464,397,452,
477,396,452,
487,398,452,
497,397,452,
504,396,452,
511,398,452,
516,396,452,
520,397,452,
525,397,453,
528,398,452,
532,397,452,
534,398,452,
538,397,453,
540,397,452,
543,397,452,
545,397,453,
546,397,452,
548,398,452,
550,398,453,
551,397,452,
552,398,453,
553,397,452,
554,398,453,
555,398,453,
555,398,453,
556,397,453,
557,397,453,
558,397,452,
557,398,452,
558,398,453,
558,398,453,
558,397,452,
559,399,452,
559,398,453,
560,397,452,
560,398,453,
560,398,453,
560,398,453,
560,399,453,
561,398,453,
560,398,453,
561,398,452,
561,398,453,
