557,394,457,
556,391,458,
557,391,458,
557,391,457,
557,392,458,
557,390,457,
557,392,458,
557,390,458,
557,391,459,
557,391,458,
556,392,458,
554,391,458,
552,392,458,
549,392,458,
543,393,458,
532,393,457,
521,392,458,
512,391,458,
504,392,458,
496,392,457,
489,392,457,
482,392,457,
478,392,457,
472,391,456,
466,391,456,
462,391,456,
459,391,456,
455,392,457,
451,391,457,
448,390,456,
445,391,456,
442,390,456,
440,390,457,
436,391,456,
434,392,456,
430,391,456,
429,392,455,
425,391,455,
423,391,455,
420,392,456,
419,392,456,
417,391,455,
415,391,455,
414,391,455,
413,390,455,
413,391,454,
411,390,455,
410,390,455,
408,390,455,
407,391,455,
407,390,455,
406,390,455,
406,390,455,
407,390,455,
407,390,457,
408,391,456,
410,391,456,
410,393,456,
414,391,457,
415,390,457,
416,391,458,
420,392,457,
426,391,457,
439,392,457,
448,391,457,
453,391,457,
456,390,456,
462,391,457,
471,390,456,
479,391,457,
486,390,456,
491,391,457,
495,391,457,
499,391,457,
501,390,457,
505,390,457,
508,390,457,
512,391,458,
515,391,457,
519,392,457,
521,391,457,
524,391,457,
527,391,457,
530,391,457,
533,391,458,
535,393,458,
537,391,457,
539,392,457,
542,390,457,
544,392,458,
545,392,457,
546,392,457,
548,393,458,
549,392,458,
551,392,457,
551,393,459,
553,392,458,
553,392,458,
554,391,457,
554,392,458,
554,393,458,
555,393,458,
555,393,458,
556,393,458,
557,393,458,
556,393,458,
557,393,459,
557,393,458,
556,392,458,
558,393,458,
558,392,458,
558,393,459,
558,393,458,
559,393,458,
