563,397,451,
562,397,451,
562,396,451,
563,398,451,
563,397,451,
562,397,451,
562,396,451,
562,397,451,
562,397,451,
562,396,451,
562,397,451,
560,396,451,
558,396,450,
553,396,451,
547,397,451,
537,396,451,
525,396,451,
513,396,451,
502,396,451,
493,396,451,
481,396,451,
471,396,451,
462,395,450,
454,395,450,
448,395,449,
442,395,450,
437,395,450,
431,394,450,
427,395,450,
424,395,450,
420,395,450,
418,394,450,
415,394,449,
412,393,450,
411,395,449,
409,393,449,
407,393,449,
406,394,448,
404,393,449,
403,394,449,
400,394,448,
400,394,449,
398,394,448,
397,393,448,
396,393,449,
394,393,449,
394,394,448,
394,393,449,
396,394,448,
396,393,449,
397,393,448,
400,393,449,
402,393,447,
405,391,446,
409,389,444,
417,389,445,
428,389,445,
439,390,445,
450,391,445,
461,391,446,
470,390,445,
477,389,444,
483,389,442,
488,387,443,
490,385,439,
503,391,447,
492,379,432,
496,379,432,
500,379,432,
506,380,434,
509,381,434,
515,381,435,
517,382,435,
520,382,435,
526,384,439,
530,386,440,
530,384,439,
535,387,441,
535,387,442,
538,387,442,
538,387,441,
537,386,440,
540,387,440,
542,388,442,
542,388,442,
543,388,443,
544,388,443,
547,390,446,
547,391,445,
549,391,446,
548,391,446,
548,390,445,
549,391,446,
550,391,446,
552,393,448,
554,395,449,
555,395,450,
556,395,451,
557,397,451,
557,396,451,
558,396,451,
558,396,451,
558,396,452,
559,397,451,
