563,390,444,
564,389,444,
563,388,444,
563,389,444,
564,388,444,
563,389,444,
564,390,443,
564,391,444,
563,389,445,
563,389,444,
563,389,445,
563,390,445,
562,389,444,
562,389,444,
560,389,444,
557,390,444,
554,389,444,
548,388,445,
540,389,445,
529,389,445,
522,389,445,
515,389,445,
508,389,444,
501,389,444,
495,390,445,
490,389,445,
485,388,444,
479,389,445,
473,388,444,
468,388,445,
464,389,444,
459,388,444,
456,387,445,
453,388,444,
450,388,444,
448,388,445,
444,388,444,
441,388,444,
439,389,445,
436,389,444,
433,389,444,
431,388,444,
429,389,444,
426,387,443,
423,388,444,
421,388,443,
417,389,444,
415,387,443,
411,388,443,
410,388,442,
408,388,443,
406,388,442,
405,387,442,
405,388,442,
404,388,442,
402,388,443,
401,387,442,
400,388,442,
399,388,442,
399,386,442,
397,388,442,
398,387,442,
399,386,443,
399,388,443,
400,387,443,
401,388,443,
402,388,444,
405,388,443,
413,387,443,
423,387,443,
429,387,443,
436,388,444,
443,388,444,
457,389,445,
471,388,445,
482,389,445,
490,389,445,
496,388,445,
503,389,445,
509,390,445,
514,389,444,
517,388,444,
522,389,445,
525,389,444,
528,389,446,
532,389,444,
534,389,445,
536,388,445,
539,390,446,
542,389,446,
544,389,446,
546,389,445,
547,390,445,
550,389,446,
551,389,445,
552,389,445,
553,389,447,
554,389,445,
555,389,445,
556,389,446,
557,390,445,
557,390,445,
557,390,445,
558,391,446,
558,389,445,
558,389,445,
559,390,445,
559,389,444,
560,389,445,
559,391,445,
559,389,445,
560,390,445,
560,389,446,
561,391,445,
560,390,446,
561,390,445,
561,391,446,
