556,389,457,
556,390,457,
557,389,456,
557,390,457,
557,390,456,
556,390,457,
557,391,457,
557,390,458,
557,392,457,
557,391,458,
556,391,458,
556,391,457,
555,391,457,
554,391,457,
552,392,457,
548,390,457,
543,390,458,
535,392,457,
529,393,457,
521,391,457,
513,392,457,
506,391,457,
498,393,457,
493,391,457,
487,391,457,
480,391,457,
473,390,456,
468,390,457,
462,390,457,
457,391,457,
452,390,457,
448,390,456,
445,390,457,
441,391,457,
438,388,456,
434,391,456,
433,390,456,
429,391,456,
427,391,457,
425,391,457,
422,391,457,
420,390,456,
419,389,457,
417,389,456,
416,389,456,
415,390,456,
413,390,456,
413,392,456,
412,392,456,
411,391,456,
411,391,456,
410,390,456,
410,388,456,
409,389,456,
410,389,457,
410,389,457,
411,389,456,
411,388,456,
412,390,457,
413,388,457,
416,388,457,
417,389,457,
420,391,458,
426,390,457,
432,390,458,
436,390,457,
442,390,458,
449,392,458,
457,390,458,
464,390,458,
468,389,459,
475,388,458,
480,388,458,
483,390,458,
486,388,458,
490,390,459,
494,389,459,
499,391,459,
503,390,459,
506,389,459,
509,390,458,
512,388,458,
515,388,457,
518,389,457,
520,387,457,
523,388,457,
525,388,456,
527,388,456,
529,388,456,
531,388,456,
533,388,456,
535,388,456,
537,390,456,
539,389,457,
540,389,456,
541,389,457,
543,388,456,
543,389,457,
544,390,456,
544,391,457,
545,390,457,
546,390,457,
548,390,457,
548,392,457,
548,391,457,
549,390,457,
549,390,458,
550,390,458,
550,391,458,
551,391,459,
550,391,458,
551,391,458,
552,390,458,
552,390,458,
552,393,458,
552,390,458,
552,392,459,
552,391,459,
552,391,459,
