557,401,460,
558,396,458,
557,394,458,
557,395,458,
557,394,460,
557,394,459,
554,393,461,
557,393,458,
554,399,459,
552,397,465,
557,392,458,
552,396,458,
548,398,458,
540,400,463,
528,393,463,
520,394,457,
502,399,463,
492,397,466,
482,398,464,
469,397,464,
465,392,455,
456,397,456,
450,393,458,
444,390,463,
435,393,462,
428,393,460,
430,393,461,
425,400,461,
419,395,465,
415,393,460,
416,396,456,
411,393,464,
409,392,460,
407,396,458,
402,393,460,
402,388,459,
398,397,460,
403,395,456,
398,396,459,
400,392,458,
394,389,459,
390,394,463,
394,395,462,
391,397,462,
393,393,464,
397,400,459,
390,395,460,
391,392,462,
391,392,464,
392,396,466,
397,398,461,
394,395,463,
398,401,459,
396,395,462,
405,396,461,
410,396,462,
421,400,459,
431,394,465,
446,393,462,
459,401,462,
470,399,466,
484,398,461,
489,400,464,
498,398,460,
502,399,463,
505,394,463,
510,392,460,
511,394,464,
519,393,461,
521,400,460,
523,395,464,
531,392,459,
534,397,461,
538,398,461,
541,393,458,
499,360,429,
504,367,433,
517,378,440,
512,378,434,
532,390,450,
507,369,433,
510,370,427,
508,368,422,
509,362,424,
511,363,425,
508,359,424,
503,358,425,
507,359,420,
507,362,417,
510,368,424,
506,366,427,
504,364,424,
509,367,424,
508,363,423,
512,359,422,
509,362,423,
506,359,425,
506,364,424,
506,362,425,
512,359,420,
506,363,429,
509,358,417,
508,358,424,
