549,378,442,
549,379,442,
550,380,443,
551,380,444,
550,380,443,
551,381,444,
551,381,444,
551,380,444,
552,380,444,
551,381,444,
551,382,444,
550,381,445,
545,380,444,
539,381,446,
533,380,445,
526,381,445,
516,381,446,
505,380,446,
494,382,446,
485,381,445,
476,382,446,
467,381,446,
457,381,445,
449,382,445,
442,382,445,
436,381,445,
432,382,445,
429,382,445,
427,383,445,
422,382,445,
422,381,445,
419,381,445,
418,382,445,
414,381,445,
414,380,444,
413,381,444,
413,380,444,
410,380,443,
408,379,442,
405,378,441,
402,376,439,
401,375,437,
401,376,439,
402,377,441,
402,377,439,
401,375,438,
399,377,438,
398,375,438,
398,375,437,
380,357,418,
387,363,423,
381,359,418,
401,375,440,
408,381,446,
409,382,446,
411,381,446,
412,380,445,
414,381,446,
417,381,446,
421,380,447,
425,381,447,
427,382,448,
429,381,448,
432,381,448,
436,381,448,
445,381,448,
453,382,449,
457,381,449,
460,381,448,
460,376,440,
465,374,440,
477,379,445,
485,380,448,
487,378,445,
493,381,447,
497,381,448,
502,381,449,
507,382,449,
510,380,448,
514,382,449,
518,381,448,
520,382,449,
524,384,450,
526,383,449,
529,383,449,
532,383,450,
535,385,450,
536,384,450,
538,388,451,
541,385,450,
542,387,450,
543,387,451,
544,386,451,
546,387,451,
547,388,451,
547,387,451,
548,393,452,
550,389,452,
550,388,452,
551,387,453,
551,387,453,
551,397,454,
552,406,454,
553,389,455,
553,398,455,
554,395,456,
553,392,455,
553,393,456,
555,392,456,
554,393,456,
554,401,456,
555,409,456,
554,399,457,
