562,394,463,
562,395,463,
562,394,463,
562,394,462,
562,394,462,
563,395,463,
562,394,463,
562,396,463,
562,395,463,
562,396,463,
562,395,462,
562,394,463,
562,395,463,
562,395,463,
561,395,463,
560,394,462,
559,394,463,
558,395,463,
554,394,463,
549,393,462,
542,394,463,
536,395,463,
529,394,462,
523,393,462,
517,392,463,
510,393,463,
505,392,462,
498,393,462,
494,393,462,
489,392,462,
484,392,462,
479,392,462,
474,393,462,
470,393,463,
466,394,462,
461,393,462,
457,393,463,
451,395,462,
448,394,462,
443,394,462,
440,392,462,
436,393,462,
432,392,462,
429,393,461,
426,393,462,
423,392,461,
420,392,461,
418,392,461,
417,392,461,
416,392,460,
415,393,461,
414,391,461,
412,392,461,
411,391,461,
410,392,460,
409,392,461,
410,392,461,
409,392,461,
411,393,461,
411,394,461,
413,393,462,
413,393,461,
414,393,462,
416,393,462,
418,394,462,
422,393,463,
424,392,462,
427,393,462,
432,392,462,
439,393,462,
446,393,462,
451,395,463,
453,393,463,
456,394,463,
460,393,462,
468,393,463,
473,393,463,
480,392,462,
484,391,462,
488,390,460,
493,391,460,
499,392,461,
505,393,462,
509,392,462,
513,393,463,
517,394,463,
520,395,463,
524,395,463,
527,394,463,
529,395,463,
532,394,463,
534,395,463,
536,395,462,
538,395,463,
540,395,462,
541,395,462,
543,395,463,
545,395,463,
546,395,463,
548,394,464,
549,396,463,
550,395,463,
551,395,463,
553,394,463,
553,395,463,
554,395,464,
554,396,463,
556,395,463,
556,395,463,
557,394,463,
557,397,463,
558,395,463,
558,394,463,
558,395,463,
559,395,463,
558,395,464,
559,394,463,
558,395,463,
559,394,463,
559,394,463,
559,395,463,
559,394,463,
559,395,463,
560,394,462,
560,394,462,
560,395,462,
560,393,462,
560,392,462,
560,394,462,
561,393,462,
560,393,462,
561,393,462,
560,393,461,
560,394,462,
561,393,462,
560,394,462,
561,393,462,
561,394,462,
560,394,462,
561,393,463,
561,394,462,
561,394,462,
561,394,463,
561,395,463,
561,394,462,
561,393,462,
560,394,462,
560,393,462,
561,395,463,
561,393,462,
561,393,463,
561,395,463,
562,395,462,
562,395,462,
