557,397,469,
560,396,464,
559,397,467,
559,397,467,
559,397,468,
559,394,462,
560,402,464,
559,400,468,
563,397,462,
563,400,464,
562,403,463,
558,404,469,
560,397,463,
558,401,463,
552,397,467,
549,395,465,
538,395,466,
536,394,464,
525,400,464,
516,395,465,
509,400,466,
502,398,464,
492,405,465,
484,402,464,
474,399,466,
466,400,464,
458,400,463,
447,402,467,
442,394,464,
432,399,466,
427,397,465,
427,396,462,
422,403,464,
417,394,463,
417,401,464,
418,399,461,
411,400,464,
411,396,460,
408,397,462,
403,395,465,
404,397,462,
398,392,464,
397,398,465,
392,401,466,
395,400,463,
395,401,461,
396,398,463,
395,399,462,
394,398,464,
394,401,464,
395,396,466,
394,401,469,
399,394,465,
401,393,467,
411,397,461,
414,400,468,
422,395,463,
430,403,462,
435,399,465,
449,400,463,
456,400,466,
475,401,461,
484,399,466,
495,394,462,
504,399,461,
507,392,467,
515,398,461,
510,396,468,
518,395,464,
520,401,464,
522,396,465,
526,396,466,
525,398,467,
532,402,462,
534,399,461,
538,396,462,
538,392,460,
540,393,463,
541,398,460,
544,394,459,
543,393,460,
542,394,464,
547,393,468,
544,391,464,
545,392,464,
548,388,459,
551,392,457,
551,398,460,
550,394,462,
552,394,464,
552,393,462,
553,392,463,
555,396,457,
551,394,459,
555,393,461,
554,391,463,
552,391,460,
