563,391,447,
564,392,447,
563,392,447,
564,392,447,
563,392,448,
564,393,447,
563,392,448,
563,393,448,
564,393,447,
563,392,448,
563,392,447,
563,393,448,
563,392,448,
563,392,448,
563,392,447,
562,393,448,
563,393,448,
562,392,447,
560,392,447,
558,392,448,
553,393,448,
543,392,448,
532,392,448,
520,393,447,
507,391,447,
497,390,448,
489,391,447,
482,391,448,
475,392,448,
470,391,447,
465,390,447,
460,391,448,
455,390,447,
451,391,447,
447,390,447,
444,391,447,
441,391,447,
438,390,447,
435,391,447,
433,391,447,
431,391,447,
428,390,446,
426,391,447,
425,390,446,
422,390,446,
420,390,446,
419,390,447,
416,390,447,
415,392,446,
414,391,447,
412,392,447,
412,391,446,
412,391,446,
411,391,446,
409,391,446,
408,390,445,
408,391,445,
407,390,445,
406,390,445,
407,390,446,
405,390,446,
405,391,446,
406,391,446,
406,390,446,
407,391,446,
409,391,447,
410,391,446,
413,391,447,
421,391,447,
425,391,447,
429,390,447,
434,391,447,
442,392,447,
452,391,447,
462,392,447,
464,392,448,
469,391,448,
476,392,448,
483,391,448,
491,391,448,
497,391,448,
502,392,448,
507,391,448,
511,391,448,
515,392,448,
518,391,448,
521,391,448,
525,391,448,
528,392,448,
530,391,448,
534,393,449,
536,392,448,
538,392,448,
542,394,448,
544,392,448,
546,393,448,
547,392,448,
548,392,448,
550,392,449,
551,393,448,
552,392,448,
553,392,448,
553,392,448,
554,392,448,
555,393,449,
556,393,448,
556,393,448,
557,393,448,
557,393,448,
557,392,448,
558,393,448,
558,393,448,
558,392,448,
558,393,448,
558,393,448,
559,393,448,
