498,441,482,
498,442,482,
498,442,481,
498,442,480,
498,441,479,
498,442,478,
498,442,477,
498,442,474,
498,441,476,
498,441,475,
498,442,474,
498,442,474,
498,441,474,
498,442,474,
498,442,473,
498,442,472,
498,441,472,
498,441,472,
498,441,471,
498,441,471,
498,441,471,
497,441,471,
496,439,471,
495,438,471,
494,437,471,
490,435,470,
485,433,471,
479,429,472,
473,425,471,
467,421,472,
459,418,472,
454,415,472,
449,412,473,
444,408,477,
440,404,472,
437,398,466,
434,397,457,
432,397,458,
430,395,461,
429,396,459,
429,395,475,
429,395,470,
430,395,466,
430,394,463,
433,394,461,
434,394,461,
438,396,460,
441,397,459,
446,398,459,
450,400,459,
453,403,459,
458,407,459,
462,413,450,
468,416,459,
473,419,459,
479,425,459,
483,429,459,
484,430,459,
485,431,459,
486,433,459,
488,433,460,
489,434,460,
490,435,460,
490,435,460,
491,435,460,
491,435,460,
491,435,460,
492,435,460,
492,435,461,
492,435,460,
492,435,460,
492,435,461,
492,435,461,
492,435,461,
492,435,460,
493,435,461,
492,436,461,
493,435,461,
493,435,461,
493,436,461,
493,436,461,
493,436,461,
493,437,461,
492,438,461,
492,437,461,
490,438,461,
489,438,461,
486,439,461,
481,442,461,
476,445,460,
470,447,454,
463,451,455,
457,455,453,
450,461,452,
446,467,451,
442,471,453,
440,475,452,
437,478,460,
435,480,461,
433,482,461,
433,483,454,
433,485,451,
433,486,451,
432,486,451,
433,487,451,
433,488,451,
432,488,451,
431,488,450,
432,488,450,
432,489,451,
432,489,451,
432,489,450,
432,490,451,
432,489,450,
433,490,450,
432,490,451,
433,490,451,
433,490,450,
433,490,450,
434,490,450,
434,490,451,
434,490,451,
434,490,450,
434,490,450,
434,490,451,
435,490,450,
