497,441,455,
497,441,455,
496,441,455,
496,441,455,
496,441,455,
497,441,455,
496,441,454,
496,441,455,
496,441,455,
496,441,455,
496,441,455,
496,440,455,
496,440,454,
496,440,454,
495,439,454,
494,439,455,
493,437,455,
490,435,454,
486,432,455,
480,431,455,
473,427,455,
468,424,455,
461,419,455,
454,416,454,
449,411,454,
445,409,453,
441,406,453,
439,402,453,
436,399,452,
434,396,451,
433,395,450,
431,394,449,
429,394,449,
427,393,448,
425,391,446,
423,390,443,
421,386,439,
407,374,424,
404,370,420,
397,364,412,
395,361,408,
412,376,424,
418,378,427,
419,379,428,
420,379,426,
423,378,427,
428,381,428,
431,383,426,
438,389,428,
443,392,430,
444,393,429,
447,398,430,
449,403,427,
453,406,428,
458,410,431,
461,414,433,
460,414,432,
456,411,428,
432,391,405,
431,388,404,
432,389,403,
432,389,402,
432,389,403,
432,388,402,
433,389,402,
433,388,402,
432,388,403,
432,388,402,
433,389,402,
433,388,402,
433,389,403,
433,388,402,
432,388,403,
433,388,402,
432,388,402,
433,388,403,
433,388,402,
433,389,402,
432,389,402,
431,389,403,
430,391,402,
427,393,402,
424,395,396,
419,399,384,
414,402,385,
408,407,387,
400,412,399,
397,418,389,
392,422,379,
389,425,395,
387,428,374,
386,430,378,
384,431,375,
384,432,395,
383,433,393,
383,434,395,
383,434,396,
383,434,395,
383,436,396,
383,436,396,
383,436,396,
384,436,396,
384,437,396,
383,436,396,
384,437,396,
384,437,396,
384,437,396,
384,437,396,
384,437,397,
385,438,397,
385,437,397,
385,437,397,
386,437,397,
385,437,397,
386,437,397,
386,437,398,
