530,474,468,
530,474,468,
530,474,468,
530,473,467,
531,474,466,
530,473,465,
530,473,465,
531,473,464,
530,474,463,
530,473,462,
530,473,462,
530,473,461,
530,472,460,
530,470,460,
528,468,459,
525,468,459,
520,470,459,
513,461,459,
505,458,459,
495,454,458,
485,450,458,
475,444,457,
465,444,457,
456,438,457,
448,429,456,
441,420,455,
436,414,454,
431,408,453,
426,405,452,
422,399,450,
421,395,448,
421,395,449,
418,395,445,
416,393,444,
414,392,447,
413,392,446,
413,391,448,
414,392,449,
415,392,449,
416,392,449,
417,393,448,
420,393,448,
424,394,447,
432,396,448,
442,397,448,
453,400,448,
463,406,448,
471,416,447,
478,423,446,
484,428,445,
489,430,445,
494,434,445,
497,439,444,
501,447,444,
505,452,445,
509,457,445,
512,461,446,
516,467,448,
518,469,449,
520,471,450,
522,472,450,
524,473,450,
524,474,450,
524,473,450,
524,473,450,
524,474,450,
525,473,450,
525,473,450,
525,473,450,
526,473,450,
526,472,450,
526,472,451,
526,472,450,
526,472,450,
527,471,450,
527,470,451,
527,470,450,
527,470,451,
527,470,451,
527,470,451,
527,470,451,
528,469,451,
527,469,451,
526,468,451,
523,470,451,
517,469,452,
509,470,452,
499,470,452,
489,471,451,
481,472,452,
474,475,452,
466,475,453,
460,477,452,
453,479,453,
448,481,453,
443,483,453,
440,485,452,
437,488,452,
435,490,451,
433,492,451,
431,494,452,
431,495,453,
431,497,451,
432,498,450,
432,499,450,
430,500,450,
431,501,450,
431,501,451,
432,502,452,
432,502,452,
432,502,451,
433,503,451,
434,503,451,
434,503,452,
434,503,453,
433,503,453,
434,504,453,
434,504,452,
434,504,453,
434,504,453,
434,504,453,
435,504,453,
435,504,453,
435,504,453,
434,504,453,
435,504,453,
435,504,454,
436,504,453,
435,504,454,
435,504,453,
435,504,454,
