513,339,406,
514,340,406,
514,341,402,
514,339,399,
514,340,398,
515,342,398,
515,341,398,
515,340,398,
515,343,398,
515,342,398,
515,342,397,
516,342,398,
516,342,397,
516,342,399,
516,343,397,
516,343,397,
516,344,397,
516,344,396,
516,344,397,
516,344,396,
515,343,396,
515,342,396,
514,346,404,
519,347,390,
505,341,386,
496,342,391,
481,343,402,
460,343,410,
468,341,406,
459,340,406,
425,341,389,
414,340,412,
403,342,416,
392,342,378,
381,341,358,
374,338,373,
368,336,345,
364,338,386,
360,336,390,
358,337,394,
354,358,377,
353,408,406,
352,375,315,
351,356,345,
351,451,348,
351,337,374,
355,338,393,
356,398,400,
359,400,405,
366,443,407,
368,403,415,
375,396,377,
385,410,370,
393,408,375,
406,367,434,
423,346,414,
436,349,451,
446,406,520,
457,351,488,
465,359,399,
472,370,493,
477,364,351,
481,365,384,
485,370,377,
488,354,359,
493,351,359,
493,348,393,
498,347,340,
498,351,389,
502,354,387,
503,355,386,
505,349,385,
504,346,394,
506,346,393,
509,347,389,
531,347,352,
549,349,390,
519,349,390,
554,351,390,
553,350,388,
541,351,389,
536,351,386,
539,351,390,
538,352,391,
545,352,380,
534,352,360,
549,352,385,
491,349,407,
487,350,480,
482,351,476,
478,352,432,
475,354,490,
474,357,448,
487,358,434,
477,362,459,
474,369,481,
473,374,482,
472,378,424,
472,384,391,
470,388,428,
469,397,411,
468,403,388,
467,415,386,
466,404,397,
463,402,417,
461,405,485,
458,406,476,
456,411,455,
453,413,498,
452,418,390,
447,422,382,
446,424,478,
444,430,407,
442,434,372,
440,437,422,
439,440,399,
438,441,406,
437,443,355,
435,442,394,
434,445,350,
433,446,365,
432,446,386,
433,447,299,
432,448,354,
432,447,361,
430,447,388,
431,447,384,
431,447,395,
429,447,393,
430,447,394,
429,448,395,
429,448,378,
430,448,406,
431,448,402,
430,448,384,
430,449,376,
431,449,379,
431,449,363,
430,447,392,
431,447,365,
431,448,366,
