473,313,362,
473,312,363,
473,313,362,
473,314,362,
473,313,363,
474,313,364,
474,314,363,
474,315,363,
468,311,356,
477,317,364,
477,319,365,
477,316,366,
478,318,364,
478,319,365,
478,318,365,
477,319,367,
477,318,365,
474,319,366,
470,319,366,
459,319,365,
438,313,361,
420,316,365,
402,318,364,
389,316,365,
374,316,363,
360,312,360,
343,307,357,
337,307,343,
333,308,354,
325,304,352,
317,296,350,
325,307,358,
325,307,359,
322,302,355,
324,305,317,
328,306,355,
329,309,358,
330,309,355,
335,311,320,
338,311,319,
348,312,317,
355,315,318,
367,314,320,
379,319,324,
393,315,355,
405,318,372,
418,321,318,
426,320,389,
435,322,385,
441,323,379,
446,323,388,
450,322,387,
453,324,365,
458,322,377,
462,364,384,
462,324,379,
466,323,373,
469,324,354,
470,326,373,
470,326,371,
475,325,356,
472,325,368,
473,325,365,
475,325,343,
475,326,347,
475,324,364,
476,326,363,
478,327,320,
479,331,301,
480,331,319,
482,332,331,
477,332,362,
476,335,301,
469,338,324,
462,337,369,
458,338,353,
453,340,362,
451,338,365,
448,338,350,
443,339,360,
445,339,360,
472,361,380,
458,360,370,
457,429,372,
457,375,367,
451,373,366,
456,380,368,
448,382,367,
444,382,365,
439,387,364,
431,395,354,
425,398,361,
441,422,367,
438,421,333,
432,421,315,
435,425,313,
411,410,350,
401,399,341,
418,418,316,
417,420,363,
416,420,361,
409,416,294,
407,411,319,
417,418,312,
405,411,345,
400,407,352,
403,412,347,
400,405,349,
411,420,361,
406,414,359,
424,435,371,
423,433,376,
418,428,373,
421,431,374,
