469,311,363,
470,311,363,
472,314,363,
472,312,364,
471,312,363,
471,312,364,
467,309,359,
457,304,353,
458,310,361,
476,314,367,
477,316,367,
475,315,366,
473,314,362,
471,313,363,
468,311,360,
460,307,353,
447,300,342,
461,310,350,
439,303,300,
409,300,293,
386,300,265,
368,304,300,
352,301,337,
332,294,361,
333,300,354,
329,301,354,
333,302,352,
376,302,329,
324,291,326,
335,313,336,
345,393,332,
318,378,322,
299,368,326,
340,423,371,
348,428,367,
356,452,365,
365,411,367,
379,438,366,
392,337,361,
404,344,359,
421,344,365,
437,347,384,
450,348,386,
458,342,386,
466,364,384,
469,348,379,
414,313,328,
433,323,344,
436,328,340,
441,339,344,
439,362,343,
438,309,336,
442,349,343,
449,337,335,
462,388,356,
469,402,345,
467,355,344,
467,346,350,
467,342,351,
471,345,357,
466,345,355,
475,344,358,
487,356,369,
490,367,376,
492,364,380,
494,355,379,
494,372,367,
493,377,341,
490,378,377,
490,383,363,
487,417,366,
482,404,365,
480,418,353,
476,400,368,
470,398,369,
458,414,368,
447,464,367,
433,398,301,
407,376,317,
423,448,382,
404,441,336,
404,447,309,
400,400,374,
406,406,363,
404,409,380,
406,411,392,
408,414,392,
403,411,381,
403,410,322,
408,415,352,
398,405,379,
387,393,343,
377,383,334,
372,379,331,
