480,398,376,
480,399,376,
479,381,375,
479,381,376,
479,382,377,
479,382,377,
479,382,379,
479,382,378,
479,382,377,
479,383,377,
479,383,377,
480,382,378,
480,381,378,
480,385,377,
480,352,377,
480,376,378,
481,404,379,
479,380,379,
468,341,376,
457,408,378,
440,369,378,
422,372,378,
405,381,382,
387,324,313,
369,374,340,
355,338,382,
347,322,334,
337,333,379,
334,417,375,
334,386,374,
332,322,368,
335,359,372,
336,323,373,
339,359,373,
340,352,372,
342,356,372,
343,358,375,
346,358,374,
353,356,374,
360,351,375,
368,342,376,
379,394,377,
391,349,376,
405,430,375,
417,385,365,
424,377,375,
432,358,377,
440,331,375,
450,333,427,
456,338,374,
460,373,386,
466,333,394,
467,332,391,
472,398,348,
471,352,296,
460,344,352,
456,314,348,
455,336,311,
461,333,329,
463,336,318,
462,334,325,
464,336,337,
466,337,309,
468,339,327,
471,341,322,
470,341,355,
472,343,330,
473,344,312,
474,345,313,
474,346,303,
473,348,358,
468,348,323,
463,346,357,
459,349,363,
456,333,368,
459,347,296,
458,343,341,
456,344,362,
457,345,322,
457,366,339,
455,352,361,
455,353,342,
456,358,336,
458,367,268,
456,373,328,
450,374,363,
450,427,268,
435,426,311,
433,415,322,
436,409,352,
428,417,321,
419,398,321,
416,398,381,
450,434,364,
444,432,400,
455,442,383,
450,438,423,
439,430,420,
448,444,395,
452,449,429,
454,452,428,
453,452,416,
452,451,374,
446,444,391,
446,444,426,
