514,340,405,
514,342,408,
514,341,408,
514,342,409,
514,343,409,
514,344,410,
514,343,409,
515,342,409,
515,343,409,
515,345,410,
515,344,411,
515,344,410,
515,343,411,
515,344,409,
515,345,405,
515,345,399,
516,344,399,
516,345,400,
516,345,399,
516,345,400,
516,345,404,
516,346,406,
516,346,409,
515,347,410,
511,346,414,
502,346,420,
484,345,418,
463,345,422,
444,344,421,
428,346,364,
417,343,389,
406,341,381,
396,342,334,
384,340,354,
377,339,371,
368,336,383,
362,335,388,
354,335,366,
351,335,387,
349,332,375,
348,331,363,
345,335,368,
346,333,344,
344,335,371,
344,334,372,
347,335,375,
348,336,377,
349,338,358,
351,337,328,
356,339,366,
360,339,338,
369,345,338,
374,343,347,
381,345,366,
395,344,370,
407,345,356,
421,347,369,
435,345,363,
445,346,412,
454,345,400,
462,346,394,
470,346,387,
477,348,355,
482,346,332,
486,345,368,
489,347,386,
493,347,387,
496,349,340,
498,348,365,
500,349,409,
501,349,396,
502,348,410,
503,349,396,
504,349,401,
505,349,360,
505,349,379,
506,349,357,
507,351,377,
507,350,375,
508,350,377,
508,349,379,
509,350,390,
509,351,384,
509,349,393,
510,350,382,
510,351,358,
510,350,314,
511,352,346,
511,353,333,
511,354,412,
510,355,407,
509,356,390,
507,358,388,
505,361,352,
504,360,355,
503,362,369,
501,365,392,
500,367,354,
499,369,393,
499,372,409,
500,379,399,
499,389,401,
499,396,413,
496,403,410,
492,406,392,
489,413,404,
485,414,374,
480,418,381,
474,422,416,
467,424,385,
461,428,405,
457,433,423,
454,434,363,
452,436,413,
450,439,420,
448,442,419,
447,443,424,
446,443,422,
446,446,425,
446,448,426,
445,450,426,
446,450,426,
447,451,427,
447,452,427,
448,452,385,
448,451,427,
450,451,368,
450,450,384,
450,450,418,
451,450,403,
451,450,426,
