475,380,364,
476,385,364,
476,384,363,
476,394,364,
476,396,363,
476,397,363,
476,379,364,
475,346,364,
476,337,362,
476,336,364,
476,334,365,
477,333,365,
476,331,365,
476,330,365,
477,321,368,
476,320,383,
475,336,388,
470,340,378,
461,358,393,
446,360,370,
427,395,380,
406,393,379,
394,328,386,
376,336,335,
362,356,390,
352,340,388,
345,329,388,
345,331,384,
344,332,388,
343,332,387,
342,326,388,
345,325,387,
346,327,388,
348,328,388,
350,327,388,
353,331,390,
360,333,390,
366,335,394,
377,335,392,
387,338,392,
400,346,393,
414,349,391,
429,344,393,
441,343,393,
451,345,393,
461,349,394,
469,345,352,
475,358,340,
477,341,340,
479,342,394,
484,343,470,
486,430,438,
487,392,435,
489,392,430,
491,345,443,
493,342,436,
495,367,445,
496,370,432,
496,364,446,
497,365,429,
498,358,426,
498,355,428,
498,356,444,
499,356,418,
499,359,421,
500,361,438,
500,361,428,
499,360,454,
502,364,457,
502,363,440,
502,364,399,
505,367,349,
502,368,365,
500,369,360,
496,369,410,
490,367,419,
485,368,364,
482,373,336,
482,420,335,
478,368,355,
481,447,341,
479,435,369,
475,392,365,
471,387,364,
470,389,362,
464,393,369,
462,412,318,
451,404,351,
444,406,374,
439,409,350,
433,413,342,
429,414,365,
426,417,354,
422,413,311,
417,416,354,
417,418,358,
414,410,344,
413,414,378,
410,407,373,
400,401,363,
399,401,350,
398,401,363,
397,401,341,
399,401,326,
399,403,333,
399,402,307,
