466,305,382,
466,305,385,
467,305,384,
466,306,384,
465,305,382,
466,306,384,
469,308,386,
470,309,386,
472,311,387,
477,315,392,
475,313,390,
477,315,392,
479,316,393,
479,316,395,
479,317,394,
478,317,394,
479,315,395,
479,317,395,
477,316,392,
477,316,393,
474,316,392,
469,314,393,
466,315,393,
440,315,390,
418,309,383,
399,306,383,
381,309,420,
362,303,403,
359,316,357,
352,315,350,
348,319,389,
349,324,403,
350,331,469,
349,332,464,
344,332,459,
340,334,423,
340,337,429,
336,336,421,
337,341,427,
342,383,413,
351,359,429,
352,343,422,
346,359,427,
354,368,425,
367,362,424,
356,362,428,
362,359,430,
370,340,422,
377,341,417,
388,341,415,
401,341,462,
413,342,467,
425,342,439,
434,343,396,
440,343,380,
450,343,422,
457,344,403,
465,344,427,
472,344,415,
482,344,418,
481,344,365,
482,342,390,
485,344,396,
487,343,390,
489,343,393,
490,344,410,
492,346,361,
493,344,374,
494,345,372,
495,345,419,
495,345,420,
496,344,420,
497,344,408,
497,346,406,
498,348,407,
498,347,410,
498,347,417,
499,348,408,
495,350,419,
493,352,423,
489,353,425,
485,355,378,
481,355,458,
478,356,480,
477,359,481,
476,362,480,
476,368,465,
476,373,466,
475,381,430,
477,386,483,
477,392,476,
478,395,482,
476,400,463,
476,405,463,
475,410,470,
475,416,477,
474,420,463,
475,426,463,
476,431,458,
476,437,464,
477,440,473,
477,442,495,
478,446,446,
478,449,449,
478,451,471,
479,453,479,
479,454,454,
479,455,479,
479,456,451,
480,456,458,
480,457,450,
479,457,465,
480,458,462,
480,458,447,
480,459,393,
480,459,467,
480,459,451,
480,460,454,
480,461,453,
480,462,457,
481,462,472,
