482,390,397,
482,394,388,
482,381,391,
482,382,379,
482,380,378,
482,381,368,
481,383,366,
482,382,356,
481,385,353,
481,370,350,
481,355,351,
481,365,351,
482,386,350,
481,373,353,
481,354,352,
481,367,352,
482,397,350,
483,416,346,
482,395,345,
483,391,344,
482,390,350,
481,378,341,
478,381,338,
469,356,366,
455,393,349,
433,374,365,
412,381,370,
415,395,330,
379,382,335,
372,332,333,
352,323,374,
340,321,339,
334,380,341,
329,372,376,
323,348,378,
322,381,367,
322,323,325,
321,340,351,
322,326,324,
323,340,330,
326,355,334,
327,359,344,
328,365,324,
329,368,336,
332,366,394,
339,371,402,
345,379,395,
351,355,399,
362,336,397,
375,333,397,
388,327,400,
402,326,411,
413,328,411,
422,326,395,
431,327,359,
436,325,409,
443,325,409,
449,327,408,
453,329,410,
456,331,409,
460,326,405,
464,327,367,
465,340,399,
468,384,397,
469,383,402,
470,343,398,
471,334,393,
472,334,394,
473,360,393,
473,344,393,
473,368,394,
473,352,394,
473,361,393,
474,362,395,
474,366,393,
474,363,395,
475,367,388,
475,368,399,
476,367,410,
476,368,414,
475,368,413,
476,370,336,
473,366,372,
472,354,301,
470,371,325,
469,367,357,
468,383,368,
464,352,358,
463,389,314,
463,394,373,
459,458,376,
456,378,325,
454,411,335,
451,445,368,
447,422,335,
439,434,362,
455,462,344,
448,424,391,
422,414,365,
421,415,356,
418,416,380,
416,416,392,
414,415,350,
415,418,413,
413,420,389,
415,423,389,
413,422,347,
412,421,387,
411,422,375,
412,423,391,
412,423,347,
412,422,378,
410,423,377,
