507,337,404,
508,336,404,
508,336,402,
508,338,402,
508,337,402,
508,338,403,
509,339,401,
509,339,401,
509,340,402,
509,341,401,
510,342,402,
510,341,403,
510,340,402,
510,341,402,
510,342,403,
511,342,403,
511,342,403,
511,342,402,
511,344,403,
512,343,403,
512,343,403,
512,343,403,
512,345,403,
511,343,401,
510,342,403,
508,340,403,
505,340,401,
498,341,403,
488,341,396,
481,340,411,
461,340,411,
474,342,400,
430,341,408,
419,341,496,
408,338,472,
397,338,498,
385,336,443,
374,333,425,
366,331,364,
359,329,389,
355,329,411,
352,338,356,
349,333,404,
348,331,391,
345,326,394,
345,327,402,
345,330,400,
346,328,401,
347,331,401,
348,338,402,
351,395,405,
353,335,406,
355,332,401,
361,334,406,
369,334,404,
382,336,397,
397,339,457,
411,346,509,
424,340,511,
436,338,424,
446,339,498,
452,340,404,
459,338,416,
465,338,429,
471,340,435,
475,340,419,
478,340,456,
483,340,478,
484,340,444,
486,339,504,
489,338,475,
489,339,425,
490,339,429,
491,339,454,
493,339,455,
494,340,464,
494,339,464,
496,339,476,
496,341,469,
497,340,471,
497,341,465,
497,342,477,
497,342,460,
498,344,444,
498,345,442,
499,345,471,
499,346,480,
500,347,453,
500,349,445,
500,351,439,
499,351,459,
498,352,477,
496,352,461,
493,351,347,
489,351,490,
487,355,480,
481,355,461,
473,360,413,
471,364,411,
469,369,416,
466,375,416,
457,378,414,
453,382,412,
451,385,412,
448,388,415,
446,390,414,
444,395,415,
442,399,414,
439,403,413,
437,408,413,
435,413,388,
435,416,376,
434,419,414,
433,423,413,
435,426,364,
432,428,414,
433,431,305,
434,433,371,
433,436,384,
432,437,398,
433,440,376,
433,441,377,
436,443,342,
434,445,343,
432,446,401,
432,448,386,
432,451,371,
432,452,336,
433,450,372,
432,450,385,
432,449,387,
433,451,340,
432,450,392,
432,450,390,
432,451,385,
432,451,384,
433,452,368,
433,452,366,
