480,323,374,
480,322,374,
480,323,374,
480,322,375,
480,323,374,
479,323,373,
480,322,374,
480,322,373,
486,327,377,
487,328,378,
485,327,378,
484,327,378,
492,330,382,
493,332,381,
492,330,382,
493,331,383,
481,324,374,
480,324,372,
481,324,375,
481,325,374,
481,325,373,
481,326,374,
481,327,373,
479,327,374,
477,327,374,
471,324,373,
461,327,371,
443,324,365,
423,324,371,
406,325,369,
387,324,369,
375,324,324,
360,325,364,
349,318,359,
338,318,345,
331,314,346,
329,317,358,
326,319,346,
323,318,365,
323,325,306,
323,320,340,
325,321,303,
326,320,296,
329,322,309,
332,321,320,
336,324,302,
341,324,302,
347,325,314,
355,331,342,
366,358,303,
377,388,332,
391,377,328,
403,347,338,
414,325,321,
422,324,346,
432,327,309,
440,325,345,
444,330,378,
450,340,314,
453,339,344,
456,362,371,
459,328,371,
462,327,333,
463,333,340,
464,334,378,
465,347,378,
468,335,329,
468,350,383,
470,374,371,
470,356,380,
471,364,383,
471,350,382,
472,343,368,
471,351,382,
472,352,379,
473,354,378,
473,354,378,
474,355,374,
474,358,376,
474,357,371,
476,360,361,
475,359,361,
475,363,362,
475,366,394,
477,366,377,
475,366,390,
474,359,368,
471,359,400,
469,357,394,
468,345,351,
464,359,371,
460,359,368,
458,363,358,
455,364,347,
451,367,365,
448,370,366,
446,377,357,
442,401,371,
439,407,370,
434,389,371,
430,406,370,
429,450,368,
438,453,359,
429,447,354,
425,439,366,
424,435,345,
414,458,357,
413,467,296,
413,435,287,
413,428,371,
413,425,304,
412,421,314,
411,420,342,
411,422,374,
412,422,375,
412,423,375,
412,422,375,
413,421,375,
412,422,375,
412,422,376,
412,422,376,
412,422,374,
413,422,375,
