525,396,470,
525,395,474,
525,397,418,
525,397,409,
525,397,406,
525,396,405,
526,397,407,
526,397,408,
526,398,415,
526,399,430,
526,398,449,
525,398,420,
525,399,424,
525,400,414,
525,400,425,
524,399,417,
523,399,455,
521,397,459,
516,398,454,
502,396,489,
478,395,482,
447,394,455,
419,383,454,
398,372,383,
383,385,441,
368,395,408,
364,473,527,
349,399,489,
343,385,470,
332,369,363,
326,366,356,
325,313,351,
320,308,373,
327,313,375,
323,335,403,
323,382,378,
320,365,368,
320,439,362,
321,397,361,
332,328,417,
338,329,447,
346,329,432,
351,329,392,
365,329,382,
395,445,371,
388,333,366,
384,323,364,
407,375,364,
414,372,361,
414,386,361,
420,345,374,
424,316,373,
419,316,367,
435,320,383,
437,322,385,
442,358,401,
447,362,413,
450,320,382,
454,324,456,
457,325,379,
459,327,386,
461,327,426,
464,326,438,
465,325,422,
467,330,502,
469,325,402,
469,325,441,
470,326,399,
473,327,431,
476,330,446,
472,366,413,
472,332,385,
474,331,392,
478,339,460,
480,353,423,
487,350,417,
484,352,407,
489,354,411,
485,368,423,
484,363,427,
486,382,438,
483,379,481,
485,377,511,
479,347,484,
481,343,487,
482,347,461,
483,348,448,
483,352,526,
482,352,502,
480,355,378,
477,358,416,
473,367,411,
472,382,462,
470,419,480,
472,429,481,
467,407,472,
464,385,512,
462,386,483,
462,390,493,
458,406,395,
456,399,409,
455,427,392,
453,400,426,
450,400,387,
448,409,388,
447,416,390,
446,421,389,
445,391,389,
443,409,389,
441,431,388,
440,431,388,
441,435,367,
440,439,376,
440,442,389,
440,448,377,
439,448,386,
439,457,390,
438,456,377,
438,454,389,
439,463,390,
439,464,389,
438,459,390,
438,459,390,
439,456,371,
439,459,390,
440,459,390,
440,458,390,
439,459,390,
440,462,391,
440,463,392,
440,463,392,
439,463,392,
438,462,393,
439,463,392,
439,464,393,
440,464,392,
440,464,392,
440,465,392,
441,465,392,
441,465,392,
441,465,393,
