484,284,380,
483,284,377,
483,285,376,
483,285,377,
485,287,378,
484,286,376,
485,288,378,
485,287,378,
466,277,364,
495,293,386,
501,296,390,
500,296,390,
457,268,365,
462,273,361,
512,302,401,
508,298,400,
516,306,406,
513,304,404,
507,305,404,
498,302,401,
490,288,404,
466,316,401,
428,326,400,
402,328,407,
383,325,407,
364,332,405,
352,326,387,
343,316,398,
337,298,394,
335,299,407,
328,296,396,
324,300,398,
307,282,377,
303,276,365,
304,282,360,
310,283,365,
313,285,367,
314,285,359,
314,285,357,
318,282,361,
325,290,373,
329,287,371,
336,287,371,
344,284,373,
359,288,381,
371,291,383,
389,288,384,
405,291,384,
421,295,381,
435,296,367,
444,298,369,
452,298,371,
457,299,387,
474,298,394,
466,302,378,
475,305,391,
472,305,386,
478,307,366,
482,307,394,
481,311,343,
481,309,388,
481,308,383,
483,313,376,
485,311,377,
495,314,388,
495,314,376,
498,316,391,
495,314,379,
489,316,398,
487,317,387,
485,321,389,
482,321,358,
479,311,364,
477,314,385,
476,329,401,
476,328,403,
477,338,399,
479,372,396,
482,380,387,
480,370,403,
479,375,355,
476,385,375,
470,367,379,
468,395,397,
460,400,392,
453,403,403,
445,407,397,
440,409,441,
439,413,362,
437,417,362,
436,418,448,
435,420,426,
435,420,435,
435,420,439,
435,420,457,
435,421,466,
435,423,484,
436,421,485,
437,430,423,
437,430,441,
438,430,467,
438,431,436,
439,431,496,
439,431,487,
439,431,478,
439,431,482,
439,431,475,
440,432,475,
440,432,473,
440,432,473,
440,433,446,
