461,308,361,
461,308,360,
461,308,361,
461,308,358,
461,309,350,
461,309,348,
461,308,349,
462,309,350,
462,309,352,
461,308,356,
461,310,383,
456,310,393,
442,310,379,
412,308,401,
376,309,399,
353,308,319,
336,310,393,
328,303,414,
322,301,403,
315,304,373,
313,334,388,
315,318,361,
317,322,324,
320,322,327,
326,332,320,
330,331,364,
330,334,365,
334,332,348,
336,334,323,
340,334,365,
352,335,370,
350,332,368,
355,336,369,
364,336,370,
377,355,369,
389,442,370,
403,348,372,
417,378,372,
425,340,370,
435,345,373,
442,340,326,
450,346,338,
456,350,390,
462,347,409,
468,374,419,
469,362,373,
473,348,429,
474,343,407,
477,337,426,
479,331,411,
480,339,400,
482,334,392,
487,335,390,
484,335,386,
484,337,385,
485,339,379,
486,343,373,
486,341,388,
487,341,389,
488,342,384,
488,342,384,
488,339,398,
488,336,405,
489,337,410,
488,342,411,
485,350,367,
477,352,350,
468,352,435,
459,341,420,
457,350,372,
454,373,384,
453,366,368,
455,382,348,
453,385,360,
453,382,294,
448,394,363,
443,394,364,
438,398,367,
433,410,362,
428,414,371,
425,415,374,
423,442,376,
423,464,332,
422,440,347,
424,434,310,
420,423,316,
418,421,350,
418,420,378,
438,445,396,
443,451,373,
444,451,405,
444,451,374,
445,453,408,
445,454,409,
445,455,408,
