514,370,460,
515,369,507,
515,360,509,
515,355,507,
515,351,479,
515,350,486,
515,349,508,
515,349,520,
515,349,519,
515,350,516,
516,349,517,
516,348,517,
516,349,516,
516,348,517,
516,349,514,
516,349,515,
516,350,513,
516,350,512,
516,351,515,
515,348,507,
514,349,494,
510,348,467,
503,349,459,
484,348,463,
458,350,464,
438,371,463,
422,353,479,
406,386,474,
389,350,465,
379,346,461,
369,343,460,
364,443,461,
357,405,461,
352,386,451,
350,381,454,
347,384,459,
346,387,396,
344,391,400,
344,374,414,
346,373,391,
347,379,419,
351,408,425,
355,425,412,
359,410,436,
363,414,423,
371,417,442,
390,414,433,
386,412,429,
396,404,464,
407,411,441,
420,459,454,
432,431,468,
444,459,469,
453,464,446,
461,470,452,
466,431,446,
473,437,453,
480,414,445,
484,435,445,
488,441,494,
491,432,538,
494,440,542,
496,459,523,
499,367,472,
500,367,482,
502,413,491,
503,406,482,
505,412,499,
506,354,492,
507,354,537,
508,357,508,
509,355,528,
510,356,527,
511,360,497,
511,361,479,
511,361,489,
512,360,489,
512,362,486,
513,360,490,
513,369,495,
513,360,491,
512,365,502,
508,367,505,
504,368,488,
497,368,417,
490,378,476,
484,372,512,
481,373,482,
480,375,472,
480,375,448,
481,374,435,
482,379,448,
483,384,414,
482,392,414,
482,397,420,
482,406,417,
481,402,464,
480,415,469,
479,507,433,
477,519,456,
475,505,472,
474,477,514,
472,481,443,
470,481,498,
469,489,496,
468,489,527,
467,495,464,
467,503,461,
466,528,483,
465,535,480,
465,535,437,
465,529,400,
465,531,394,
465,531,416,
466,533,429,
466,462,428,
466,459,429,
467,460,428,
466,460,428,
467,462,381,
467,476,392,
467,489,401,
468,488,351,
467,498,379,
468,494,352,
468,491,359,
468,492,376,
468,523,428,
469,511,430,
469,506,430,
469,500,430,
