511,338,383,
511,339,383,
512,339,383,
512,338,384,
512,338,381,
512,339,383,
512,340,380,
512,339,381,
512,341,380,
513,341,372,
513,342,374,
513,340,376,
513,341,374,
514,341,370,
513,341,374,
513,342,377,
512,341,391,
509,342,389,
504,341,388,
492,341,382,
472,341,381,
451,343,349,
431,342,393,
412,342,360,
395,341,369,
381,337,378,
370,335,384,
361,331,380,
353,330,360,
352,330,335,
347,330,385,
347,329,368,
347,329,374,
347,330,343,
346,330,360,
350,332,378,
350,332,343,
353,334,363,
358,335,339,
365,336,354,
376,338,364,
388,337,365,
401,338,366,
416,342,376,
431,341,392,
442,344,399,
453,344,398,
463,345,396,
472,344,353,
477,343,352,
482,346,371,
488,347,335,
489,346,384,
492,347,346,
495,346,382,
497,347,314,
498,347,390,
500,346,389,
502,346,379,
503,345,392,
506,346,393,
505,347,392,
506,348,391,
507,347,390,
507,351,390,
508,348,391,
508,349,391,
509,350,389,
509,349,390,
509,351,391,
509,351,400,
509,353,400,
506,353,413,
504,354,393,
500,355,394,
497,356,394,
495,359,350,
494,358,344,
490,359,349,
490,360,337,
490,361,344,
491,363,359,
492,365,365,
492,370,393,
492,375,391,
491,384,397,
488,390,389,
485,396,390,
482,397,378,
478,405,354,
471,409,385,
463,412,359,
456,413,413,
450,412,342,
445,416,366,
438,419,343,
433,419,376,
428,420,357,
425,417,369,
422,414,375,
420,413,378,
420,415,379,
419,414,355,
422,415,330,
419,414,394,
427,422,404,
429,423,413,
431,424,408,
431,424,389,
430,423,391,
431,424,376,
431,425,364,
