486,326,382,
485,323,380,
484,324,380,
483,323,378,
483,322,377,
483,322,376,
483,322,373,
481,322,373,
480,321,371,
479,320,370,
478,319,368,
475,317,367,
471,314,360,
464,311,357,
463,310,348,
464,310,355,
462,311,353,
458,310,353,
450,311,354,
434,311,358,
413,312,330,
397,310,361,
365,311,355,
346,308,354,
331,304,360,
323,304,346,
316,304,303,
312,306,285,
308,309,351,
311,324,292,
309,325,355,
311,325,357,
313,326,356,
313,325,354,
316,325,357,
319,322,354,
324,327,357,
331,329,355,
340,331,358,
352,373,357,
364,324,357,
380,359,358,
394,349,359,
405,319,360,
415,321,358,
425,316,358,
431,316,358,
436,335,358,
441,319,357,
445,317,359,
447,316,356,
451,317,333,
452,315,352,
455,325,325,
455,327,357,
458,328,357,
458,332,358,
457,333,357,
459,331,356,
460,332,357,
460,330,356,
459,327,358,
460,326,357,
460,324,356,
461,320,356,
460,329,358,
461,322,357,
463,336,358,
463,338,359,
462,340,358,
460,340,353,
482,358,375,
479,351,373,
446,355,353,
438,325,347,
434,326,347,
433,330,345,
433,338,346,
433,346,347,
435,374,348,
437,418,351,
431,401,348,
424,386,352,
416,384,351,
410,393,358,
413,420,362,
430,447,381,
431,455,381,
431,440,387,
426,418,384,
414,416,326,
406,406,369,
405,407,325,
409,414,386,
411,414,339,
411,416,345,
410,417,333,
410,416,329,
407,414,321,
405,413,336,
400,407,346,
404,412,304,
403,411,343,
397,406,339,
394,406,377,
395,407,365,
395,407,344,
396,411,322,
397,413,368,
405,420,390,
407,424,395,
