16.438,18.5242,20.1676,
16.438,18.5242,20.4163,
16.438,18.5242,20.5,
16.438,18.0839,20.6687,
16.3732,16.5686,20.6687,
16.3732,16.9,20.7537,
16.2444,14.8392,21.0112,
16.3086,15.0739,21.4492,
16.2444,15.0149,22.1736,
16.2444,14.6084,22.3595,
16.2444,14.6657,22.3595,
16.3086,14.4943,22.3595,
16.3732,14.5512,22.3595,
16.5032,13.668,22.642,
16.9672,13.4034,22.642,
17.7971,15.0739,22.7371,
18.6738,15.5552,22.8328,
20.0038,15.3126,22.9289,
21.2727,15.5552,21.9897,
22.2663,15.5552,21.8984,
23.0256,15.74,21.0112,
23.9195,21.8077,20.8391,
24.5402,22.4531,20.4163,
24.9657,22.8328,21.0979,
25.4008,23.2205,25.7337,
25.8459,21.3607,22.0814,
26.5331,18.6738,23.6167,
27.1245,18.5242,27.1245,
27.4878,18.5242,20.9249,
27.7337,19.1309,21.2727,
27.0048,17.1024,24.8584,
28.1081,17.1705,21.2727,
28.1081,17.3765,21.2727,
27.7337,17.1024,22.5473,
27.6104,16.9,21.1851,
26.7676,16.9,20.8391,
27.1245,16.9,21.2727,
26.7676,16.5032,21.3607,
25.9588,15.4942,25.2911,
25.4008,15.1332,22.642,
24.6457,15.0739,21.8077,
24.0215,24.7517,21.6275,
23.3188,24.1241,21.8077,
22.5473,23.1228,22.1736,
21.1851,21.8077,21.0979,
19.2862,19.2862,19.7611,
18.5242,18.1565,20.6687,
18.0117,18.45,22.0814,
17.5854,17.6556,21.8984,
17.1705,16.9672,18.7491,
16.7666,16.9,18.5988,
16.438,16.5686,18.5242,
16.0532,15.9271,18.45,
15.5552,15.4334,22.7371,
15.6166,14.9561,18.5242,
15.74,12.0595,18.5988,
16.7003,13.1954,19.7611,
17.3765,13.8835,26.65,
16.7666,13.1954,20.2501,
17.2388,14.0474,21.0112,
17.1705,13.9379,21.0112,
17.1024,13.8293,21.5381,
16.9672,13.3511,22.642,
16.9,13.4559,25.0735,
16.8331,13.668,23.818,
16.8331,13.668,22.9289,
16.7666,13.7216,23.3188,
16.6343,13.8293,23.818,
16.6343,13.4559,23.7171,
16.6343,13.8835,23.4175,
16.5686,14.0474,23.2205,
16.5686,14.2691,23.3188,
16.5032,14.6084,23.2205,
16.5032,14.6084,23.1228,
16.5032,15.3728,22.9289,
16.438,15.74,22.9289,
16.438,15.99,22.9289,
16.5032,20.0038,23.0256,
16.6343,21.4492,23.3188,
15.3728,20.5841,22.4531,
16.5032,21.0979,23.3188,
16.6343,21.3607,25.0735,
16.438,20.2501,26.65,
17.0346,21.5381,24.8584,
14.4377,19.0538,19.6013,
17.1024,22.9289,21.6275,
17.0346,21.9897,21.8077,
16.2444,23.2205,21.8077,
16.7666,23.3188,27.366,
17.3075,22.5473,22.7371,
17.0346,24.0215,30.3656,
17.4458,22.7371,23.7171,
17.1705,25.9588,22.9289,
16.6343,25.2911,22.3595,
13.7753,21.0112,19.2084,
13.8835,21.2727,19.5219,
13.5086,20.4163,19.0538,
13.4559,20.1676,19.0538,
13.4559,19.5219,18.9771,
13.4559,26.5331,18.9771,
13.4034,26.3014,18.9007,
13.3511,26.0723,18.9007,
13.3511,26.0723,18.8247,
13.299,25.9588,18.7491,
13.299,25.8459,18.7491,
13.2471,25.7337,18.7491,
13.1954,25.7337,18.8247,
13.1954,25.6221,18.6738,
13.1439,25.4008,18.7491,
13.1439,25.4008,18.6738,
13.1439,25.2911,18.6738,
