15.74,13.5615,16.9,
15.6166,13.9379,16.9,
15.6166,14.5512,16.5686,
15.6166,12.1544,16.3086,
15.4334,14.1025,16.438,
15.4334,14.1578,15.99,
15.3126,14.6084,15.8021,
15.3728,14.6657,15.74,
15.3126,14.5512,15.6781,
15.2525,14.6084,15.4334,
15.1332,14.7811,15.3728,
15.1332,14.4943,15.4334,
15.1332,14.6657,15.3728,
15.1927,15.8021,15.4334,
15.0149,15.9271,15.3728,
15.0739,15.9271,15.4334,
15.0739,16.0532,15.4942,
15.4942,16.1166,15.4334,
15.8021,16.1166,15.4334,
16.438,16.0532,15.4942,
16.7666,16.2444,15.5552,
17.0346,16.5686,15.2525,
17.5154,17.0346,15.5552,
17.3765,17.5154,15.6781,
18.2293,18.2293,15.99,
21.9897,17.3765,15.74,
21.8077,16.2444,16.1166,
22.9289,15.4942,16.5032,
22.2663,14.8392,16.9,
18.9007,12.7889,16.7003,
20.8391,11.4595,17.1705,
20.333,23.3188,16.0532,
18.9771,23.1228,14.8392,
17.7262,22.3595,14.8392,
20.7537,21.2727,15.1927,
22.1736,21.0112,15.99,
24.331,15.2525,17.3765,
21.9897,14.7233,18.6738,
21.1851,21.4492,16.7003,
21.8077,21.4492,17.9399,
20.333,21.0979,17.7262,
19.6013,21.1851,17.1024,
19.3644,22.5473,16.438,
19.8416,22.4531,16.9,
19.5219,21.7174,16.3732,
18.6738,19.8416,16.1804,
17.7262,18.3761,15.6166,
19.5219,18.0839,15.2525,
19.2084,16.3732,15.2525,
18.8247,16.5686,15.3728,
17.5154,16.1166,15.6781,
18.1565,14.3251,18.6738,
17.6556,15.3126,16.9672,
18.6738,16.7666,18.45,
18.2293,15.9271,18.3026,
17.7262,15.8021,18.3761,
17.9399,16.1166,18.3026,
18.5242,15.4942,18.3026,
18.0117,15.6781,18.2293,
17.5854,15.6781,18.2293,
17.3075,15.74,18.2293,
17.3765,15.74,18.3026,
17.5154,14.4943,18.2293,
17.3075,16.1166,18.0839,
17.0346,15.9271,18.0839,
16.9,15.3728,18.0839,
17.1705,14.6084,18.0117,
17.3765,14.6657,17.9399,
17.3075,14.5512,18.0839,
16.8331,14.6084,18.0117,
16.7666,14.7811,17.6556,
17.1024,15.3126,18.0117,
17.1024,15.3728,17.9399,
17.0346,15.5552,17.9399,
16.8331,15.6166,17.9399,
16.9,15.74,18.0117,
16.9672,15.8645,18.0117,
17.1705,16.1804,17.9399,
17.1024,16.7666,17.9399,
16.8331,17.1705,17.9399,
16.7003,17.4458,17.9399,
16.7003,18.3026,17.8683,
16.5032,19.2084,17.6556,
15.1927,18.1565,17.5154,
15.1332,18.2293,16.7003,
15.0739,17.7971,16.3086,
15.1927,18.1565,16.6343,
15.5552,16.5686,16.7003,
15.4334,18.8247,16.8331,
15.9271,17.7262,18.0117,
15.3728,15.3728,22.4531,
16.6343,22.2663,20.2501,
16.9672,19.1309,21.5381,
16.9672,22.1736,20.5841,
18.5242,21.1851,27.1245,
14.7233,21.1851,20.4163,
14.4377,19.7611,20.333,
13.9379,20.0038,20.2501,
16.1166,20.0855,20.7537,
14.2133,20.333,20.1676,
14.1578,19.9225,20.0855,
13.9926,20.0855,17.8683,
13.9379,18.5242,20.333,
13.9379,18.0117,20.6687,
13.8293,17.5854,20.5841,
13.8293,17.1024,20.2501,
13.7753,16.8331,18.7491,
13.7753,15.99,16.6343,
13.7753,19.2862,18.3761,
13.7753,19.2862,18.6738,
13.7753,18.9007,19.0538,
13.8293,20.333,19.0538,
13.8293,20.333,19.2084,
13.8293,18.6738,19.443,
13.8293,17.3765,19.5219,
13.8835,26.1865,19.681,
13.8835,26.3014,19.681,
13.9926,26.0723,19.6013,
13.8293,26.0723,19.3644,
13.9379,26.0723,19.443,
13.8835,25.8459,19.443,
13.8835,26.0723,19.443,
13.8835,25.9588,19.2084,
14.1578,25.9588,19.0538,
15.8021,26.0723,18.9771,
15.6781,26.0723,19.0538,
16.2444,26.0723,19.0538,
16.1166,26.0723,19.1309,
15.9271,26.0723,19.5219,
15.9271,26.1865,20.0038,
16.5032,26.1865,19.9225,
16.7666,26.0723,20.1676,
17.3075,26.1865,20.5,
