15.4942,19.681,17.1705,
15.4942,19.9225,17.8683,
15.4942,19.8416,18.5242,
15.4942,20.0038,19.9225,
15.4334,19.9225,20.8391,
15.4334,19.6013,21.8077,
15.3728,18.1565,21.9897,
15.3728,18.9007,22.1736,
15.3126,18.45,22.2663,
15.3728,18.2293,22.5473,
15.4334,18.9771,23.2205,
15.4942,18.5988,21.1851,
15.4942,19.5219,19.6013,
15.4942,19.3644,23.1228,
15.6166,20.0855,23.4175,
15.8645,20.1676,23.4175,
16.1804,20.5,22.8328,
16.7666,21.0112,19.9225,
17.3765,19.443,21.6275,
18.45,20.4163,21.0112,
19.5219,20.4163,16.5686,
20.5,20.0038,18.45,
21.5381,21.6275,16.5686,
22.4531,22.2663,16.7666,
22.8328,19.2862,22.7371,
23.5168,24.5402,19.8416,
24.0215,24.7517,18.9007,
24.331,25.0735,21.9897,
24.7517,25.6221,16.7666,
25.0735,24.1241,24.8584,
25.5111,22.5473,17.1024,
25.6221,26.3014,19.3644,
26.1865,26.65,18.8247,
26.4169,27.0048,17.5154,
26.4169,24.5402,17.6556,
27.0048,23.2205,18.3026,
27.1245,26.4169,17.7262,
27.6104,23.1228,17.9399,
27.4878,22.3595,17.8683,
27.366,27.6104,17.7262,
26.5331,27.1245,17.3075,
26.0723,26.65,17.2388,
25.7337,26.5331,17.1024,
25.182,26.1865,17.0346,
24.4353,23.2205,17.1705,
23.5168,24.8584,17.0346,
22.7371,25.8459,17.0346,
22.0814,25.2911,17.1024,
21.4492,24.331,16.9672,
20.8391,21.6275,16.9672,
20.5,23.0256,16.9672,
20.0038,21.3607,17.0346,
19.6013,20.2501,16.8331,
19.2862,19.681,16.9,
18.9771,17.8683,16.7666,
18.6738,16.5686,16.8331,
18.45,19.2862,16.8331,
18.3026,16.7003,16.9672,
18.0117,16.7003,18.2293,
17.8683,16.7003,19.7611,
17.6556,15.9271,22.3595,
17.6556,16.2444,16.6343,
17.5154,16.438,16.7666,
17.3765,16.1804,16.7666,
17.2388,16.2444,17.9399,
17.1705,15.74,18.0117,
17.0346,15.74,17.1024,
17.0346,15.74,16.7003,
16.9672,15.8021,16.5686,
16.9,15.8021,16.6343,
16.9,15.8645,16.7003,
16.9,15.8645,16.6343,
16.8331,15.74,16.5686,
16.7666,15.99,16.5032,
16.7666,16.3086,16.5686,
16.7666,16.6343,16.3732,
16.6343,17.0346,16.438,
16.6343,17.6556,16.438,
16.5032,18.2293,16.438,
16.5686,18.7491,16.3086,
16.5686,19.681,16.3086,
16.5032,20.5,16.5032,
16.5032,20.7537,16.9,
16.3732,20.7537,16.9672,
16.3732,20.5841,16.3732,
16.3086,19.5219,16.9672,
16.3086,19.681,17.5154,
16.3086,17.7262,18.3761,
16.3086,21.7174,18.5242,
16.2444,21.3607,18.5988,
16.3086,23.818,18.7491,
15.8645,23.5168,18.8247,
14.4943,22.9289,16.3086,
16.1166,25.9588,22.3595,
16.8331,25.5111,20.8391,
16.9,23.2205,18.0117,
16.7003,23.1228,22.0814,
16.3732,23.818,20.6687,
16.3086,23.5168,23.5168,
16.7003,25.7337,18.5988,
16.438,26.65,18.0839,
15.74,24.0215,17.7262,
15.5552,24.0215,18.3761,
15.5552,24.0215,17.7971,
15.6781,26.65,18.5988,
15.6781,26.5331,18.5988,
15.74,26.7676,20.0038,
15.8645,25.6221,17.6556,
15.8021,25.7337,17.5854,
15.6166,25.5111,17.5154,
15.5552,25.4008,17.4458,
15.4942,25.182,17.5854,
15.4334,23.5168,17.3765,
15.4334,22.2663,17.3765,
15.3728,22.0814,17.3765,
15.3126,21.2727,17.5154,
15.3126,22.642,18.0839,
15.2525,22.8328,20.333,
15.1927,22.7371,20.2501,
