15.3728,14.3251,18.8247,
15.3728,14.5512,18.9007,
15.3728,14.3812,18.9007,
15.3728,14.7233,18.9771,
15.3126,14.5512,18.9771,
15.4334,14.9561,19.0538,
15.3728,14.7233,19.0538,
15.4334,14.6084,19.1309,
15.4334,14.5512,19.1309,
15.4334,14.6084,19.2084,
15.4334,14.5512,19.2862,
15.4334,14.7233,19.443,
15.5552,14.7233,19.5219,
15.6166,14.9561,19.6013,
15.74,15.0149,19.681,
15.99,15.3126,19.9225,
16.2444,15.4334,19.9225,
16.7666,15.4942,19.9225,
17.2388,15.8645,20.0038,
17.9399,15.9271,20.2501,
18.5242,15.99,20.4163,
19.6013,16.1166,20.6687,
20.7537,16.438,19.681,
21.3607,16.5686,19.443,
21.9897,16.7003,19.8416,
23.0256,15.99,20.1676,
23.4175,16.1166,24.7517,
23.9195,17.1024,22.4531,
24.0215,15.6781,20.7537,
24.6457,16.0532,19.681,
24.9657,15.9271,20.8391,
25.6221,16.0532,20.0855,
25.6221,16.5686,20.0855,
25.8459,18.2293,20.1676,
25.8459,17.8683,20.0855,
25.7337,17.9399,20.0855,
25.6221,16.5686,20.1676,
25.0735,17.2388,19.681,
25.2911,17.2388,20.2501,
24.9657,17.4458,20.2501,
24.5402,16.8331,20.5,
23.6167,16.7003,20.7537,
22.5473,16.0532,20.7537,
21.8077,20.4163,20.8391,
20.8391,19.3644,20.8391,
20.4163,22.4531,21.0112,
19.8416,20.2501,21.3607,
19.5219,23.2205,21.0979,
19.2862,23.0256,20.7537,
18.8247,22.5473,20.5,
18.45,22.0814,20.6687,
17.9399,21.3607,25.5111,
17.6556,20.7537,20.4163,
17.0346,19.7611,25.182,
16.6343,19.2862,19.5219,
16.438,18.9007,19.6013,
16.1804,18.5242,23.9195,
16.1166,18.3761,19.443,
15.9271,18.0839,22.8328,
15.8645,18.0117,19.2084,
15.8021,17.9399,19.2862,
15.74,17.8683,19.2084,
15.6781,17.8683,19.1309,
15.6166,17.8683,19.1309,
15.6166,17.8683,19.2084,
15.5552,17.8683,19.2862,
15.4942,18.1565,19.3644,
15.4942,18.2293,19.3644,
15.4942,18.3026,19.443,
15.4942,18.3761,19.3644,
15.4334,18.6738,19.3644,
15.4334,19.1309,19.3644,
15.3728,19.2084,19.2862,
15.3126,19.6013,19.1309,
15.3728,20.0855,19.1309,
15.3126,21.0979,19.1309,
15.3126,21.8984,19.1309,
15.4942,23.2205,19.2862,
15.4942,24.6457,19.2862,
15.5552,25.8459,19.443,
15.4942,26.1865,19.3644,
15.4334,26.4169,19.681,
15.4942,26.65,19.443,
15.2525,26.8858,23.2205,
14.7811,26.65,19.681,
14.6657,27.2449,19.5219,
14.4943,27.2449,20.0855,
14.4377,27.6104,20.2501,
14.3812,28.1081,19.0538,
14.3251,28.4893,19.1309,
14.2133,28.618,21.8077,
14.2133,28.2344,19.5219,
14.1578,28.1081,19.0538,
14.1578,28.4893,19.5219,
14.2133,28.3615,19.443,
14.2133,28.4893,20.0855,
14.2133,28.4893,20.1676,
14.3812,28.7475,25.6221,
14.4377,28.618,20.6687,
15.6781,30.6475,21.7174,
16.3732,31.5154,22.3595,
15.8645,30.6475,21.8077,
15.99,31.2223,22.1736,
15.9271,31.3684,21.9897,
16.0532,31.5154,22.2663,
15.8645,31.0772,21.9897,
15.6781,30.933,21.7174,
15.4942,30.5061,21.5381,
13.8293,27.6104,19.3644,
14.7811,29.1407,20.5841,
15.74,30.3656,21.8077,
15.74,30.5061,21.8077,
15.74,30.226,21.8077,
15.3126,29.6765,21.2727,
