17.5154,18.1565,20.8391,
17.8683,18.3026,21.0979,
17.7971,18.1565,21.0979,
17.7971,18.0839,21.6275,
17.2388,19.6013,21.0112,
17.3075,19.5219,21.0112,
17.1705,19.6013,21.0112,
16.9,19.5219,21.0979,
16.7003,19.6013,21.0979,
16.7003,19.5219,21.1851,
16.7003,19.6013,21.2727,
16.6343,19.5219,21.1851,
16.7666,19.5219,21.1851,
16.7003,19.6013,21.1851,
16.7666,19.6013,21.1851,
16.8331,19.6013,21.0979,
16.9,19.7611,21.2727,
16.9,19.7611,21.1851,
18.9007,19.7611,21.1851,
18.8247,19.5219,19.681,
19.7611,16.1166,19.0538,
20.6687,15.1332,18.8247,
20.5,17.2388,18.7491,
20.7537,14.7811,18.6738,
21.4492,22.0814,18.8247,
21.1851,23.818,18.8247,
21.9897,23.6167,19.443,
22.642,24.9657,19.7611,
23.2205,25.0735,20.333,
23.4175,25.4008,21.1851,
23.7171,21.0112,20.7537,
24.0215,20.4163,21.3607,
25.4008,19.5219,21.4492,
24.7517,16.5032,22.1736,
24.8584,15.8645,23.3188,
24.0215,16.7003,22.0814,
23.9195,17.7971,21.5381,
25.4008,17.2388,21.6275,
24.7517,21.4492,21.8984,
25.7337,19.681,21.6275,
25.6221,24.1241,21.8077,
24.7517,24.4353,21.6275,
24.1241,25.0735,20.7537,
23.3188,24.9657,20.6687,
22.1736,24.331,20.6687,
21.3607,23.6167,20.5841,
20.5841,23.1228,20.5,
20.0855,22.9289,20.5841,
19.7611,22.4531,20.5,
19.443,22.3595,20.7537,
19.1309,21.8077,20.7537,
18.9771,21.5381,20.8391,
18.7491,21.4492,20.8391,
18.5242,21.7174,21.0112,
18.3026,20.8391,20.9249,
18.0117,20.5841,21.0112,
17.7971,20.333,20.9249,
17.5854,20.0855,21.0112,
17.3075,19.0538,21.0112,
17.1705,18.3761,21.0112,
17.1024,18.5988,21.0112,
16.9672,18.7491,20.9249,
16.9,18.7491,21.0112,
16.8331,18.6738,21.0112,
16.7666,18.9007,20.9249,
16.7666,19.2862,20.8391,
16.438,20.2501,20.5,
16.5686,21.8077,20.8391,
17.1705,22.8328,21.2727,
17.1024,24.5402,21.5381,
17.1705,26.0723,21.6275,
17.1024,28.2344,21.7174,
17.0346,28.7475,21.6275,
17.0346,29.1407,21.6275,
16.9,29.4069,21.8984,
16.8331,29.9495,21.8984,
16.7666,29.2734,21.4492,
16.7003,29.9495,21.5381,
16.5032,28.618,20.8391,
16.0532,25.182,20.5,
16.2444,22.642,20.6687,
16.1804,21.4492,20.333,
16.0532,18.3761,19.681,
15.99,30.3656,20.8391,
15.6781,29.6765,19.6013,
15.3728,27.366,19.8416,
16.7003,22.3595,19.9225,
16.9,22.4531,19.7611,
16.9,27.9825,19.6013,
15.5552,27.6104,19.1309,
15.8645,25.7337,18.3026,
15.4942,23.5168,17.7262,
15.1332,27.0048,17.7262,
15.1332,27.0048,18.0839,
15.1332,28.7475,18.3026,
15.0739,28.2344,18.1565,
15.0149,28.3615,18.1565,
14.8975,27.8577,18.1565,
14.8392,27.4878,18.0117,
14.6084,25.6221,18.1565,
14.3812,24.9657,17.8683,
14.3812,24.6457,17.6556,
14.3812,24.331,18.1565,
14.2133,21.9897,18.1565,
13.9926,21.4492,17.0346,
14.1025,21.0979,16.7003,
14.0474,20.8391,17.1705,
13.8835,21.5381,15.4942,
13.8293,21.5381,15.4942,
13.9926,22.0814,16.7003,
14.1025,21.5381,18.45,
14.2691,21.2727,18.9007,
14.3812,23.818,19.1309,
14.3812,24.8584,19.2084,
14.3812,25.8459,19.2862,
14.6084,26.0723,19.443,
14.6657,26.4169,19.3644,
14.7811,26.1865,19.3644,
14.6084,26.4169,19.3644,
14.5512,26.1865,19.443,
14.6657,26.4169,19.443,
14.7233,26.4169,19.443,
14.7233,26.65,19.6013,
14.3812,26.5331,19.5219,
13.6147,26.5331,19.681,
13.4559,26.65,19.6013,
13.4034,26.7676,19.6013,
13.4034,26.7676,19.681,
13.3511,26.5331,19.681,
13.4034,26.3014,19.7611,
13.4034,26.0723,19.6013,
