15.0739,22.1736,23.2205,
15.1332,21.0112,18.5242,
15.4334,20.4163,27.2449,
15.6781,20.0855,19.443,
15.6166,20.1676,19.8416,
15.74,20.0855,23.9195,
15.8021,20.1676,19.6013,
15.8021,20.0038,22.8328,
15.99,20.0855,27.6104,
15.9271,20.0855,21.6275,
15.9271,20.0855,22.9289,
15.9271,20.0038,23.3188,
15.9271,20.0855,22.3595,
15.9271,20.0855,21.8984,
15.9271,20.0855,20.7537,
15.9271,20.0855,21.6275,
15.8645,20.0038,19.6013,
15.9271,20.1676,19.443,
15.9271,20.1676,19.2084,
15.9271,20.1676,19.2084,
15.9271,20.0855,19.1309,
15.8645,20.0855,19.0538,
15.9271,20.2501,19.0538,
16.0532,20.2501,19.2862,
16.0532,20.1676,19.0538,
16.1166,20.4163,19.2084,
16.1804,20.333,19.1309,
16.5686,20.7537,19.443,
16.9,20.9249,19.681,
17.6556,21.2727,20.0855,
19.2084,22.5473,21.1851,
18.5242,21.8984,19.6013,
19.7611,23.7171,19.8416,
20.8391,26.4169,20.0855,
21.0979,26.1865,19.3644,
22.0814,26.8858,19.681,
23.5168,28.1081,20.1676,
24.2273,27.1245,20.333,
26.1865,29.1407,22.0814,
24.8584,29.0088,19.9225,
25.9588,30.6475,24.1241,
27.2449,29.2734,23.818,
25.9588,32.4182,24.5402,
27.1245,33.3581,25.5111,
27.0048,35.3588,24.9657,
25.7337,31.0772,22.7371,
25.182,25.8459,23.9195,
23.9195,28.8777,20.7537,
22.8328,30.3656,19.6013,
24.7517,30.226,21.1851,
25.0735,30.3656,20.6687,
24.8584,29.8126,19.3644,
24.8584,29.9495,19.443,
24.6457,29.9495,19.5219,
24.4353,29.5413,19.443,
24.1241,29.1407,19.443,
23.818,29.1407,19.443,
23.4175,28.7475,19.5219,
23.0256,28.8777,19.5219,
22.5473,28.618,19.6013,
21.8077,28.4893,19.7611,
20.9249,28.2344,19.681,
20.2501,27.1245,19.6013,
19.5219,27.4878,18.5242,
18.9007,22.7371,18.0839,
18.3761,22.3595,17.3765,
18.0117,23.0256,20.7537,
18.3026,24.0215,19.443,
18.9771,24.4353,20.2501,
19.1309,24.4353,21.0979,
18.7491,27.4878,21.7174,
17.3075,21.7174,20.6687,
16.9672,20.9249,20.8391,
16.8331,25.0735,21.0112,
16.7003,25.0735,21.4492,
16.7003,24.5402,21.7174,
16.6343,23.818,21.6275,
16.438,24.5402,21.6275,
16.3732,20.5,21.6275,
16.2444,20.4163,21.6275,
16.1804,20.2501,21.7174,
16.1804,20.2501,21.8077,
16.1166,20.1676,21.8077,
16.0532,20.0855,21.6275,
16.0532,20.0855,21.7174,
16.0532,20.0038,21.6275,
16.0532,20.0038,21.6275,
15.99,20.0038,21.7174,
16.0532,20.0855,21.7174,
15.99,20.0855,21.8077,
15.9271,20.0038,21.6275,
15.8645,20.0855,21.7174,
15.8645,20.1676,21.7174,
16.1804,20.9249,21.9897,
15.3728,20.1676,21.0112,
15.4334,20.8391,21.0112,
15.99,22.2663,21.8984,
18.0117,31.3684,24.1241,
17.9399,32.2652,24.331,
18.5242,30.6475,25.0735,
15.6166,26.8858,21.6275,
15.8021,31.2223,21.8984,
16.3086,34.8428,22.5473,
16.6343,35.7091,23.0256,
16.7666,32.4182,23.4175,
17.1705,37.1619,23.5168,
18.3026,39.9229,23.5168,
17.7262,39.1037,22.4531,
16.7666,37.7292,25.8459,
16.3732,31.8123,23.9195,
16.7003,37.5387,20.6687,
16.1804,38.5057,26.65,
16.1166,39.1037,20.5,
15.9271,36.9756,22.8328,
15.3126,36.9756,20.5,
14.8392,31.8123,18.6738,
14.4377,30.5061,18.3761,
14.1025,30.226,20.8391,
15.2525,32.2652,23.3188,
14.6657,30.7898,28.3615,
15.0149,31.8123,24.2273,
14.9561,32.2652,24.0215,
14.8975,31.3684,20.0038,
14.9561,31.0772,20.0038,
14.8975,30.933,19.0538,
14.8392,30.933,18.9007,
14.8392,30.6475,18.9007,
14.8392,31.3684,19.8416,
14.8392,32.1133,20.6687,
14.8392,31.5154,20.7537,
14.8392,31.5154,20.7537,
14.8392,31.3684,20.7537,
14.8392,31.3684,20.9249,
14.8392,31.3684,20.9249,
14.7811,31.3684,21.0112,
14.7811,31.2223,20.8391,
14.7811,31.2223,20.8391,
14.7233,31.0772,20.8391,
14.7233,31.2223,20.8391,
14.6657,31.0772,20.7537,
14.6657,31.0772,20.8391,
14.7233,30.7898,20.8391,
14.7233,31.2223,20.8391,
14.7233,31.0772,20.9249,
14.7233,30.6475,20.9249,
14.7233,31.2223,20.9249,
