15.8021,18.0839,19.6013,
16.1166,18.5242,22.0814,
16.6343,18.9771,22.1736,
16.1804,18.9771,21.5381,
16.3732,18.5988,21.4492,
14.4377,16.7003,17.1705,
14.3812,16.7003,16.9,
14.4377,16.7666,17.1024,
14.4943,16.8331,17.1024,
14.7233,17.2388,17.3765,
14.5512,16.9672,17.3075,
14.4943,16.9,17.2388,
14.3812,16.8331,17.1024,
14.3251,16.8331,17.1024,
14.3251,16.9,17.1024,
14.3812,17.0346,17.1024,
14.4377,17.1705,17.1705,
14.6657,17.3765,17.2388,
15.0739,17.5854,17.3765,
15.74,17.8683,17.3765,
16.6343,18.2293,17.5854,
18.45,19.2084,18.1565,
19.2862,19.2862,18.0839,
20.1676,19.5219,17.9399,
20.8391,19.8416,17.7262,
21.8077,20.333,17.6556,
22.5473,20.8391,17.5854,
23.2205,21.5381,17.7262,
23.6167,21.9897,17.8683,
24.331,23.3188,18.1565,
24.6457,23.818,18.0839,
25.2911,24.2273,18.5988,
26.0723,24.4353,18.9007,
26.1865,23.818,18.9007,
25.9588,23.2205,18.6738,
27.7337,24.6457,20.1676,
26.7676,23.5168,19.8416,
26.65,21.4492,20.0855,
26.5331,19.3644,20.0038,
26.0723,21.4492,19.9225,
28.1081,23.4175,21.8984,
23.9195,19.7611,18.5242,
23.818,19.9225,19.1309,
24.9657,21.4492,20.6687,
23.7171,20.9249,20.0855,
21.5381,19.3644,18.8247,
20.5841,18.8247,18.6738,
19.3644,18.3026,18.2293,
18.1565,16.5032,17.4458,
17.5854,16.2444,17.2388,
17.3075,16.5032,17.3075,
17.1024,16.3732,17.3765,
19.6013,18.5988,20.1676,
19.9225,19.3644,20.7537,
19.3644,18.2293,20.2501,
19.1309,18.1565,20.5,
17.5154,17.0346,18.9771,
17.6556,16.8331,18.6738,
18.7491,17.7262,20.5,
19.6013,17.5854,20.2501,
17.4458,16.1804,19.3644,
17.6556,16.5686,19.6013,
17.7262,16.7003,19.7611,
18.5988,17.3765,20.9249,
16.5032,13.9379,18.5988,
17.7262,15.74,19.9225,
17.6556,17.2388,19.9225,
17.3765,16.7003,19.681,
16.7003,16.1166,18.9007,
16.438,15.9271,18.6738,
16.5032,16.1804,18.6738,
16.8331,16.7666,19.0538,
18.3026,18.45,20.333,
18.5242,19.5219,21.8077,
16.1166,18.0117,18.2293,
17.5854,19.8416,20.0855,
19.1309,19.3644,21.3607,
18.8247,20.8391,21.0112,
18.1565,18.5988,20.5841,
17.9399,18.9771,20.333,
17.7971,18.9007,20.333,
17.3765,19.3644,20.333,
17.7262,20.2501,22.3595,
17.6556,20.4163,22.2663,
17.3765,20.9249,20.2501,
17.5154,21.6275,20.0855,
17.3765,21.8984,20.2501,
17.2388,17.1024,21.7174,
17.3765,22.8328,20.5,
15.8021,20.0855,18.5988,
17.4458,22.5473,20.9249,
17.3075,23.7171,20.9249,
17.2388,23.1228,20.7537,
17.1705,23.6167,20.9249,
16.8331,22.4531,20.7537,
16.7666,20.2501,20.8391,
16.9,20.1676,20.7537,
16.9672,20.0038,20.7537,
16.8331,19.8416,20.6687,
16.9672,19.8416,20.8391,
15.99,19.2862,20.0038,
15.8645,18.9771,19.9225,
15.8021,19.2084,19.8416,
15.74,19.7611,19.7611,
15.6781,18.0117,19.8416,
15.6781,18.45,19.8416,
15.4942,18.9007,19.8416,
15.5552,19.0538,19.7611,
15.5552,19.1309,19.681,
15.5552,19.1309,19.681,
15.4942,18.5988,19.681,
