14.1025,15.6781,18.7491,
14.1025,15.6781,18.8247,
14.1025,15.6166,18.7491,
14.1025,15.74,18.9007,
14.1025,15.6781,18.8247,
14.1578,15.6781,18.9771,
14.1025,15.6781,18.9007,
14.1578,15.74,18.9771,
14.1578,15.74,18.9771,
14.1578,15.74,18.9771,
14.1025,15.74,19.0538,
14.1025,15.74,18.9771,
14.1578,15.74,19.1309,
14.2691,15.74,18.9771,
14.4943,15.74,18.9771,
15.2525,15.74,19.0538,
16.5686,15.99,19.0538,
17.8683,16.1166,19.1309,
18.9007,15.9271,19.1309,
20.0038,16.2444,19.2084,
21.0979,15.5552,19.2862,
22.0814,17.8683,19.0538,
22.3595,18.1565,19.1309,
23.4175,18.45,19.1309,
23.5168,18.5242,19.2084,
24.2273,18.1565,19.2084,
24.5402,18.2293,19.443,
24.8584,19.1309,19.443,
25.182,18.9771,19.3644,
25.182,18.9771,22.2663,
25.182,22.1736,19.6013,
25.182,22.3595,19.681,
25.182,22.3595,19.7611,
25.182,22.4531,19.7611,
24.9657,22.2663,19.7611,
24.8584,22.2663,19.6013,
24.331,21.6275,19.5219,
23.7171,18.8247,19.5219,
23.3188,18.2293,19.443,
23.0256,17.7971,19.443,
22.7371,18.1565,19.443,
22.0814,17.4458,19.2862,
21.2727,17.8683,19.2862,
20.2501,17.3765,19.5219,
19.443,16.8331,19.3644,
18.7491,16.6343,19.443,
18.1565,16.1804,19.3644,
17.7262,16.1166,19.2862,
17.3075,15.4334,19.1309,
17.0346,15.5552,19.1309,
16.7666,15.8021,19.1309,
16.438,15.6166,19.2084,
16.1804,15.2525,19.0538,
15.8645,15.2525,19.443,
15.5552,14.9561,19.6013,
15.3126,14.6657,19.7611,
15.1332,14.4943,21.6275,
14.8975,14.4943,19.2862,
14.7233,14.3251,24.5402,
14.5512,14.2133,22.4531,
14.4377,14.1578,19.2862,
14.3812,14.1025,19.2862,
14.2691,14.1025,19.1309,
14.2133,14.0474,19.2084,
14.1578,14.0474,19.2862,
14.1025,14.0474,19.2084,
14.0474,13.9926,19.2084,
14.0474,14.0474,19.2084,
13.9926,14.1578,19.1309,
13.9926,14.2691,19.0538,
13.9379,14.3251,19.1309,
13.8835,14.6084,19.0538,
13.8835,15.1927,19.1309,
13.9379,15.6781,19.1309,
13.9379,16.3086,19.2084,
13.9379,17.1024,19.2862,
13.9926,17.8683,19.1309,
13.9926,18.5242,19.2084,
14.0474,18.7491,19.0538,
14.0474,18.1565,19.2084,
14.1578,17.7262,19.3644,
14.2133,18.9007,19.443,
14.1578,22.0814,19.5219,
14.2133,22.8328,19.681,
14.2133,23.0256,19.6013,
14.1578,21.0112,19.443,
14.1578,21.8984,19.6013,
14.1025,21.7174,20.8391,
14.0474,22.4531,20.333,
14.0474,23.2205,19.8416,
13.9926,24.0215,19.6013,
13.9379,24.1241,24.4353,
13.8293,24.2273,25.9588,
13.7753,24.331,19.681,
13.668,23.818,19.2862,
13.668,25.182,19.2084,
13.4559,25.6221,19.3644,
13.4559,25.6221,23.6167,
13.5086,25.6221,19.2862,
13.4559,25.5111,21.6275,
13.4034,24.9657,22.642,
13.4559,24.5402,19.5219,
13.3511,26.5331,20.7537,
13.3511,26.8858,20.6687,
13.3511,25.4008,19.443,
13.299,25.2911,19.2862,
13.2471,24.8584,23.2205,
13.1439,24.7517,19.9225,
13.1439,24.4353,19.2084,
13.1954,23.818,19.8416,
13.1954,22.2663,19.3644,
13.2471,21.8077,19.6013,
13.299,21.9897,20.1676,
13.2471,21.5381,21.0979,
13.2471,23.0256,23.1228,
13.2471,19.2084,23.818,
13.2471,22.2663,19.6013,
13.2471,24.2273,22.3595,
13.1954,24.1241,19.9225,
13.1954,24.4353,21.2727,
13.1954,24.6457,19.681,
13.1954,24.2273,19.7611,
13.1954,24.2273,19.9225,
13.1439,24.1241,20.2501,
13.1439,24.0215,22.642,
13.0926,22.7371,22.8328,
13.0926,22.5473,21.4492,
13.0926,21.1851,19.9225,
13.1439,21.0979,19.9225,
13.0926,20.7537,21.5381,
13.0926,22.1736,22.4531,
13.0926,21.9897,23.4175,
13.0415,21.6275,23.2205,
13.0415,20.5841,23.2205,
13.0415,21.5381,24.0215,
13.0415,21.7174,22.9289,
13.0415,26.65,22.642,
