15.74,16.6343,16.8331,
15.6781,16.6343,16.7666,
15.74,16.7003,16.8331,
15.1332,16.0532,16.1166,
15.74,16.7003,16.9672,
15.8021,16.7003,17.0346,
15.5552,16.5032,16.5686,
15.9271,16.8331,17.0346,
16.0532,16.8331,16.9,
16.1166,16.8331,17.0346,
15.8021,16.2444,16.7003,
16.0532,16.3086,16.7666,
17.0346,16.9672,17.0346,
18.3761,17.4458,17.3075,
18.7491,16.9,16.7003,
19.7611,17.4458,16.8331,
20.6687,18.0117,16.7666,
22.5473,18.9771,17.2388,
24.0215,20.1676,18.3026,
25.2911,20.7537,18.3761,
25.6221,21.0979,18.1565,
24.331,20.2501,17.3075,
24.331,20.4163,17.0346,
25.0735,20.9249,21.1851,
25.182,20.9249,24.7517,
22.5473,21.7174,17.1024,
26.8858,21.5381,17.4458,
25.4008,20.333,24.8584,
25.2911,20.333,18.0839,
25.7337,20.7537,15.99,
26.5331,21.2727,17.8683,
27.0048,21.7174,18.1565,
27.1245,21.9897,18.6738,
27.1245,22.0814,18.5242,
27.1245,22.2663,19.0538,
25.8459,21.2727,18.2293,
25.0735,20.8391,18.0117,
24.4353,20.5,18.2293,
23.7171,20.0855,17.8683,
22.7371,19.681,18.2293,
21.8984,19.2084,17.9399,
21.0112,18.9007,17.1705,
20.4163,18.5242,17.2388,
19.9225,18.0839,16.9672,
19.6013,18.0117,17.3075,
19.443,17.8683,17.8683,
19.0538,17.4458,17.6556,
17.9399,16.438,16.9672,
18.6738,17.2388,17.7262,
18.9771,17.4458,18.0117,
19.0538,17.3765,18.0839,
19.0538,17.4458,17.5154,
18.9007,17.2388,17.5854,
18.8247,17.1024,17.9399,
19.1309,17.3765,18.3026,
18.7491,16.9672,17.8683,
18.7491,17.0346,18.0839,
18.6738,17.1024,17.7971,
18.6738,17.0346,18.2293,
19.1309,17.5854,18.5242,
18.7491,17.3765,17.4458,
18.8247,17.7262,17.5154,
18.7491,17.5854,16.7666,
18.9771,18.45,17.1024,
18.0117,17.6556,16.1166,
17.8683,17.8683,16.0532,
17.9399,18.3026,16.1166,
17.9399,18.7491,16.1804,
17.7971,17.2388,16.1166,
17.6556,18.45,16.0532,
18.3026,19.7611,16.7003,
17.1024,19.0538,15.6166,
15.8021,15.9271,14.5512,
15.6781,18.7491,14.4377,
16.5686,19.1309,15.3728,
16.8331,20.5841,15.4942,
17.0346,19.9225,16.0532,
15.6781,19.8416,17.1705,
15.5552,20.333,15.1927,
15.4942,20.5841,15.0739,
15.5552,20.9249,16.7003,
15.8021,21.3607,16.0532,
15.8645,22.2663,18.7491,
15.74,22.4531,17.3765,
15.5552,22.642,19.2084,
15.4942,22.5473,25.9588,
15.4334,22.0814,20.0855,
15.3126,22.0814,25.7337,
15.2525,21.7174,24.0215,
15.1927,21.8077,22.8328,
15.1927,21.9897,20.8391,
15.0739,21.8077,19.9225,
15.0739,21.7174,18.5242,
15.0149,21.8077,19.681,
14.9561,21.5381,21.0112,
14.9561,21.1851,20.7537,
14.9561,21.1851,18.5988,
14.9561,21.0979,18.3026,
14.8975,21.0112,18.3026,
14.8975,21.2727,18.0839,
14.8392,21.2727,18.3026,
