13.1954,25.0735,20.6687,
13.1439,25.0735,20.5841,
13.1439,25.0735,20.5841,
13.1439,25.182,20.6687,
13.1439,24.9657,20.5841,
13.1439,25.0735,20.6687,
13.1439,25.0735,20.6687,
13.1439,25.0735,20.7537,
13.1439,25.182,20.6687,
13.1439,25.0735,20.7537,
13.1439,25.182,20.6687,
13.1954,25.0735,20.6687,
13.3511,25.182,20.5,
13.7753,25.182,20.5841,
14.7233,25.182,20.5,
15.99,25.0735,20.4163,
17.5154,25.0735,20.4163,
18.9771,25.0735,20.333,
20.4163,25.182,20.4163,
21.6275,25.182,20.5,
22.7371,25.182,20.5841,
23.6167,25.2911,20.5,
22.8328,25.4008,20.5841,
24.8584,25.6221,20.6687,
25.0735,25.4008,20.5841,
23.7171,25.6221,20.6687,
26.1865,25.6221,20.6687,
23.7171,25.6221,20.6687,
23.9195,25.6221,20.5841,
26.65,25.5111,20.5841,
26.7676,25.5111,20.5841,
26.8858,25.6221,20.4163,
27.0048,25.5111,20.5,
27.1245,25.5111,20.333,
26.3014,25.5111,20.4163,
26.5331,25.5111,20.4163,
26.5331,25.6221,20.333,
26.0723,25.4008,20.4163,
25.4008,25.4008,20.4163,
24.7517,25.2911,20.333,
23.7171,25.5111,20.333,
22.4531,25.4008,20.333,
21.0979,25.4008,20.4163,
19.443,25.4008,20.4163,
18.8247,25.4008,20.4163,
17.5854,25.182,20.5,
17.1705,25.4008,20.5,
16.5686,25.4008,20.5,
16.1166,25.2911,20.5,
15.6781,25.4008,20.5,
15.3728,25.4008,20.5,
15.0739,25.4008,20.5,
14.8392,25.4008,20.4163,
14.6084,25.2911,20.5841,
14.4377,25.2911,20.5841,
14.2691,25.2911,20.5841,
14.1578,25.2911,20.333,
13.9926,25.2911,20.4163,
13.9379,25.182,20.4163,
13.8293,25.0735,20.333,
13.7753,25.2911,20.1676,
13.5615,25.0735,20.4163,
13.3511,25.2911,20.4163,
13.5615,25.2911,20.4163,
13.4559,25.4008,20.0038,
13.5086,25.182,19.9225,
13.4559,25.2911,20.0038,
13.4034,25.182,19.9225,
13.3511,25.2911,20.0855,
13.299,25.182,20.0855,
13.2471,25.2911,20.2501,
13.2471,25.182,20.2501,
13.1439,25.2911,20.1676,
13.0415,25.182,20.1676,
12.6397,25.182,20.0038,
