14.5512,26.65,19.8416,
14.4943,26.65,19.8416,
14.4943,26.5331,19.8416,
14.5512,26.7676,19.9225,
14.5512,26.65,19.9225,
14.5512,26.8858,20.0038,
14.5512,26.7676,20.0855,
14.5512,26.7676,20.0855,
14.5512,26.65,20.0855,
14.5512,26.5331,20.0855,
14.5512,26.7676,20.0855,
14.6084,26.65,20.0855,
14.5512,26.65,20.0855,
14.4943,26.5331,20.0855,
14.5512,26.65,20.0855,
14.5512,26.65,20.0855,
14.5512,26.65,20.1676,
14.5512,26.5331,20.0855,
14.5512,26.5331,20.1676,
14.6084,26.5331,20.0855,
14.6657,26.7676,20.1676,
14.7233,26.65,20.1676,
14.8392,26.65,20.1676,
15.1332,26.65,20.1676,
15.6781,26.7676,20.2501,
16.5686,26.65,20.333,
17.6556,26.65,20.0855,
18.7491,26.8858,19.8416,
19.7611,26.7676,19.681,
20.8391,27.1245,19.9225,
21.6275,26.7676,20.0855,
22.5473,27.1245,20.1676,
23.4175,27.1245,20.0855,
24.1241,27.2449,20.0038,
24.7517,27.0048,20.0038,
25.5111,27.2449,19.8416,
25.9588,27.366,20.9249,
26.5331,27.366,20.7537,
26.8858,27.4878,20.9249,
26.8858,27.4878,20.7537,
27.1245,27.4878,20.7537,
27.0048,27.366,20.5841,
27.4878,27.2449,20.5841,
27.8577,27.4878,20.8391,
27.9825,27.366,20.7537,
28.4893,27.366,20.9249,
28.618,27.4878,21.2727,
28.7475,27.7337,21.4492,
28.7475,27.366,21.2727,
28.8777,27.6104,21.3607,
28.8777,27.4878,21.2727,
28.618,27.1245,21.0979,
28.1081,26.65,20.6687,
27.366,26.1865,20.1676,
27.0048,25.7337,19.8416,
26.7676,25.7337,19.8416,
26.4169,25.6221,19.7611,
26.3014,25.6221,19.7611,
25.8459,25.5111,18.9771,
25.4008,25.5111,18.8247,
25.0735,25.5111,18.7491,
24.6457,25.4008,18.6738,
24.1241,25.4008,18.5988,
23.6167,25.4008,18.6738,
22.8328,25.2911,18.5242,
22.0814,25.2911,18.45,
21.3607,25.4008,18.5242,
20.7537,25.5111,18.5988,
20.0038,25.5111,18.6738,
19.3644,25.5111,18.9007,
18.9007,25.9588,18.9771,
18.5988,26.3014,19.2084,
18.0839,26.0723,19.0538,
17.5154,25.9588,18.9007,
17.5154,26.5331,19.3644,
17.8683,27.1245,20.9249,
17.3765,26.8858,20.7537,
17.1705,27.0048,20.7537,
17.0346,27.1245,20.7537,
16.9,27.0048,20.7537,
16.9,27.366,20.8391,
16.3086,26.65,20.1676,
16.5032,27.1245,21.0112,
15.9271,26.4169,20.333,
16.5032,27.2449,21.0979,
