13.1439,24.6457,12.3948,
13.1439,24.8584,12.25,
13.1439,24.7517,12.2981,
13.0926,24.6457,12.5412,
13.0926,24.7517,12.3948,
13.0926,24.8584,12.4434,
13.0926,24.6457,12.4434,
13.1439,24.7517,12.3948,
13.1439,24.6457,12.3948,
13.0415,24.7517,12.3463,
13.0926,24.6457,12.1544,
13.0415,24.6457,12.4434,
13.3511,24.6457,12.3948,
13.7216,24.7517,12.4434,
14.5512,24.7517,12.9906,
15.74,24.5402,13.1439,
16.9,24.7517,13.299,
17.9399,24.5402,13.5086,
18.9007,24.7517,13.7753,
19.5219,24.6457,14.8392,
20.2501,24.8584,15.0149,
20.6687,24.6457,15.0739,
21.6275,24.7517,15.2525,
22.3595,24.6457,14.8392,
22.7371,24.7517,14.7233,
23.2205,24.6457,14.5512,
23.818,24.7517,14.2133,
24.4353,24.7517,14.1025,
24.6457,24.9657,15.1332,
25.4008,25.0735,16.2444,
25.7337,25.0735,16.8331,
25.8459,24.9657,17.9399,
26.65,25.0735,18.7491,
27.0048,25.182,18.6738,
27.0048,25.0735,18.6738,
27.0048,25.4008,18.3761,
27.1245,25.182,17.9399,
26.65,25.182,17.9399,
26.65,25.2911,17.8683,
26.4169,25.0735,17.8683,
26.1865,25.182,17.8683,
25.7337,24.9657,17.7971,
25.182,24.9657,17.7971,
24.5402,24.9657,18.1565,
23.9195,24.9657,18.7491,
23.2205,24.9657,18.7491,
22.2663,24.8584,18.2293,
21.3607,24.8584,13.2471,
20.5841,24.7517,11.8253,
19.8416,24.9657,12.3948,
18.9007,24.8584,12.739,
18.1565,24.8584,12.6893,
17.5154,24.8584,12.6893,
16.9672,24.8584,12.7889,
16.3732,24.9657,12.7889,
15.8645,24.8584,12.6893,
15.1927,24.7517,12.8894,
15.0739,24.8584,12.5412,
14.7811,24.7517,12.6893,
14.6084,24.8584,13.8835,
14.3812,24.9657,13.4559,
14.2133,24.8584,13.0926,
14.1025,25.0735,12.0123,
13.9926,24.9657,12.9906,
13.9379,24.9657,13.4034,
13.8293,24.8584,12.739,
13.7753,24.9657,12.3948,
13.7216,24.8584,12.25,
13.668,24.9657,12.6397,
13.668,24.8584,12.8894,
13.6147,24.9657,12.5412,
13.6147,24.8584,12.3948,
13.5615,24.8584,12.1069,
