12.1069,28.3615,23.2205,
12.1069,28.4893,23.3188,
12.1069,28.2344,23.3188,
12.1069,28.2344,23.4175,
12.1069,28.3615,23.5168,
12.1069,28.4893,23.3188,
12.1069,28.2344,23.4175,
12.1069,28.3615,23.4175,
12.0595,28.2344,23.5168,
12.0595,28.2344,23.4175,
12.0595,28.1081,23.3188,
12.0595,27.9825,23.1228,
12.0595,28.2344,22.9289,
12.0595,27.9825,22.7371,
12.0595,27.9825,22.7371,
12.1069,27.9825,22.2663,
12.1544,28.2344,22.0814,
12.2021,27.9825,22.1736,
12.25,28.4893,22.5473,
12.5904,28.618,23.3188,
12.9906,28.4893,23.3188,
13.5086,28.7475,22.5473,
15.2525,28.4893,21.2727,
16.3086,28.3615,20.7537,
18.0117,28.7475,19.2084,
19.1309,28.618,19.1309,
20.1676,28.4893,20.7537,
21.1851,28.3615,22.3595,
22.2663,28.3615,24.1241,
23.2205,28.4893,23.6167,
24.0215,29.1407,22.7371,
23.9195,29.2734,21.8984,
25.2911,29.0088,21.0112,
25.182,29.5413,23.6167,
26.3014,29.6765,21.9897,
26.7676,29.9495,21.8984,
27.2449,29.6765,20.0038,
27.366,29.8126,23.1228,
27.7337,29.5413,23.6167,
27.7337,29.8126,23.4175,
27.7337,29.8126,22.3595,
27.8577,29.8126,23.4175,
27.7337,29.8126,23.818,
27.2449,29.6765,23.818,
27.1245,29.5413,23.4175,
26.8858,29.4069,21.9897,
26.5331,29.5413,20.0855,
25.8459,29.5413,20.5,
25.182,29.2734,21.7174,
24.1241,29.5413,22.1736,
22.9289,29.2734,22.0814,
21.7174,29.4069,21.9897,
20.5841,29.2734,21.8984,
19.443,29.2734,23.6167,
18.5242,29.2734,22.0814,
17.6556,29.1407,21.8984,
16.9,29.1407,21.0112,
16.1804,29.1407,21.2727,
16.0532,29.0088,21.7174,
15.6781,28.8777,20.0855,
15.3728,29.0088,20.333,
15.1332,28.8777,21.4492,
14.9561,28.7475,20.5841,
14.7811,28.7475,22.7371,
14.6084,28.8777,23.818,
14.4943,28.7475,23.818,
14.3251,28.8777,23.818,
14.2133,28.7475,15.0149,
14.1578,28.7475,17.2388,
14.0474,28.7475,18.0117,
13.9926,28.618,16.9672,
13.8835,28.7475,16.3732,
13.8293,28.4893,16.9,
13.7753,28.2344,16.8331,
13.7216,28.3615,18.3761,
13.668,28.618,16.1166,
13.6147,28.4893,16.1804,
13.6147,28.618,16.3086,
13.5615,28.3615,19.2084,
13.5086,28.3615,21.5381,
13.5086,28.1081,21.2727,
13.4559,28.2344,17.9399,
13.4034,28.3615,18.6738,
13.3511,28.3615,18.5242,
13.3511,28.2344,19.2862,
13.3511,28.1081,19.681,
13.299,28.2344,19.9225,
