12.9399,25.182,20.2501,
12.9399,25.182,20.0855,
12.9906,25.0735,20.2501,
12.9906,25.182,20.1676,
12.9906,25.0735,20.1676,
13.0415,25.182,20.2501,
12.9906,25.0735,20.1676,
13.0415,25.182,20.1676,
12.9906,25.0735,20.1676,
12.8391,25.182,20.1676,
12.9399,24.9657,20.0855,
12.9399,25.0735,20.0855,
13.0415,25.0735,20.1676,
13.1954,25.182,20.0855,
13.299,24.9657,20.0038,
13.668,25.2911,19.9225,
14.5512,25.182,19.9225,
15.8021,25.182,19.9225,
15.9271,25.2911,19.8416,
18.3761,25.2911,19.9225,
19.5219,25.2911,20.0855,
20.5841,25.2911,20.4163,
21.7174,25.2911,20.4163,
22.642,25.4008,20.5,
23.3188,25.2911,20.6687,
23.9195,25.4008,20.5841,
24.4353,25.4008,20.6687,
24.7517,25.7337,20.6687,
25.182,25.7337,20.6687,
25.4008,25.8459,20.6687,
24.9657,25.6221,20.6687,
26.5331,25.7337,20.6687,
26.65,25.5111,20.5841,
27.1245,25.6221,20.5841,
27.1245,25.5111,20.5841,
27.1245,25.4008,20.4163,
27.0048,25.2911,20.5,
26.8858,25.4008,20.5,
26.65,25.2911,20.5,
25.9588,25.2911,20.4163,
25.7337,25.182,20.2501,
25.0735,25.0735,20.5,
24.331,25.182,20.5841,
23.4175,25.182,20.4163,
22.2663,24.8584,20.5841,
21.0112,25.182,20.5,
20.0038,25.4008,20.5841,
19.0538,25.4008,20.5,
18.0117,24.9657,20.5,
17.1705,25.2911,20.5,
16.5686,25.182,20.5,
16.1166,25.182,20.4163,
15.6166,25.182,20.5,
15.2525,25.4008,20.5841,
14.9561,25.2911,20.5841,
14.7233,25.2911,20.5,
14.5512,25.182,20.4163,
14.3251,25.182,20.5841,
14.2133,25.0735,20.5841,
14.1025,25.182,20.4163,
13.9926,25.2911,20.5,
13.8835,25.182,20.4163,
13.8293,25.182,20.4163,
13.7216,25.2911,20.4163,
13.668,25.2911,20.5,
13.6147,25.182,20.4163,
13.6147,25.182,20.4163,
13.5615,25.0735,20.4163,
13.5086,25.0735,20.4163,
13.5086,25.182,20.4163,
13.5086,25.182,20.4163,
13.4559,25.0735,20.4163,
13.4559,25.182,20.4163,
13.4034,25.182,20.4163,
