13.0926,27.1245,20.2501,
13.0926,27.1245,20.1676,
13.0926,27.0048,20.333,
13.0415,27.1245,20.1676,
13.0415,27.2449,20.0038,
13.0415,27.1245,20.1676,
13.0415,27.4878,20.0855,
13.0415,27.6104,20.0855,
13.0926,27.7337,20.0855,
13.1439,27.7337,20.0038,
13.299,27.6104,20.0855,
13.7216,27.7337,20.1676,
14.8392,27.6104,20.0855,
16.2444,27.7337,19.8416,
17.4458,27.6104,19.6013,
18.3761,27.7337,19.5219,
19.2862,27.7337,19.443,
20.1676,27.4878,19.1309,
20.7537,27.7337,18.8247,
21.3607,27.7337,18.5988,
22.1736,27.9825,18.5242,
22.642,27.9825,19.2862,
23.0256,27.7337,19.9225,
23.7171,27.7337,19.1309,
24.2273,27.7337,19.5219,
24.5402,27.9825,19.2084,
24.6457,27.9825,19.2084,
25.0735,27.8577,19.3644,
25.5111,27.8577,19.3644,
25.5111,28.1081,19.681,
26.3014,27.9825,19.7611,
26.65,28.1081,19.6013,
26.8858,28.1081,19.6013,
27.0048,28.1081,19.6013,
27.0048,28.2344,19.5219,
27.0048,28.2344,19.443,
26.8858,27.8577,19.5219,
26.65,28.2344,19.443,
26.4169,27.9825,19.443,
26.1865,28.1081,19.443,
25.6221,28.1081,19.3644,
25.182,27.7337,19.443,
24.331,27.8577,19.443,
23.5168,28.1081,19.3644,
22.5473,27.7337,19.2084,
21.3607,28.1081,18.1565,
20.2501,27.8577,18.3026,
19.2862,27.9825,18.3761,
18.3026,27.8577,18.9007,
17.5154,28.1081,18.7491,
16.9,27.9825,18.45,
16.3086,27.8577,18.7491,
15.8021,28.1081,18.3761,
15.4334,28.1081,18.8247,
15.0739,27.9825,19.2862,
14.8392,27.9825,19.2862,
14.6084,27.8577,19.443,
14.4377,27.9825,19.443,
14.3251,27.9825,19.2862,
14.2133,27.7337,19.2084,
14.1025,27.9825,17.7262,
13.9926,27.9825,17.3075,
13.9379,27.7337,19.2084,
13.8835,27.7337,19.0538,
13.8293,27.7337,18.9771,
13.7753,27.7337,19.1309,
13.7753,27.6104,19.2084,
13.7216,27.8577,19.3644,
13.668,27.8577,19.2862,
