13.4559,25.4008,19.0538,
13.5086,25.4008,19.0538,
13.5086,25.5111,19.0538,
13.5086,25.4008,19.0538,
13.4559,25.4008,19.0538,
13.4559,25.4008,19.1309,
13.5086,25.4008,18.9771,
13.4559,25.4008,19.0538,
13.5086,25.0735,19.0538,
13.5086,25.2911,18.9771,
13.5086,25.4008,19.1309,
13.5086,25.2911,19.1309,
13.5086,25.4008,19.0538,
13.5086,25.4008,19.0538,
13.5086,25.2911,19.1309,
13.5615,25.4008,19.1309,
13.7216,25.4008,19.2084,
14.0474,25.5111,19.1309,
14.4943,25.5111,19.1309,
15.3728,25.5111,19.2084,
16.5686,25.2911,19.2084,
17.5154,25.5111,19.2862,
18.1565,25.5111,19.2084,
19.0538,25.5111,19.3644,
19.681,25.5111,19.2862,
20.333,25.5111,19.2862,
21.1851,25.6221,19.2862,
21.8984,25.5111,19.2084,
22.5473,25.4008,19.0538,
23.2205,25.5111,18.9771,
23.7171,25.7337,19.0538,
24.331,25.7337,19.0538,
24.6457,25.7337,19.1309,
25.0735,25.7337,19.7611,
25.2911,25.8459,19.681,
25.7337,25.8459,19.3644,
25.9588,25.8459,20.1676,
26.4169,25.9588,19.7611,
26.7676,25.9588,19.2084,
26.7676,25.9588,19.2084,
26.8858,25.8459,18.9007,
27.1245,25.8459,18.7491,
26.8858,25.7337,18.8247,
27.0048,25.7337,18.7491,
26.65,25.7337,18.7491,
26.65,25.6221,19.0538,
26.5331,25.7337,19.0538,
26.3014,25.6221,18.9771,
26.0723,25.6221,18.9771,
25.6221,25.6221,18.9007,
25.2911,25.4008,18.9007,
24.7517,25.6221,18.7491,
24.2273,25.5111,18.5242,
23.5168,25.6221,18.3761,
22.8328,25.5111,18.3761,
21.8077,25.5111,18.45,
20.8391,25.4008,18.3761,
20.0855,25.2911,18.3761,
19.0538,25.4008,18.3761,
18.0839,25.182,18.45,
17.4458,25.4008,18.5242,
16.7666,25.2911,18.0839,
16.2444,25.2911,17.9399,
15.74,25.2911,18.0117,
15.3126,25.2911,18.5242,
15.0149,25.2911,18.9771,
14.8392,25.4008,19.1309,
14.6084,25.4008,19.0538,
14.4943,25.2911,20.0038,
14.3812,25.4008,19.9225,
14.2133,25.4008,19.7611,
14.1025,25.4008,19.681,
14.0474,25.4008,19.681,
13.9926,25.4008,19.2862,
13.9379,25.4008,19.9225,
13.7753,25.4008,19.3644,
13.7753,25.5111,19.681,
13.8293,25.5111,20.0855,
13.8293,25.5111,19.5219,
13.7753,25.5111,19.1309,
13.7753,25.5111,18.8247,
13.8293,25.6221,18.6738,
13.8293,25.6221,18.5988,
13.8293,25.6221,18.5988,
13.8835,25.7337,18.7491,
14.2133,26.1865,19.0538,
14.2691,26.1865,19.1309,
14.2691,26.1865,19.0538,
