13.1439,25.5111,21.8077,
13.1439,25.7337,21.7174,
13.1439,25.6221,21.6275,
13.0926,25.6221,21.6275,
13.1439,25.5111,21.5381,
13.0926,25.6221,21.5381,
13.0926,25.5111,21.4492,
13.0926,25.6221,21.3607,
13.0926,25.7337,21.2727,
13.0926,25.5111,21.0112,
13.1439,25.6221,21.4492,
13.1954,25.6221,21.5381,
13.3511,25.7337,21.5381,
13.7753,25.5111,22.0814,
14.8975,25.8459,22.4531,
16.6343,25.7337,22.4531,
18.45,25.7337,22.2663,
20.2501,25.8459,21.9897,
21.8984,25.7337,21.6275,
22.5473,25.7337,21.1851,
24.2273,25.8459,22.642,
24.8584,25.9588,23.2205,
25.4008,26.1865,23.1228,
25.8459,26.1865,23.0256,
26.1865,25.9588,22.4531,
26.7676,26.1865,22.5473,
27.0048,26.0723,20.5,
27.2449,26.3014,20.8391,
27.2449,26.3014,21.5381,
27.2449,26.1865,21.0112,
27.2449,26.1865,21.1851,
26.8858,26.0723,21.1851,
26.65,26.0723,21.1851,
25.9588,25.9588,21.1851,
25.4008,25.8459,21.5381,
24.4353,25.7337,20.7537,
23.3188,25.8459,21.0112,
21.9897,25.7337,21.4492,
20.2501,25.8459,21.1851,
19.0538,25.8459,21.4492,
18.0839,25.7337,21.4492,
17.1705,25.9588,22.3595,
16.5686,25.7337,22.2663,
15.99,25.8459,23.0256,
15.6166,25.8459,23.1228,
15.2525,25.7337,23.0256,
15.0149,25.5111,23.3188,
14.7811,25.7337,21.6275,
14.5512,25.6221,21.6275,
14.3812,25.7337,22.1736,
14.2133,25.7337,21.8077,
14.1025,25.7337,21.9897,
13.9926,25.9588,20.9249,
13.8835,25.9588,20.9249,
13.8293,25.8459,21.0979,
13.7753,25.8459,21.0979,
13.7216,25.8459,20.5841,
13.668,25.7337,20.6687,
13.6147,25.7337,20.7537,
13.5615,25.6221,20.8391,
13.5086,25.6221,21.0112,
13.5086,25.6221,21.0979,
13.5086,25.6221,21.6275,
13.4559,25.5111,22.1736,
