13.3511,25.182,19.443,
13.3511,25.182,19.3644,
13.3511,25.2911,19.3644,
13.3511,25.182,19.3644,
13.299,25.182,19.3644,
13.299,25.182,19.3644,
13.299,25.182,19.3644,
13.299,25.182,19.3644,
13.299,25.0735,19.3644,
13.3511,25.182,19.2862,
13.4559,25.0735,19.2862,
13.668,25.0735,19.3644,
14.1578,25.0735,19.3644,
15.0739,25.0735,19.3644,
16.1166,25.0735,19.3644,
17.0346,24.9657,19.2862,
17.8683,25.2911,19.2862,
18.8247,25.182,19.3644,
19.681,25.2911,19.1309,
20.4163,25.2911,18.7491,
21.0112,25.2911,18.7491,
21.7174,25.2911,19.2862,
22.4531,25.182,19.9225,
23.0256,25.2911,16.3086,
23.6167,25.2911,18.5988,
24.331,25.2911,16.438,
24.6457,25.2911,19.1309,
24.9657,25.4008,18.7491,
25.2911,25.5111,19.1309,
25.7337,25.5111,19.2862,
26.1865,25.6221,19.443,
26.3014,25.5111,19.5219,
26.8858,25.5111,19.443,
26.7676,25.5111,19.2084,
26.8858,25.5111,19.2862,
26.8858,25.5111,19.3644,
26.65,25.5111,19.443,
26.65,25.6221,19.3644,
26.4169,25.5111,19.443,
26.0723,25.5111,19.3644,
26.0723,25.5111,19.2862,
25.8459,25.5111,19.3644,
25.2911,25.5111,19.2862,
24.7517,25.4008,19.2862,
24.1241,25.5111,19.2862,
23.4175,25.6221,19.2862,
22.5473,25.4008,19.3644,
21.6275,25.4008,19.2862,
20.7537,25.4008,19.2084,
19.8416,25.4008,18.45,
19.0538,25.2911,18.2293,
18.2293,25.2911,18.6738,
17.5154,25.2911,18.7491,
16.9672,25.2911,17.1024,
16.5032,25.2911,15.8021,
16.0532,25.2911,18.5242,
15.5552,25.2911,18.7491,
15.2525,25.4008,18.3026,
14.9561,25.2911,17.9399,
14.7233,25.182,18.1565,
14.5512,25.2911,18.8247,
14.3812,25.4008,17.7971,
14.2133,25.2911,17.4458,
14.1025,25.4008,18.3761,
14.0474,25.4008,19.443,
13.9379,25.4008,19.2084,
13.8835,25.6221,19.3644,
13.7753,25.7337,19.9225,
13.7216,25.8459,19.443,
13.668,25.7337,19.3644,
13.6147,26.0723,19.2084,
13.5615,25.9588,19.2084,
13.5086,26.0723,19.2084,
13.5086,26.1865,19.6013,
13.5086,25.9588,19.8416,
13.4559,25.9588,19.7611,
13.4559,26.0723,19.7611,
13.4034,26.0723,19.9225,
