13.0415,25.4008,18.7491,
13.0926,25.2911,18.8247,
13.0415,25.2911,18.9007,
13.0415,25.2911,18.9007,
13.0415,25.182,18.9771,
13.0415,25.182,18.9007,
13.0415,25.2911,18.9771,
12.9906,25.2911,19.0538,
13.0415,25.182,19.1309,
12.9906,25.182,19.0538,
12.9906,25.182,19.1309,
12.9906,25.182,19.1309,
12.9906,25.0735,19.1309,
13.0415,25.0735,19.1309,
13.2471,25.2911,19.1309,
13.668,25.2911,19.0538,
14.7233,25.182,19.1309,
16.3086,25.2911,19.1309,
17.8683,25.4008,19.0538,
19.2862,25.5111,18.9007,
20.5,25.4008,18.3026,
21.5381,25.4008,17.4458,
22.5473,25.4008,19.0538,
23.2205,25.5111,19.5219,
23.7171,25.4008,17.3075,
24.1241,25.5111,18.9007,
24.5402,25.5111,19.3644,
25.0735,25.4008,19.2084,
25.4008,25.5111,15.0149,
25.6221,25.5111,16.7666,
25.9588,25.6221,16.1804,
26.3014,25.6221,19.5219,
26.5331,25.6221,19.1309,
26.8858,25.6221,19.6013,
27.0048,25.6221,19.3644,
27.0048,25.6221,19.443,
26.8858,25.7337,19.443,
26.65,25.7337,19.443,
26.4169,25.5111,19.3644,
26.1865,25.6221,19.3644,
25.7337,25.5111,19.2862,
25.2911,25.6221,19.3644,
24.331,25.6221,19.3644,
23.6167,25.5111,19.3644,
22.8328,25.6221,19.2862,
21.7174,25.5111,19.3644,
20.8391,25.6221,19.443,
19.8416,25.5111,19.5219,
19.1309,25.5111,19.5219,
18.2293,25.5111,19.443,
17.5854,25.4008,19.443,
16.9672,25.4008,19.3644,
16.5032,25.4008,19.3644,
16.1166,25.2911,19.2862,
15.6781,25.4008,18.9007,
15.2525,25.6221,16.6343,
14.9561,25.4008,17.5154,
14.7233,25.5111,17.0346,
14.4943,25.4008,18.8247,
14.3251,25.5111,18.1565,
14.1578,25.5111,16.3086,
14.0474,25.4008,18.0117,
13.9379,25.4008,18.5988,
13.8835,25.5111,18.6738,
13.7753,25.5111,19.2084,
13.7216,25.5111,19.2862,
13.7216,25.5111,19.3644,
13.7216,25.6221,19.5219,
