13.3511,25.4008,19.681,
13.3511,25.2911,19.681,
13.3511,25.2911,19.6013,
13.3511,25.2911,19.681,
13.3511,25.2911,19.6013,
13.3511,25.4008,19.6013,
13.3511,25.182,19.6013,
13.3511,25.2911,19.5219,
13.3511,25.4008,19.6013,
13.3511,25.2911,19.5219,
13.3511,25.4008,19.5219,
13.3511,25.4008,19.6013,
13.3511,25.2911,19.5219,
13.3511,25.2911,19.6013,
13.4034,25.2911,19.6013,
13.4559,25.2911,19.5219,
13.5615,25.182,19.5219,
13.7753,25.182,19.443,
14.2133,25.2911,19.443,
15.1927,25.182,19.443,
16.3086,25.2911,19.3644,
17.3765,25.182,19.2862,
18.3761,25.2911,19.2862,
19.2862,25.2911,19.2862,
20.2501,25.2911,19.2084,
21.0112,25.2911,19.2084,
21.8077,25.2911,19.2084,
22.7371,25.2911,19.2084,
23.5168,25.182,19.2084,
23.818,25.4008,19.2084,
24.6457,25.7337,19.2084,
25.0735,25.8459,19.3644,
25.7337,25.8459,19.2862,
25.9588,25.9588,19.3644,
26.4169,25.7337,19.3644,
26.8858,25.9588,19.443,
27.366,25.8459,19.8416,
27.366,25.8459,19.443,
27.2449,25.8459,19.2084,
27.0048,25.7337,19.1309,
26.8858,25.7337,18.9771,
26.5331,25.7337,18.7491,
26.1865,25.8459,18.8247,
25.7337,25.6221,18.6738,
25.182,25.5111,18.7491,
24.5402,25.5111,18.7491,
23.818,25.6221,18.7491,
22.9289,25.5111,19.1309,
22.0814,25.7337,19.2084,
21.0979,25.5111,19.1309,
20.2501,25.6221,18.9771,
19.3644,25.5111,18.3026,
18.45,25.5111,18.2293,
17.6556,25.6221,19.2862,
17.1024,25.5111,19.3644,
16.7003,25.6221,19.3644,
16.1166,25.5111,19.3644,
15.74,25.5111,19.3644,
15.3728,25.5111,19.5219,
15.0739,25.5111,19.443,
14.8392,25.6221,19.3644,
14.6657,25.4008,19.3644,
14.4943,25.5111,19.3644,
14.3812,25.5111,19.2862,
14.2691,25.6221,19.2084,
14.1025,25.5111,19.2084,
14.1025,25.7337,19.2862,
14.1025,25.6221,19.443,
14.0474,25.7337,19.5219,
13.9926,25.6221,19.5219,
13.9926,25.7337,19.6013,
13.8293,25.7337,19.3644,
13.7753,25.6221,19.443,
13.8293,25.6221,19.5219,
13.9379,25.8459,19.6013,
13.7216,25.5111,19.443,
