13.299,24.8584,14.1025,
13.299,25.0735,14.2691,
13.299,24.9657,14.3251,
13.2471,25.0735,14.4377,
13.2471,24.9657,14.6084,
13.2471,24.9657,14.4943,
13.2471,24.9657,14.4377,
13.2471,24.8584,14.3251,
13.299,24.9657,14.3812,
13.299,24.9657,14.3251,
13.3511,25.0735,14.3251,
13.4034,24.9657,14.2691,
13.5615,24.7517,14.2691,
13.8835,24.9657,14.1578,
14.4943,24.9657,14.2133,
15.6781,24.9657,12.8894,
16.7003,24.8584,11.6869,
17.7262,24.9657,11.1042,
18.9007,25.0735,14.4943,
19.9225,24.9657,15.0739,
21.0112,24.9657,14.7233,
21.9897,24.8584,16.8331,
22.9289,25.0735,17.0346,
23.6167,25.2911,17.1705,
23.9195,25.2911,17.1705,
24.331,25.5111,17.4458,
24.8584,25.5111,17.1705,
25.5111,25.6221,17.1024,
25.9588,25.6221,17.1024,
26.4169,25.6221,16.9672,
26.65,25.7337,16.3086,
27.0048,25.8459,15.4334,
28.2344,27.0048,16.438,
28.3615,26.65,16.3086,
27.8577,26.65,16.7003,
27.366,26.3014,16.8331,
27.4878,26.1865,17.0346,
27.2449,25.8459,16.7666,
26.8858,25.8459,18.7491,
26.5331,25.8459,18.9007,
26.3014,25.7337,18.9007,
25.8459,25.6221,16.5032,
25.4008,25.2911,16.2444,
24.9657,25.4008,16.3086,
24.4353,25.4008,16.2444,
23.818,25.2911,16.5032,
23.2205,25.4008,14.8392,
22.5473,25.2911,15.6166,
21.8077,25.4008,13.8835,
20.9249,25.182,15.99,
20.0038,25.2911,18.1565,
19.1309,25.2911,18.3761,
18.3026,25.182,13.5086,
17.6556,25.2911,14.1025,
17.1024,25.2911,13.5615,
16.7003,25.2911,15.3728,
16.3086,25.2911,15.74,
15.8645,25.182,12.8894,
15.5552,25.2911,17.0346,
15.2525,25.2911,16.3732,
14.9561,25.182,17.6556,
14.7233,25.182,18.8247,
14.5512,25.2911,18.3761,
14.4377,25.182,18.3761,
14.2691,25.4008,18.2293,
14.1578,25.2911,18.0117,
14.0474,25.2911,17.7971,
13.9379,25.182,17.5154,
13.8293,25.2911,16.9,
13.7753,25.2911,16.0532,
13.7216,25.2911,16.3732,
13.5615,25.182,16.1166,
13.5615,25.0735,15.4942,
13.5615,25.2911,14.5512,
13.5086,25.182,15.2525,
13.5086,25.182,15.74,
13.4559,25.182,16.1804,
13.4559,25.182,16.3086,
13.4559,25.182,16.2444,
13.4034,25.2911,16.1804,
