13.1954,26.3014,21.6275,
13.1954,26.3014,21.4492,
13.1954,26.1865,21.6275,
13.1954,26.4169,21.9897,
13.1954,26.1865,21.7174,
13.1439,26.3014,21.7174,
13.1439,26.3014,21.7174,
13.1439,26.3014,21.7174,
13.1439,26.1865,21.6275,
13.0926,26.1865,21.8077,
13.1439,26.3014,21.8077,
13.1954,26.1865,21.8077,
13.2471,26.1865,21.6275,
13.3511,26.1865,21.6275,
13.6147,26.1865,21.4492,
14.2133,26.4169,21.3607,
15.4942,26.4169,21.5381,
17.3765,26.5331,21.1851,
19.2862,26.4169,21.0979,
20.8391,26.4169,21.2727,
22.1736,26.4169,22.0814,
23.4175,26.4169,22.4531,
24.2273,26.65,21.7174,
25.0735,26.8858,25.0735,
25.8459,26.7676,25.5111,
25.182,26.7676,23.3188,
27.0048,26.65,23.6167,
27.2449,26.65,22.5473,
27.4878,26.8858,22.8328,
27.366,26.7676,22.9289,
27.366,26.8858,22.5473,
27.2449,26.7676,22.5473,
27.0048,26.7676,22.5473,
26.4169,26.7676,22.5473,
25.9588,26.65,22.5473,
25.182,26.5331,21.6275,
24.1241,26.4169,21.9897,
23.0256,26.4169,22.0814,
21.7174,26.3014,21.0979,
20.4163,26.3014,21.2727,
19.2862,26.1865,22.2663,
18.2293,26.3014,21.3607,
17.4458,25.8459,22.2663,
16.8331,26.3014,22.2663,
16.3732,26.0723,21.8077,
15.99,21.4492,21.8077,
15.6781,21.3607,21.9897,
15.3728,21.5381,21.8984,
15.0739,22.0814,21.9897,
14.8392,22.8328,22.9289,
14.6657,24.5402,21.9897,
14.4377,23.818,22.5473,
14.3251,24.1241,22.9289,
14.2133,24.4353,22.7371,
14.1025,24.9657,22.7371,
13.9926,25.182,21.8077,
13.9379,25.6221,21.0112,
13.8835,25.8459,24.4353,
13.8293,25.8459,23.2205,
13.7753,26.1865,24.0215,
13.7216,26.4169,21.3607,
13.668,25.8459,21.4492,
13.6147,25.7337,21.0112,
13.6147,25.7337,21.3607,
13.5615,25.7337,21.2727,
13.5086,25.7337,20.9249,
13.5086,25.6221,20.9249,
13.5086,25.7337,21.0979,
13.4559,25.7337,21.2727,
13.4559,25.7337,21.0979,
13.4559,25.7337,21.0979,
13.4559,25.7337,21.2727,
