13.0415,25.4008,20.0855,
13.0415,25.2911,20.0855,
13.0415,25.2911,20.0855,
13.0415,25.2911,20.0855,
13.0415,25.4008,20.1676,
12.9906,25.2911,20.0855,
13.0415,25.2911,20.0855,
12.7889,25.4008,20.0855,
13.0415,25.4008,20.0855,
12.9399,25.2911,20.1676,
12.9399,25.182,20.0855,
13.1954,25.4008,20.0855,
13.668,25.182,20.0855,
14.7233,25.4008,20.0038,
16.1166,25.2911,20.0038,
17.4458,25.4008,19.9225,
18.9771,25.2911,19.7611,
20.1676,25.4008,20.0038,
21.5381,25.2911,20.0038,
22.642,25.4008,20.0855,
23.818,25.2911,20.0855,
24.5402,25.7337,20.0038,
25.6221,26.0723,20.0855,
23.2205,25.7337,20.0855,
24.2273,25.8459,20.2501,
27.1245,25.8459,20.0855,
26.8858,25.8459,20.1676,
27.4878,25.8459,20.1676,
27.6104,25.8459,20.0855,
27.366,25.8459,20.0038,
27.2449,25.8459,20.0038,
26.8858,25.8459,20.0038,
26.65,25.7337,20.0038,
26.0723,25.6221,20.0038,
25.6221,25.5111,19.8416,
24.8584,25.6221,19.8416,
23.9195,25.6221,19.9225,
22.7371,25.6221,19.8416,
20.9249,25.6221,19.8416,
20.333,25.6221,19.7611,
19.443,25.5111,19.8416,
19.2862,25.6221,19.9225,
18.0839,25.6221,20.0855,
17.5154,25.6221,20.0855,
16.5032,25.6221,20.0855,
16.1166,25.6221,20.0855,
15.6781,25.6221,20.2501,
15.2525,25.6221,20.1676,
14.8975,25.6221,20.0855,
14.6657,25.6221,20.0038,
14.3812,25.5111,20.0038,
14.2691,25.6221,20.0038,
14.1025,25.6221,20.0855,
13.9926,25.5111,20.0038,
13.8835,25.5111,20.0038,
13.7753,25.5111,20.0038,
13.7216,25.5111,20.0038,
13.668,25.5111,20.0038,
13.6147,25.5111,20.0038,
13.5615,25.5111,20.0038,
13.5086,25.5111,20.0855,
13.4559,25.5111,19.9225,
13.4559,25.5111,20.0038,
13.3511,25.6221,19.9225,
13.3511,25.6221,19.8416,
13.299,25.5111,19.9225,
13.299,25.6221,19.8416,
13.299,25.5111,19.8416,
