453,482,464,
453,483,464,
453,481,466,
454,483,466,
454,483,464,
453,481,465,
453,482,466,
454,482,464,
452,481,466,
454,483,464,
454,482,466,
454,481,465,
454,481,465,
452,481,466,
454,483,465,
454,481,464,
453,482,467,
454,482,465,
455,483,465,
455,481,465,
454,479,464,
455,478,464,
453,475,465,
453,471,466,
452,463,465,
452,455,463,
452,449,463,
450,441,464,
448,433,463,
449,427,451,
450,423,463,
448,417,464,
448,414,457,
448,411,462,
448,408,451,
446,403,465,
447,404,459,
444,403,452,
443,400,458,
441,397,451,
442,395,447,
442,397,392,
440,394,427,
441,393,449,
439,394,448,
440,393,453,
439,393,452,
440,392,452,
440,392,451,
440,397,453,
441,395,453,
441,397,454,
442,397,451,
441,400,453,
443,401,452,
441,403,454,
441,405,454,
444,407,454,
444,407,455,
443,411,456,
442,411,454,
443,414,455,
444,414,454,
443,413,455,
442,414,455,
444,418,455,
444,418,455,
444,420,455,
444,420,456,
444,424,455,
444,425,456,
443,429,458,
445,434,457,
444,436,453,
445,439,440,
445,442,441,
446,446,441,
445,448,441,
446,449,439,
446,452,439,
444,454,442,
446,457,442,
445,461,446,
446,461,433,
444,465,457,
445,466,385,
444,471,422,
443,472,454,
444,473,453,
445,474,455,
445,478,457,
443,479,460,
444,479,459,
444,482,453,
444,482,427,
444,484,463,
443,482,460,
442,482,464,
443,484,463,
444,484,457,
444,486,467,
444,484,464,
444,483,460,
444,484,465,
445,486,466,
445,484,466,
442,483,468,
444,485,469,
445,485,467,
445,484,467,
445,484,469,
445,482,470,
445,484,429,
447,483,451,
447,480,472,
447,480,468,
449,478,467,
450,476,478,
449,472,471,
449,471,463,
451,469,460,
451,464,460,
452,458,462,
455,451,488,
456,448,485,
460,441,476,
462,434,491,
466,429,467,
468,421,484,
470,413,462,
472,406,501,
475,403,497,
478,400,481,
480,394,467,
481,393,462,
482,392,463,
482,390,463,
485,390,462,
485,386,462,
485,383,463,
488,381,540,
490,379,541,
491,380,526,
491,376,512,
491,374,525,
493,372,527,
494,373,531,
496,371,502,
498,371,540,
498,367,498,
497,365,461,
499,364,475,
499,363,524,
499,357,493,
499,356,525,
500,354,546,
501,353,502,
502,353,488,
503,350,540,
504,351,549,
505,352,502,
505,353,549,
509,354,519,
511,353,553,
513,355,548,
515,353,545,
515,354,506,
519,357,542,
522,356,541,
523,356,540,
525,357,524,
526,357,505,
527,358,534,
528,357,537,
529,357,543,
530,357,501,
529,359,530,
530,357,477,
531,357,459,
532,360,458,
531,357,461,
531,358,458,
533,359,457,
533,360,456,
532,357,485,
534,361,466,
534,360,459,
533,359,458,
534,357,460,
535,360,463,
533,359,524,
535,360,525,
535,361,492,
536,359,511,
536,360,504,
535,361,476,
536,360,468,
535,360,468,
537,363,467,
537,363,466,
536,363,465,
536,362,466,
538,362,466,
537,362,478,
537,364,525,
538,363,526,
