439,488,453,
440,491,452,
441,490,451,
440,488,452,
439,489,453,
440,489,454,
441,489,453,
440,489,453,
440,491,452,
441,490,451,
441,490,449,
440,489,451,
441,491,453,
442,490,452,
441,490,450,
442,491,453,
441,489,451,
441,488,447,
441,489,454,
441,488,453,
441,486,454,
441,484,453,
442,482,428,
440,479,453,
441,472,452,
441,466,452,
442,456,453,
441,450,453,
440,445,452,
441,439,451,
441,432,426,
440,426,449,
440,423,450,
439,421,450,
441,417,452,
440,413,452,
438,411,455,
438,408,453,
439,405,455,
440,403,449,
438,400,454,
438,399,454,
440,395,452,
439,396,453,
438,395,452,
438,392,452,
439,389,452,
438,387,451,
437,387,450,
435,387,452,
436,387,452,
434,387,453,
435,388,451,
436,391,450,
436,389,451,
435,388,452,
436,389,451,
437,389,452,
438,390,449,
438,392,451,
438,393,452,
437,392,453,
439,394,454,
439,395,452,
439,398,453,
439,399,454,
440,399,453,
438,402,455,
440,405,411,
438,400,452,
440,402,452,
438,407,455,
440,407,453,
440,406,452,
441,408,454,
441,411,453,
441,412,452,
440,413,453,
440,417,453,
440,419,455,
441,420,453,
439,421,453,
439,424,454,
440,426,453,
440,428,454,
439,428,455,
439,430,454,
441,431,453,
440,433,456,
439,437,466,
440,438,476,
440,443,479,
441,447,480,
440,450,484,
439,452,487,
441,457,487,
441,460,470,
440,464,496,
440,467,496,
441,468,495,
442,471,501,
440,475,504,
440,478,460,
442,480,497,
442,482,500,
441,484,502,
443,486,499,
444,486,500,
443,488,499,
441,487,501,
441,490,499,
444,490,501,
443,490,502,
442,490,503,
442,492,502,
442,493,505,
442,494,505,
443,494,505,
444,496,506,
442,495,505,
443,496,503,
442,496,503,
443,497,506,
444,497,504,
444,495,504,
443,497,504,
444,498,505,
444,497,503,
444,497,499,
443,496,498,
446,497,498,
446,495,500,
445,495,500,
446,492,499,
446,492,497,
446,490,497,
448,486,500,
447,479,502,
448,470,497,
448,454,494,
448,440,494,
449,429,493,
450,426,491,
451,421,493,
453,417,498,
455,412,511,
458,410,507,
459,409,496,
460,403,511,
464,400,479,
467,395,471,
470,393,461,
470,387,468,
471,387,472,
472,383,487,
470,381,503,
469,379,497,
469,379,471,
470,377,511,
470,375,511,
470,374,511,
472,375,511,
472,372,502,
475,370,506,
476,371,510,
478,371,508,
478,371,510,
479,368,507,
482,368,440,
483,368,434,
485,368,510,
487,368,497,
488,366,508,
488,366,506,
492,369,510,
494,367,508,
494,369,509,
494,364,510,
497,364,492,
495,362,509,
497,364,510,
500,363,502,
502,361,509,
502,361,454,
505,360,482,
507,358,442,
511,360,455,
515,359,458,
517,360,477,
516,359,455,
518,361,456,
518,360,455,
520,357,453,
522,358,458,
522,358,456,
524,358,458,
527,360,466,
527,363,468,
528,364,496,
528,362,511,
528,362,474,
528,364,489,
527,364,510,
528,364,510,
527,364,509,
527,364,510,
528,366,509,
528,364,509,
527,361,509,
527,364,510,
528,363,510,
528,364,507,
528,365,509,
527,365,509,
527,362,508,
527,362,506,
528,364,505,
526,364,506,
526,362,504,
526,363,504,
525,363,507,
525,363,505,
526,363,502,
524,363,502,
524,362,504,
525,364,506,
525,363,504,
523,361,503,
524,365,505,
525,364,503,
525,363,501,
524,363,503,
525,362,503,
