430,462,446,
430,460,447,
430,460,430,
430,462,420,
430,462,437,
429,459,443,
430,459,441,
428,460,436,
428,460,437,
427,458,440,
427,459,439,
428,459,441,
428,461,440,
428,458,440,
428,458,441,
429,460,442,
430,459,443,
429,458,444,
428,458,443,
428,461,446,
429,461,444,
429,458,445,
427,459,452,
428,460,453,
428,461,455,
429,462,459,
429,462,457,
428,460,460,
427,460,460,
427,460,460,
430,459,455,
429,460,443,
427,460,442,
428,459,443,
429,457,447,
427,457,446,
427,456,447,
426,451,450,
428,449,454,
427,442,457,
429,436,449,
427,430,447,
426,424,451,
428,418,454,
426,414,458,
426,407,459,
427,400,463,
427,397,462,
425,395,463,
425,389,463,
426,384,462,
426,381,461,
424,381,462,
424,380,462,
427,379,447,
427,377,460,
425,376,459,
425,375,462,
425,372,461,
425,371,460,
423,370,459,
422,372,463,
424,370,460,
423,370,460,
422,372,461,
421,373,460,
422,370,458,
422,370,460,
423,371,460,
424,372,461,
425,372,462,
425,373,461,
425,374,460,
423,375,461,
425,375,463,
425,378,462,
425,378,462,
426,383,465,
424,383,463,
425,387,463,
425,385,462,
425,385,463,
427,388,463,
427,390,462,
427,390,462,
426,392,464,
427,392,462,
425,395,464,
425,395,464,
426,399,464,
427,402,463,
427,404,464,
426,403,464,
426,406,464,
425,407,464,
425,408,463,
427,409,463,
424,410,464,
425,411,464,
426,411,461,
427,413,460,
424,413,459,
424,417,461,
425,418,460,
424,419,461,
424,419,461,
424,421,462,
426,423,460,
425,425,459,
424,426,463,
424,428,462,
425,432,461,
426,434,459,
425,437,460,
423,439,455,
426,443,456,
426,442,451,
424,445,453,
424,448,456,
425,452,454,
423,458,451,
424,458,449,
425,461,452,
424,463,447,
422,464,452,
424,465,450,
424,466,450,
424,467,448,
423,468,446,
423,466,438,
422,468,441,
423,469,440,
421,467,441,
421,468,440,
421,467,437,
421,467,431,
420,466,440,
420,468,440,
422,468,441,
422,467,434,
421,469,442,
424,470,445,
424,472,445,
423,473,416,
427,477,420,
426,478,441,
427,477,440,
427,477,440,
425,478,439,
426,479,439,
425,478,441,
428,480,441,
426,482,441,
428,484,442,
428,481,437,
428,482,439,
427,483,440,
429,485,442,
430,483,440,
430,485,441,
430,487,441,
430,488,441,
431,488,444,
430,487,444,
431,487,444,
432,487,443,
433,482,443,
431,481,445,
434,482,443,
435,480,441,
433,477,434,
434,477,412,
434,477,438,
437,475,442,
436,470,445,
435,468,446,
436,466,448,
438,462,448,
440,456,450,
441,452,456,
442,444,453,
443,437,462,
444,431,464,
446,422,461,
446,419,465,
447,414,457,
447,409,464,
448,403,469,
448,398,455,
450,396,451,
452,395,451,
455,391,397,
455,390,400,
457,386,406,
459,386,450,
459,385,462,
461,383,451,
464,385,461,
468,389,442,
469,390,467,
472,391,463,
476,391,461,
476,391,411,
476,391,460,
477,389,460,
481,389,459,
483,388,454,
484,385,461,
488,385,461,
491,385,459,
492,378,467,
492,382,493,
494,383,459,
498,376,493,
500,376,456,
500,379,491,
501,378,490,
503,372,474,
503,370,490,
504,368,452,
504,370,461,
504,367,488,
505,362,493,
504,360,492,
506,360,490,
506,361,489,
507,358,483,
508,362,461,
508,361,459,
508,360,485,
508,356,410,
509,357,492,
509,357,478,
513,355,494,
515,359,492,
515,356,462,
516,356,471,
518,359,463,
520,359,488,
520,360,462,
522,358,488,
524,362,448,
525,362,488,
524,362,489,
525,361,491,
527,362,469,
527,360,486,
528,360,483,
528,363,450,
529,363,488,
530,362,485,
531,363,475,
530,363,465,
531,363,445,
532,362,462,
532,362,446,
532,364,463,
533,366,420,
534,365,459,
533,365,436,
532,364,450,
532,363,463,
534,364,460,
534,365,460,
532,363,456,
533,363,443,
533,363,455,
533,361,457,
533,361,444,
532,364,452,
533,364,436,
535,365,480,
535,364,465,
535,365,487,
534,366,488,
533,366,488,
534,366,489,
536,367,490,
535,367,488,
534,367,489,
535,366,490,
535,369,489,
535,369,490,
537,367,489,
536,367,491,
536,369,490,
536,370,490,
537,367,489,
537,369,491,
535,368,490,
535,370,490,
536,368,492,
