464,488,454,
464,489,451,
464,488,451,
463,486,452,
464,487,452,
464,488,452,
463,487,452,
463,487,454,
464,487,453,
466,488,452,
464,487,452,
463,486,454,
464,487,454,
466,488,454,
463,487,453,
463,487,455,
464,487,455,
464,487,454,
463,482,455,
462,478,456,
461,474,459,
459,468,500,
460,457,507,
459,447,530,
458,439,487,
454,427,487,
452,422,459,
452,414,477,
450,411,473,
447,406,513,
443,402,489,
443,403,499,
443,403,493,
440,399,442,
437,398,477,
437,399,479,
437,400,486,
440,400,462,
439,402,459,
437,398,444,
435,398,396,
436,398,457,
437,400,436,
438,402,472,
440,399,451,
440,402,434,
440,405,450,
441,407,474,
441,408,413,
442,411,437,
443,415,452,
443,416,451,
445,415,392,
445,418,399,
443,418,452,
444,420,452,
445,422,455,
447,424,475,
446,428,489,
447,429,455,
448,432,510,
446,435,466,
447,436,448,
448,442,478,
447,443,503,
449,448,509,
449,454,510,
450,458,440,
449,464,438,
449,467,453,
449,474,472,
449,478,498,
446,478,472,
445,480,480,
439,480,478,
434,480,477,
433,482,474,
432,482,472,
431,482,471,
430,481,473,
429,483,474,
430,484,473,
429,482,473,
427,481,473,
428,483,471,
430,484,471,
432,484,475,
433,483,482,
436,481,488,
437,477,493,
438,477,502,
439,472,516,
442,466,499,
445,456,496,
450,444,481,
454,440,470,
459,431,500,
463,417,462,
468,410,505,
470,406,465,
474,399,458,
477,391,457,
480,388,459,
481,386,458,
482,381,468,
485,379,463,
488,379,507,
489,379,527,
486,377,518,
491,375,533,
490,375,534,
492,373,534,
492,370,536,
492,364,524,
485,357,497,
488,355,494,
492,356,526,
494,356,527,
498,355,513,
498,354,503,
501,355,464,
504,353,528,
506,353,461,
508,353,450,
510,353,514,
512,352,516,
515,353,510,
517,353,516,
519,354,508,
521,353,508,
521,354,501,
523,354,498,
525,354,504,
526,355,504,
526,358,478,
527,359,447,
527,354,433,
526,352,472,
527,353,457,
528,356,497,
529,354,456,
531,354,474,
533,357,504,
534,356,512,
532,357,508,
535,356,512,
534,358,446,
535,357,469,
536,358,455,
536,359,486,
538,359,510,
538,361,513,
538,359,516,
537,359,513,
538,362,511,
538,362,505,
539,360,508,
540,362,511,
539,364,514,
538,362,513,
539,362,510,
540,361,507,
540,363,508,
539,364,510,
540,364,511,
540,364,511,
540,363,510,
540,365,510,
539,364,492,
539,364,494,
539,365,503,
