406,464,420,
405,464,421,
407,463,417,
407,463,419,
407,466,422,
408,466,421,
409,465,419,
409,464,421,
408,464,420,
408,463,421,
407,464,424,
408,468,427,
408,466,430,
409,465,434,
410,466,438,
409,466,437,
409,467,440,
410,465,440,
410,464,441,
409,463,445,
410,461,445,
410,460,441,
411,457,444,
408,453,443,
409,446,441,
411,438,429,
410,433,443,
411,427,441,
410,422,434,
410,417,433,
410,413,438,
408,404,437,
410,402,441,
411,398,440,
408,395,436,
410,395,443,
410,389,454,
411,384,450,
408,381,450,
410,378,454,
411,377,455,
410,378,454,
411,375,454,
410,371,453,
409,370,454,
411,370,455,
410,369,454,
409,368,456,
410,369,457,
411,368,455,
411,369,456,
410,366,456,
410,368,458,
411,371,456,
414,370,457,
416,371,461,
420,376,466,
423,379,468,
425,381,468,
423,383,465,
425,385,466,
426,391,465,
427,396,466,
429,398,466,
429,402,466,
428,405,468,
429,409,470,
429,409,470,
430,412,471,
431,415,471,
431,417,473,
431,421,469,
433,420,469,
433,423,471,
431,423,480,
431,425,476,
432,430,484,
433,432,484,
432,434,486,
434,438,484,
434,444,484,
434,449,484,
434,454,486,
435,460,487,
437,464,484,
437,469,483,
436,471,485,
437,475,485,
439,477,484,
437,480,485,
439,483,485,
439,486,486,
441,487,485,
439,487,487,
440,487,486,
441,489,486,
439,489,481,
439,489,479,
438,490,469,
439,491,471,
438,493,454,
439,495,460,
438,495,460,
440,497,461,
441,498,462,
441,501,463,
441,499,460,
442,499,461,
442,502,465,
443,503,463,
444,502,463,
444,503,460,
444,503,464,
443,502,463,
442,502,465,
445,504,464,
444,503,463,
444,502,464,
446,502,464,
444,503,464,
446,501,462,
447,499,464,
448,497,463,
450,494,464,
451,490,463,
452,483,465,
452,473,467,
452,464,482,
453,450,482,
456,441,483,
460,433,485,
461,426,482,
464,417,484,
464,407,487,
470,403,488,
472,403,491,
473,394,453,
473,389,496,
477,384,500,
479,379,473,
479,374,458,
479,372,454,
481,372,453,
480,371,412,
484,369,452,
485,368,454,
489,367,449,
489,367,445,
490,368,436,
494,368,450,
497,365,450,
499,365,449,
501,367,450,
504,366,448,
506,364,450,
509,366,452,
512,365,449,
514,359,451,
515,360,454,
518,361,456,
519,359,453,
520,359,453,
522,359,453,
525,356,450,
524,354,451,
527,357,454,
527,358,455,
528,358,454,
528,358,454,
529,358,445,
530,359,452,
531,359,453,
531,358,453,
531,359,433,
530,359,450,
530,359,452,
531,361,454,
531,358,452,
529,360,453,
529,361,446,
530,359,451,
531,360,453,
531,362,452,
530,363,452,
531,361,452,
531,362,453,
531,363,452,
530,363,452,
531,363,453,
530,363,453,
532,364,451,
531,363,453,
531,363,452,
532,364,452,
531,364,453,
533,364,452,
532,365,452,
531,364,454,
532,367,453,
533,364,451,
531,365,454,
532,366,453,
