524,358,453,
524,360,453,
525,357,453,
525,358,455,
525,360,454,
525,362,455,
527,362,453,
525,362,452,
524,359,453,
525,360,453,
524,360,451,
523,358,452,
524,359,453,
523,361,453,
523,358,454,
523,360,453,
522,358,454,
523,358,453,
522,358,453,
520,357,451,
515,357,448,
513,356,448,
511,356,449,
505,353,446,
502,357,447,
496,356,448,
490,354,446,
484,356,445,
476,353,447,
472,354,446,
462,355,445,
451,355,446,
442,354,445,
434,352,446,
421,353,443,
411,355,445,
403,354,445,
395,352,444,
385,350,445,
382,356,452,
379,356,450,
376,354,453,
373,356,453,
367,355,452,
364,354,451,
362,356,451,
361,358,450,
359,356,451,
356,358,450,
354,358,452,
352,357,452,
352,356,451,
352,357,451,
353,355,451,
352,353,449,
349,353,454,
351,353,453,
352,354,453,
350,353,451,
350,354,454,
352,356,453,
353,357,452,
355,356,454,
358,354,450,
359,358,453,
363,356,451,
364,358,452,
369,358,454,
374,358,456,
382,361,456,
388,360,455,
400,362,454,
408,361,450,
417,363,456,
426,362,455,
433,364,456,
442,365,454,
451,365,453,
456,365,452,
463,364,454,
469,365,453,
476,366,455,
481,367,452,
484,364,450,
490,363,452,
495,366,451,
500,366,453,
506,367,451,
509,366,451,
511,367,453,
513,368,453,
517,368,454,
519,369,452,
521,370,453,
523,370,454,
524,369,453,
525,369,454,
527,367,453,
528,369,452,
527,367,452,
528,367,452,
529,367,452,
529,368,452,
530,368,452,
531,369,452,
531,368,452,
533,368,453,
533,367,454,
533,369,453,
534,369,453,
534,369,453,
533,368,455,
534,369,452,
534,368,452,
535,369,451,
536,370,452,
537,369,454,
536,370,453,
535,370,453,
534,370,453,
532,370,451,
523,365,444,
531,369,450,
531,373,453,
532,377,457,
536,380,462,
537,381,460,
533,381,456,
524,374,449,
524,377,452,
516,375,450,
503,367,438,
500,366,437,
516,384,449,
510,382,447,
495,374,434,
483,371,427,
504,393,448,
507,396,450,
504,397,449,
499,393,444,
488,388,438,
475,380,426,
496,400,447,
506,410,458,
509,417,462,
509,416,462,
509,419,460,
506,418,460,
502,419,460,
499,414,454,
496,413,451,
487,409,446,
478,402,434,
471,398,429,
467,393,427,
473,400,433,
475,407,413,
473,405,424,
473,403,426,
468,401,425,
472,405,433,
467,402,428,
473,407,433,
478,411,439,
473,408,434,
477,412,436,
470,409,430,
460,406,361,
452,399,368,
458,407,422,
443,396,410,
441,396,408,
469,421,431,
470,424,424,
468,423,432,
466,421,430,
469,423,426,
469,425,430,
472,424,427,
469,423,428,
467,423,427,
464,421,425,
464,419,420,
461,416,415,
459,414,418,
455,410,415,
456,410,413,
457,412,413,
465,419,421,
467,420,423,
464,420,422,
464,421,416,
466,420,413,
465,420,422,
464,417,423,
461,413,419,
447,402,404,
475,428,428,
484,434,437,
484,436,440,
486,438,443,
