509,344,424,
510,345,423,
509,346,424,
509,347,426,
510,346,424,
510,347,424,
511,347,428,
511,351,427,
511,347,427,
511,347,426,
510,345,427,
509,346,427,
510,348,427,
508,345,425,
509,345,424,
509,346,424,
504,342,421,
490,337,413,
473,331,409,
448,325,404,
436,327,405,
432,332,416,
414,330,415,
416,339,423,
412,344,433,
402,345,438,
394,345,442,
392,351,443,
388,351,449,
383,353,421,
375,354,403,
367,352,434,
362,353,427,
357,351,422,
355,352,419,
352,351,437,
353,350,428,
349,354,432,
346,350,438,
346,352,446,
345,351,445,
345,352,440,
348,352,434,
349,353,431,
347,354,429,
346,352,434,
347,354,437,
350,355,437,
351,353,442,
351,354,442,
354,356,445,
357,357,445,
359,359,448,
362,358,448,
364,359,450,
367,356,445,
373,359,446,
381,358,448,
388,356,446,
394,357,445,
401,356,447,
412,360,447,
420,359,447,
430,362,448,
437,360,447,
446,361,447,
453,359,448,
459,359,448,
463,360,449,
468,359,449,
475,360,449,
480,361,450,
487,362,448,
492,360,449,
495,360,450,
498,360,451,
503,362,450,
507,362,449,
510,361,450,
514,360,452,
517,363,456,
520,364,455,
521,363,456,
523,366,458,
524,362,457,
525,361,456,
525,364,455,
526,361,456,
527,362,455,
526,362,455,
528,362,457,
528,362,458,
529,361,456,
530,361,455,
529,360,456,
531,362,457,
530,361,457,
531,364,457,
532,364,456,
532,364,456,
532,364,456,
533,362,456,
532,363,458,
535,366,459,
538,367,458,
539,368,458,
538,368,458,
538,367,459,
537,368,459,
538,370,459,
539,367,457,
538,368,458,
537,368,457,
536,367,458,
536,368,457,
531,365,453,
530,366,454,
530,366,452,
526,370,453,
523,370,454,
518,374,455,
510,373,450,
494,366,438,
477,355,393,
472,350,420,
468,351,398,
469,354,376,
469,357,413,
466,360,430,
466,361,432,
471,367,435,
465,368,434,
466,372,435,
467,374,439,
466,377,437,
464,379,442,
465,378,436,
466,382,433,
466,384,435,
468,385,438,
469,388,439,
472,392,437,
468,391,434,
468,392,437,
468,395,437,
466,392,436,
466,396,438,
467,399,439,
467,400,440,
467,401,437,
465,403,433,
467,409,434,
468,408,432,
467,410,433,
469,412,435,
468,414,437,
470,414,436,
472,418,434,
473,417,434,
473,416,437,
474,419,439,
475,421,439,
476,423,438,
478,423,419,
478,421,435,
479,425,418,
478,425,431,
480,426,381,
480,424,432,
481,424,429,
480,424,439,
480,423,435,
478,422,438,
482,424,439,
480,424,441,
480,426,441,
480,424,438,
481,424,437,
482,425,440,
481,423,441,
482,426,442,
481,424,441,
483,426,439,
481,427,438,
482,425,439,
482,425,438,
481,425,440,
482,424,439,
484,424,437,
485,427,440,
483,428,443,
488,428,443,
