497,338,420,
497,337,421,
498,338,420,
497,336,421,
500,336,420,
497,336,419,
497,337,421,
499,336,422,
506,344,427,
504,342,427,
499,338,421,
496,336,419,
495,335,419,
498,338,421,
500,343,423,
496,336,419,
494,336,420,
490,336,419,
486,333,419,
477,334,418,
466,333,419,
454,335,420,
445,336,420,
433,337,419,
421,335,418,
410,335,418,
398,337,421,
387,334,421,
380,337,413,
374,338,417,
368,332,412,
363,330,412,
357,332,417,
355,331,415,
348,330,401,
345,329,411,
345,331,404,
342,327,418,
340,331,417,
338,331,410,
340,328,416,
338,331,417,
334,330,403,
333,329,417,
333,330,407,
331,330,400,
329,329,408,
331,330,411,
330,331,419,
334,333,417,
333,333,418,
333,333,418,
335,334,420,
336,331,415,
337,334,410,
340,336,415,
340,335,420,
340,334,418,
343,337,410,
348,336,407,
352,336,413,
357,336,415,
362,337,415,
372,336,413,
381,338,411,
391,337,415,
399,339,414,
407,341,415,
413,338,414,
422,340,418,
428,339,418,
432,340,420,
439,340,421,
444,341,417,
447,339,418,
454,343,415,
457,339,415,
463,340,415,
466,343,415,
465,337,414,
467,335,417,
470,334,412,
474,338,416,
472,331,411,
475,330,408,
474,332,411,
476,331,411,
481,332,412,
477,328,409,
454,312,383,
457,314,389,
469,324,399,
483,334,414,
497,343,426,
501,344,429,
503,346,430,
518,359,442,
528,363,448,
529,365,449,
530,365,451,
529,367,451,
532,368,451,
531,368,451,
533,369,452,
532,370,452,
532,371,452,
533,372,452,
535,371,451,
535,370,445,
536,372,436,
535,371,445,
534,374,448,
534,375,432,
533,375,422,
535,374,406,
534,377,410,
532,377,444,
530,380,442,
530,378,426,
527,379,429,
525,380,435,
523,378,433,
521,380,435,
520,380,437,
519,382,444,
517,383,435,
517,383,436,
516,385,434,
516,388,438,
515,390,442,
515,395,439,
514,398,410,
514,401,449,
515,404,448,
513,406,452,
512,411,452,
513,414,449,
513,417,454,
512,416,455,
512,417,454,
513,421,454,
512,424,455,
512,426,458,
511,427,457,
511,432,457,
511,434,457,
510,435,457,
509,435,455,
471,405,423,
470,403,419,
465,403,417,
485,419,435,
495,430,443,
488,424,437,
466,408,413,
460,399,406,
477,417,423,
470,410,419,
476,416,427,
471,412,421,
476,416,423,
465,402,407,
492,428,431,
472,410,414,
471,408,410,
482,420,428,
477,416,427,
466,405,420,
480,418,433,
470,410,421,
472,408,418,
482,418,425,
478,416,422,
477,414,413,
477,414,403,
483,420,408,
485,422,411,
475,414,398,
476,414,397,
474,410,392,
482,418,397,
482,419,413,
483,419,423,
