479,419,385,
479,421,385,
478,419,384,
478,419,384,
476,417,382,
472,413,379,
449,398,361,
454,402,367,
444,392,357,
446,391,360,
437,382,351,
438,380,348,
458,400,368,
453,392,365,
448,390,364,
433,378,358,
421,372,357,
422,376,366,
401,361,357,
388,350,314,
375,338,351,
369,330,353,
360,322,349,
364,329,295,
365,327,361,
372,331,370,
363,323,358,
369,327,378,
352,311,309,
350,310,305,
344,307,346,
363,325,376,
349,317,367,
352,316,366,
358,319,371,
364,322,374,
372,327,377,
378,332,379,
388,339,381,
400,349,385,
416,360,392,
426,367,373,
432,371,353,
436,374,382,
440,381,378,
444,384,384,
448,389,384,
450,400,385,
453,401,384,
456,408,384,
457,414,383,
458,413,382,
458,413,381,
457,417,378,
457,415,377,
457,416,376,
457,417,374,
457,417,374,
458,418,375,
462,422,377,
463,423,378,
464,423,377,
465,424,379,
464,423,378,
465,425,380,
464,427,381,
459,429,383,
454,432,386,
447,428,401,
441,432,397,
436,432,385,
431,440,368,
428,443,404,
427,447,367,
427,450,364,
427,448,358,
426,451,356,
424,432,347,
424,457,402,
425,460,404,
426,449,382,
427,462,403,
426,463,392,
426,467,379,
425,463,401,
424,461,400,
423,462,403,
423,462,405,
423,458,486,
423,458,530,
419,458,463,
414,442,533,
412,448,536,
405,446,524,
398,440,501,
410,453,522,
405,444,526,
408,445,510,
