468,429,357,
469,430,328,
470,430,335,
470,431,338,
470,431,343,
470,431,357,
471,431,358,
471,431,355,
471,431,367,
471,436,347,
472,439,347,
472,439,356,
473,437,357,
472,427,358,
471,425,357,
469,423,354,
463,423,353,
455,410,372,
451,358,341,
402,366,310,
397,370,335,
408,371,367,
404,378,333,
401,374,328,
390,361,387,
386,356,391,
383,350,377,
381,347,422,
378,341,455,
380,344,406,
350,317,405,
347,316,444,
348,317,451,
344,315,431,
347,316,431,
348,319,429,
349,319,435,
350,320,440,
353,321,451,
356,324,442,
361,326,426,
368,328,425,
375,329,388,
383,330,396,
389,333,397,
395,340,399,
401,347,448,
403,351,417,
407,354,424,
409,358,430,
411,360,419,
413,364,424,
415,370,443,
427,361,456,
436,387,416,
435,383,434,
451,406,482,
437,402,465,
465,428,487,
463,427,485,
432,399,453,
441,411,461,
445,413,459,
461,419,457,
470,427,452,
475,432,429,
477,433,425,
478,435,426,
479,435,431,
480,442,442,
481,436,445,
481,437,447,
477,438,480,
469,438,437,
462,439,523,
454,437,495,
448,429,427,
441,445,542,
436,447,570,
432,449,544,
429,450,468,
431,452,484,
458,455,502,
454,458,496,
438,459,460,
409,460,397,
415,461,409,
436,462,456,
438,464,461,
437,466,447,
428,467,437,
445,469,474,
422,470,424,
424,472,427,
426,473,432,
431,475,454,
410,475,392,
407,475,380,
427,475,426,
425,475,420,
446,475,472,
433,476,444,
443,476,479,
446,476,486,
439,476,467,
436,475,465,
429,474,434,
424,474,421,
