486,454,473,
487,454,473,
487,454,473,
488,454,473,
488,454,474,
488,453,474,
488,453,472,
488,452,472,
489,451,473,
489,450,472,
489,448,472,
489,447,471,
488,445,472,
487,442,471,
484,439,471,
477,432,470,
468,371,472,
460,365,471,
451,409,471,
442,397,471,
433,379,471,
427,349,470,
419,356,470,
412,376,470,
407,325,470,
403,322,469,
401,319,468,
399,333,468,
396,312,468,
394,307,466,
393,305,466,
392,307,467,
391,308,466,
393,307,465,
395,307,465,
398,308,465,
401,307,465,
405,309,467,
410,312,468,
416,316,469,
424,322,469,
431,325,469,
439,332,470,
446,335,471,
451,341,471,
455,351,471,
459,356,471,
462,373,470,
465,362,470,
468,365,470,
471,370,469,
474,375,468,
477,381,469,
479,414,468,
481,423,467,
483,426,467,
484,435,468,
486,435,467,
487,440,467,
488,441,466,
488,442,467,
489,442,467,
490,443,468,
490,444,468,
490,448,468,
491,451,468,
491,445,468,
491,447,469,
492,444,468,
492,443,469,
490,443,467,
487,443,462,
482,442,467,
474,442,460,
464,441,446,
456,442,440,
448,448,444,
442,443,443,
438,441,445,
435,442,445,
431,442,443,
428,442,445,
424,443,445,
423,443,444,
422,444,441,
421,445,481,
446,445,466,
419,456,463,
418,457,460,
417,458,459,
418,459,457,
417,459,452,
416,459,452,
416,459,456,
417,459,455,
418,459,459,
418,460,461,
417,460,461,
418,460,460,
418,460,461,
419,460,461,
418,460,462,
419,460,463,
418,460,459,
418,460,459,
418,461,459,
418,460,459,
418,461,459,
418,461,459,
418,461,459,
419,461,459,
