491,451,513,
491,452,513,
491,451,501,
492,452,483,
492,451,519,
492,452,528,
492,452,534,
492,451,544,
493,451,531,
493,451,534,
493,451,534,
493,450,530,
493,450,530,
493,448,532,
493,447,536,
493,446,535,
490,444,536,
486,441,534,
478,436,529,
469,431,529,
459,424,529,
448,415,529,
438,403,529,
428,395,528,
419,388,527,
410,381,531,
403,376,527,
398,365,529,
394,361,525,
391,356,513,
389,351,514,
387,349,512,
385,347,505,
383,347,501,
382,348,500,
381,347,498,
382,347,496,
385,349,497,
388,350,497,
395,353,497,
402,357,496,
409,360,497,
417,362,497,
425,365,497,
433,370,497,
440,377,497,
446,383,497,
452,389,498,
457,394,497,
461,398,497,
465,402,497,
469,408,497,
472,415,497,
475,422,496,
478,426,497,
481,430,496,
483,438,497,
486,440,497,
488,444,497,
490,447,497,
493,450,497,
495,453,497,
496,458,497,
498,457,498,
500,460,497,
501,464,488,
502,465,488,
504,467,491,
504,467,492,
505,468,492,
505,468,492,
506,469,493,
506,469,494,
507,470,494,
507,469,494,
507,469,495,
507,470,495,
506,469,495,
504,468,498,
499,467,500,
490,466,500,
479,464,484,
469,463,501,
459,461,500,
451,461,500,
444,460,500,
439,461,501,
435,461,501,
432,461,500,
429,463,500,
428,463,500,
427,465,502,
427,467,501,
427,467,502,
426,470,504,
425,471,444,
426,473,510,
426,475,519,
426,475,528,
426,473,493,
426,477,488,
427,476,476,
427,477,507,
428,478,502,
428,477,509,
428,479,497,
428,480,514,
428,480,507,
429,480,515,
428,480,521,
427,481,529,
428,481,521,
429,481,510,
429,481,465,
430,481,450,
429,482,501,
429,482,489,
430,482,466,
