470,435,400,
468,438,400,
469,443,400,
468,438,400,
470,438,400,
470,438,400,
470,438,400,
471,437,399,
472,433,399,
472,438,399,
473,440,399,
473,440,398,
472,424,398,
475,433,397,
471,418,397,
466,427,397,
456,424,398,
446,416,397,
434,411,395,
424,398,363,
417,398,340,
411,345,344,
403,377,335,
396,375,338,
391,351,355,
367,326,342,
326,296,296,
335,297,338,
333,294,345,
332,293,343,
353,313,366,
353,315,368,
353,317,370,
357,319,371,
362,322,373,
368,326,379,
369,324,377,
372,323,375,
376,324,375,
382,327,375,
388,332,376,
393,335,376,
400,341,376,
406,349,377,
415,358,337,
417,364,363,
421,369,351,
422,367,343,
426,364,338,
429,376,337,
432,378,338,
434,386,339,
437,386,338,
440,373,336,
449,360,383,
471,384,400,
475,392,400,
477,404,398,
479,413,401,
481,416,403,
482,393,405,
484,399,405,
484,398,406,
485,398,406,
486,397,405,
486,400,406,
486,403,405,
487,410,407,
488,428,407,
487,429,407,
488,430,407,
487,429,407,
487,430,407,
484,430,406,
478,429,406,
470,429,406,
462,429,403,
443,397,395,
441,398,377,
438,437,421,
437,420,429,
428,415,374,
428,425,368,
431,443,370,
420,432,376,
413,434,375,
412,452,362,
415,452,381,
410,445,355,
414,453,372,
411,453,387,
411,448,399,
411,456,378,
413,446,400,
414,452,370,
414,454,401,
415,457,393,
415,460,364,
416,454,363,
416,460,355,
419,465,375,
421,466,428,
422,465,428,
422,466,414,
420,465,354,
418,464,375,
416,461,395,
417,462,364,
