480,464,484,
480,464,548,
481,465,549,
481,465,552,
481,465,529,
481,465,535,
481,464,551,
481,464,556,
481,464,495,
481,463,493,
482,462,486,
482,461,487,
482,460,489,
482,459,493,
482,458,492,
482,454,493,
482,451,490,
480,447,489,
476,444,491,
472,439,489,
464,432,489,
454,424,488,
443,414,485,
432,399,486,
424,366,487,
416,374,485,
411,366,485,
406,368,483,
400,347,482,
396,348,481,
391,339,480,
388,320,478,
385,295,477,
383,293,461,
382,293,471,
380,294,471,
380,294,475,
383,298,478,
386,301,466,
390,302,476,
392,302,475,
396,302,476,
401,304,476,
407,305,480,
416,311,482,
424,313,484,
432,318,484,
439,321,485,
445,325,481,
450,356,480,
455,331,460,
457,332,481,
460,347,449,
463,394,444,
466,400,451,
468,383,474,
471,399,477,
474,402,482,
477,442,481,
479,433,483,
481,448,483,
482,434,489,
484,435,485,
485,442,492,
487,438,491,
487,451,489,
488,461,491,
488,463,489,
489,464,489,
489,465,489,
490,465,486,
490,466,486,
491,466,485,
491,466,484,
491,466,485,
490,466,486,
489,466,486,
487,466,487,
485,466,488,
480,465,487,
472,464,487,
464,464,488,
456,464,488,
449,464,487,
442,463,490,
434,463,492,
429,463,487,
425,464,484,
423,464,480,
421,461,495,
420,463,497,
419,464,498,
419,467,506,
418,467,507,
418,469,505,
418,471,508,
419,472,494,
420,473,497,
420,473,504,
421,474,515,
421,475,558,
421,475,512,
422,476,512,
423,476,517,
422,476,517,
422,476,516,
422,476,516,
422,476,518,
422,477,519,
423,477,517,
423,477,517,
423,477,519,
423,477,518,
423,477,523,
423,477,518,
423,477,520,
423,477,526,
