489,457,474,
489,457,483,
490,457,490,
490,457,487,
490,457,469,
490,457,475,
490,456,460,
490,457,469,
490,456,473,
491,456,449,
491,455,448,
491,455,451,
491,454,452,
491,454,452,
491,452,450,
491,451,428,
490,450,452,
489,449,444,
487,446,440,
482,442,436,
475,438,437,
467,431,434,
456,424,425,
446,418,443,
435,409,437,
428,399,421,
420,392,428,
415,385,442,
408,381,437,
402,374,439,
397,367,412,
395,361,431,
391,358,418,
388,354,414,
386,349,410,
385,348,432,
383,347,437,
383,347,433,
382,348,423,
383,348,389,
386,349,382,
389,350,380,
393,352,382,
400,355,381,
408,358,379,
414,361,376,
420,366,374,
426,372,377,
433,379,391,
441,384,383,
447,390,403,
452,394,388,
457,398,383,
461,405,382,
465,413,380,
470,421,379,
473,430,378,
478,439,375,
481,447,379,
485,451,399,
488,456,356,
490,458,355,
492,460,375,
493,462,378,
495,463,361,
496,464,364,
497,464,365,
497,465,368,
498,465,378,
498,465,374,
499,466,378,
499,467,378,
499,466,384,
500,466,381,
499,466,382,
498,466,381,
494,466,382,
488,466,384,
480,466,386,
472,465,383,
465,465,384,
459,465,387,
453,465,387,
450,464,396,
447,464,415,
444,465,423,
441,465,481,
438,466,485,
435,466,506,
434,467,435,
432,468,435,
431,468,407,
431,468,391,
430,468,425,
430,470,415,
429,470,410,
429,471,431,
429,471,468,
428,472,458,
428,472,437,
428,473,450,
428,473,452,
428,474,450,
428,474,466,
428,474,463,
429,474,461,
429,475,456,
429,475,477,
428,475,475,
428,476,471,
428,475,458,
428,476,472,
428,476,475,
429,476,418,
429,476,451,
429,475,436,
429,475,416,
429,476,409,
429,476,431,
429,476,456,
429,476,373,
429,476,406,
429,476,437,
429,476,445,
429,476,435,
430,476,404,
430,476,436,
430,476,410,
