479,459,523,
479,459,519,
480,459,519,
480,458,520,
480,458,519,
481,458,522,
481,458,523,
482,458,524,
482,456,521,
482,455,506,
483,454,502,
482,453,505,
483,452,500,
483,450,503,
482,447,501,
479,444,500,
473,439,501,
467,434,501,
459,428,502,
452,406,497,
446,374,498,
440,335,499,
432,337,501,
424,329,503,
418,343,501,
414,346,502,
410,345,501,
405,345,500,
401,301,502,
399,302,501,
397,323,499,
395,294,496,
394,293,497,
393,295,496,
395,293,496,
398,297,493,
401,318,495,
404,314,495,
408,316,495,
412,318,496,
419,333,497,
426,317,500,
432,329,500,
438,380,500,
445,328,502,
450,351,501,
455,373,502,
459,384,503,
462,343,502,
465,353,497,
469,363,491,
471,365,500,
474,374,496,
477,381,494,
479,403,501,
481,384,497,
482,444,501,
484,452,500,
485,453,497,
486,455,503,
488,435,500,
489,453,501,
489,455,502,
490,460,502,
491,458,501,
491,461,501,
492,461,502,
492,460,500,
492,461,496,
492,461,493,
493,462,494,
493,461,496,
493,462,495,
492,462,490,
489,463,490,
484,463,490,
478,462,492,
471,463,499,
462,463,508,
454,462,514,
447,462,514,
441,463,507,
435,465,495,
430,465,460,
425,465,441,
422,466,441,
419,467,444,
417,468,450,
417,469,458,
417,471,459,
417,472,459,
416,473,462,
416,474,466,
416,475,466,
416,475,467,
416,476,468,
416,476,471,
417,475,473,
418,476,473,
417,476,473,
417,474,474,
417,474,474,
418,452,475,
418,453,474,
419,452,474,
420,451,474,
420,450,475,
420,450,473,
421,450,474,
422,450,473,
