446,456,461,
447,456,481,
445,453,373,
445,452,372,
446,452,374,
446,452,374,
447,452,375,
448,450,375,
447,451,375,
448,448,376,
449,447,376,
449,446,376,
449,443,376,
448,440,376,
444,435,375,
439,429,375,
429,422,377,
415,410,380,
402,398,381,
392,380,381,
384,331,376,
377,364,410,
373,315,351,
367,328,354,
361,316,410,
357,325,400,
352,318,406,
349,314,402,
347,310,397,
343,308,400,
342,307,350,
342,306,330,
340,304,342,
335,303,366,
334,302,329,
332,301,389,
335,300,390,
333,298,389,
337,303,392,
341,303,394,
346,304,395,
354,310,398,
364,314,401,
374,321,393,
382,328,369,
390,334,368,
396,340,373,
401,350,419,
407,364,426,
408,358,430,
409,366,432,
413,372,427,
416,386,427,
421,404,424,
420,406,401,
424,408,414,
425,414,421,
433,422,432,
431,418,422,
433,420,428,
435,422,429,
437,421,432,
438,423,430,
436,421,428,
440,425,422,
440,424,417,
441,425,413,
442,425,412,
443,426,400,
443,426,397,
442,425,398,
444,425,391,
443,424,391,
444,425,390,
442,424,392,
442,424,392,
438,423,392,
434,424,392,
427,423,393,
419,424,392,
411,422,394,
404,421,394,
399,422,394,
393,422,399,
391,424,420,
386,423,392,
387,431,427,
384,431,405,
383,432,398,
384,437,458,
382,437,425,
382,441,433,
380,442,428,
380,445,449,
382,445,438,
381,446,443,
381,447,442,
381,447,433,
381,449,439,
381,448,404,
381,448,409,
384,449,442,
384,449,438,
384,449,456,
385,449,451,
387,450,408,
387,449,435,
388,449,405,
388,449,429,
391,450,394,
