447,441,524,
448,440,514,
447,440,494,
448,440,523,
444,436,385,
445,436,385,
445,435,384,
445,436,384,
446,434,383,
446,433,382,
446,431,382,
446,428,382,
443,424,380,
438,420,380,
436,416,473,
428,405,485,
417,392,485,
408,377,483,
397,369,452,
384,361,512,
377,342,509,
370,327,445,
365,325,368,
367,331,417,
362,329,380,
343,308,309,
350,310,337,
344,307,371,
345,301,339,
341,301,438,
343,302,363,
339,296,423,
366,321,442,
369,323,458,
370,323,467,
373,323,486,
369,319,484,
344,297,372,
342,294,440,
360,306,444,
384,324,516,
395,328,549,
407,333,419,
423,344,460,
430,351,519,
437,361,470,
442,367,471,
447,374,507,
451,379,513,
455,402,429,
458,395,434,
442,393,506,
424,392,339,
428,402,323,
440,415,369,
441,418,378,
447,425,383,
450,429,386,
453,434,387,
455,435,388,
458,437,391,
459,439,392,
465,444,377,
473,450,405,
473,451,406,
473,451,406,
474,451,406,
474,452,406,
475,452,408,
475,452,408,
475,452,407,
476,452,408,
471,448,391,
464,444,399,
461,442,395,
460,443,350,
455,443,373,
448,441,400,
443,443,365,
442,451,384,
442,459,384,
438,461,376,
434,463,369,
438,470,388,
437,474,395,
434,475,382,
434,479,385,
433,480,394,
432,481,387,
432,483,412,
432,484,413,
431,484,401,
426,480,414,
418,471,403,
415,469,399,
415,470,384,
428,485,413,
429,487,412,
426,484,404,
428,484,410,
429,484,409,
429,484,384,
411,464,383,
410,464,395,
413,465,384,
413,464,393,
413,465,381,
413,466,369,
414,467,348,
