471,449,473,
472,449,476,
472,448,470,
472,448,484,
472,448,488,
472,447,467,
473,447,472,
473,447,459,
473,446,460,
473,446,465,
473,445,469,
473,444,475,
474,442,462,
474,441,471,
473,440,472,
472,439,474,
469,437,481,
463,434,471,
456,431,472,
448,426,475,
438,420,471,
429,413,471,
420,405,470,
413,395,467,
406,387,468,
400,381,471,
394,373,468,
391,365,462,
387,358,425,
384,356,471,
382,351,473,
382,349,471,
380,344,473,
378,340,473,
376,339,472,
375,340,472,
375,339,472,
377,340,471,
381,342,479,
384,344,476,
389,347,476,
394,349,477,
401,353,476,
410,358,478,
419,365,478,
426,372,478,
432,377,486,
438,383,477,
443,388,479,
448,391,483,
451,397,481,
455,403,480,
458,409,483,
462,416,478,
465,424,477,
468,431,475,
472,434,475,
475,439,474,
478,443,475,
480,445,475,
482,449,474,
485,451,474,
486,453,468,
488,455,462,
489,455,456,
490,456,460,
490,456,471,
491,457,471,
492,457,471,
492,458,470,
492,458,470,
493,458,473,
493,458,470,
493,458,469,
494,457,467,
493,458,470,
493,457,467,
491,458,469,
487,458,473,
481,457,471,
472,457,466,
462,457,474,
454,456,477,
446,456,477,
440,456,479,
436,455,480,
433,455,481,
429,455,481,
426,455,473,
424,456,475,
423,456,495,
421,457,468,
420,457,510,
419,458,520,
418,459,517,
418,460,424,
417,460,477,
416,460,486,
416,461,505,
416,461,506,
416,462,507,
416,461,508,
416,462,512,
416,462,515,
417,463,472,
416,462,420,
417,462,420,
417,463,411,
418,462,391,
418,462,438,
418,462,390,
418,463,397,
418,463,397,
419,463,406,
419,463,402,
419,463,394,
419,463,379,
420,463,391,
420,463,387,
420,463,411,
420,463,450,
