481,429,458,
481,429,464,
481,429,455,
481,428,458,
481,428,462,
482,428,460,
482,428,471,
482,429,468,
482,429,462,
482,429,462,
482,429,463,
483,429,464,
483,429,464,
483,429,464,
483,428,463,
483,429,462,
483,429,465,
483,428,465,
483,429,463,
483,428,467,
483,429,464,
483,427,465,
483,427,466,
483,426,465,
483,424,465,
482,419,463,
479,412,465,
473,375,466,
463,409,463,
454,403,466,
444,397,440,
436,389,475,
427,381,482,
418,380,448,
409,376,467,
400,366,437,
395,353,425,
391,345,414,
387,340,423,
384,337,412,
383,335,391,
380,336,367,
379,336,390,
377,337,412,
375,338,504,
374,338,428,
374,335,472,
373,335,493,
374,334,485,
375,333,490,
378,336,419,
379,336,444,
381,336,450,
384,338,456,
388,340,467,
394,341,475,
400,344,479,
409,345,475,
415,348,470,
423,355,470,
430,362,453,
436,368,432,
440,380,462,
445,375,414,
447,379,472,
450,380,484,
453,393,486,
454,396,485,
453,390,483,
454,395,483,
459,414,485,
461,411,482,
460,410,476,
450,403,465,
458,412,473,
460,416,474,
462,422,481,
463,426,481,
465,424,481,
466,430,480,
468,432,480,
469,432,480,
471,432,421,
472,433,379,
473,433,359,
473,434,375,
474,433,425,
474,434,461,
474,434,430,
474,433,420,
475,434,419,
475,434,423,
475,434,428,
476,434,431,
475,433,433,
474,434,437,
472,434,440,
466,434,447,
457,434,451,
447,434,452,
438,434,452,
431,433,437,
424,430,396,
422,431,441,
418,433,480,
415,441,454,
408,441,406,
406,445,397,
405,446,420,
403,447,405,
403,447,333,
402,449,406,
402,448,401,
401,446,363,
402,451,443,
401,451,443,
400,452,437,
400,453,433,
399,453,443,
399,453,435,
399,453,454,
399,453,460,
399,454,387,
401,456,380,
400,454,427,
401,456,373,
400,456,382,
400,455,400,
400,454,446,
400,454,457,
401,454,461,
400,454,436,
402,454,424,
402,455,423,
402,454,432,
402,455,434,
402,455,454,
403,455,404,
403,455,425,
404,456,396,
403,456,418,
