462,489,429,
462,489,430,
462,489,431,
462,490,431,
462,490,431,
462,489,431,
462,490,431,
462,490,430,
462,490,429,
462,490,430,
462,489,431,
462,490,431,
461,489,431,
461,489,431,
460,487,431,
459,481,426,
458,471,432,
457,458,419,
456,444,447,
454,431,440,
453,417,418,
451,404,413,
449,398,447,
445,391,443,
444,388,443,
444,386,446,
443,384,442,
443,384,441,
444,385,441,
445,387,442,
446,387,442,
447,387,441,
447,388,442,
447,391,442,
447,395,442,
448,400,408,
448,406,404,
448,412,420,
448,417,445,
447,425,449,
447,435,449,
447,451,450,
447,463,445,
448,469,437,
449,475,446,
449,479,401,
449,481,445,
450,483,452,
450,484,453,
451,485,454,
450,485,454,
450,485,453,
450,485,451,
450,483,452,
451,481,452,
453,478,453,
456,473,453,
459,469,453,
463,463,454,
465,459,453,
468,454,454,
472,452,454,
475,448,454,
478,444,454,
482,442,454,
485,440,453,
488,438,451,
491,436,452,
493,436,450,
495,436,450,
496,435,450,
498,437,451,
508,444,456,
512,448,460,
513,449,458,
514,449,458,
516,452,456,
518,453,456,
519,454,455,
519,455,454,
521,459,454,
522,462,454,
524,463,454,
524,465,453,
525,467,452,
525,469,452,
526,470,452,
526,471,451,
527,471,451,
527,471,449,
527,472,449,
527,472,449,
527,472,448,
528,473,448,
528,473,448,
528,473,449,
528,474,448,
528,473,449,
528,474,449,
528,474,449,
528,474,449,
528,474,449,
528,474,449,
528,474,451,
528,474,451,
528,474,450,
528,474,450,
528,474,449,
528,474,449,
528,474,450,
528,474,450,
528,474,450,
528,474,450,
529,474,451,
529,474,451,
529,474,453,
529,474,453,
