478,501,456,
477,501,456,
478,502,456,
478,502,457,
478,501,456,
478,502,457,
478,501,457,
478,501,457,
477,501,457,
477,501,457,
477,501,457,
477,500,457,
476,498,457,
476,496,457,
476,493,457,
475,489,457,
474,482,456,
473,472,456,
472,461,455,
470,447,454,
469,437,454,
467,431,454,
465,426,454,
464,420,453,
463,415,452,
462,411,451,
461,409,451,
460,406,451,
460,403,451,
460,403,450,
460,402,449,
459,401,450,
460,401,449,
460,401,449,
460,402,450,
460,404,450,
461,408,451,
462,412,451,
463,417,452,
463,421,452,
464,425,451,
464,430,452,
464,437,454,
464,444,454,
464,451,454,
465,459,454,
465,467,455,
466,473,454,
466,477,454,
467,481,455,
467,484,455,
467,487,454,
467,489,454,
466,492,454,
466,493,454,
466,494,454,
467,495,454,
466,496,454,
467,496,454,
467,496,454,
467,497,454,
467,497,454,
467,496,454,
467,493,454,
467,492,454,
467,489,454,
467,484,452,
467,476,451,
465,465,447,
460,454,441,
454,442,434,
463,446,441,
469,445,445,
472,443,447,
475,441,447,
476,437,447,
476,432,445,
476,429,442,
477,427,442,
478,426,442,
477,423,440,
475,419,438,
474,417,436,
472,414,433,
469,410,428,
465,405,424,
454,396,414,
462,401,421,
462,400,419,
462,399,419,
460,397,416,
460,397,416,
460,397,416,
462,397,416,
462,396,415,
462,396,414,
461,397,413,
461,396,412,
462,395,412,
462,396,412,
462,394,411,
462,394,411,
462,396,411,
463,396,411,
461,396,410,
461,397,410,
460,397,410,
460,398,409,
459,399,409,
459,399,408,
458,399,408,
457,399,407,
457,399,407,
455,398,405,
454,397,405,
444,388,395,
444,388,396,
453,396,403,
