581,495,464,
582,495,464,
581,495,464,
582,495,464,
582,495,464,
582,495,464,
581,495,464,
580,496,463,
581,495,463,
581,495,463,
581,495,463,
581,495,463,
581,495,463,
581,495,463,
581,495,462,
581,495,462,
581,494,461,
580,494,460,
579,493,459,
576,492,458,
574,490,456,
570,487,454,
567,483,452,
563,481,451,
557,476,448,
553,471,446,
547,469,447,
542,465,446,
537,461,445,
534,455,444,
531,451,444,
529,446,444,
528,444,443,
526,439,443,
523,436,442,
521,432,442,
518,428,442,
516,424,442,
514,420,440,
514,419,441,
514,417,440,
513,417,438,
513,416,437,
514,417,438,
514,417,436,
513,417,436,
515,418,436,
514,419,436,
514,417,436,
515,418,437,
515,419,436,
516,420,438,
518,421,440,
519,423,441,
519,422,442,
521,424,444,
524,425,445,
529,429,446,
532,430,446,
536,432,447,
541,434,448,
547,437,449,
554,440,449,
559,442,450,
565,445,451,
570,450,451,
573,454,452,
576,457,453,
579,462,454,
582,467,456,
583,470,456,
582,472,456,
583,474,456,
584,477,458,
586,480,460,
586,482,460,
584,482,461,
585,485,464,
584,486,465,
583,488,466,
583,489,469,
582,490,470,
579,490,471,
577,489,471,
574,489,471,
572,489,472,
571,490,473,
572,492,476,
571,493,476,
570,493,477,
570,493,476,
570,494,477,
571,495,478,
572,496,478,
572,497,478,
573,497,478,
573,497,478,
574,497,478,
573,497,478,
574,497,478,
574,496,477,
574,496,477,
574,497,477,
574,497,478,
575,497,477,
575,497,477,
574,497,477,
575,497,477,
575,497,477,
