472,501,373,
472,504,373,
472,505,374,
471,507,372,
472,507,373,
472,509,369,
472,507,372,
472,506,370,
472,508,374,
473,506,375,
472,506,374,
472,507,379,
472,503,380,
472,498,379,
473,485,380,
472,434,382,
473,413,383,
472,393,350,
470,377,415,
467,368,378,
464,362,377,
457,370,390,
458,372,381,
464,376,345,
465,377,324,
466,379,325,
467,364,329,
467,362,330,
467,367,336,
467,379,340,
467,413,403,
467,417,381,
467,424,362,
466,419,368,
466,395,461,
467,444,435,
466,482,432,
466,494,395,
466,483,398,
465,490,361,
465,495,406,
465,512,407,
465,497,406,
465,499,407,
466,500,407,
466,503,406,
466,516,407,
466,512,407,
466,513,407,
466,512,406,
466,511,406,
466,512,407,
466,511,406,
