466,499,456,
466,500,457,
466,499,457,
466,500,456,
466,499,456,
466,498,457,
466,498,456,
466,497,457,
466,497,455,
466,497,455,
466,497,455,
466,497,456,
466,495,455,
466,494,446,
466,485,448,
466,480,456,
466,479,417,
466,456,397,
466,442,462,
467,435,502,
466,428,448,
466,417,483,
438,399,449,
421,393,453,
432,405,444,
426,397,419,
432,383,412,
437,400,396,
439,414,393,
439,417,389,
438,415,392,
441,411,394,
442,419,397,
442,431,380,
441,424,421,
439,431,409,
438,437,398,
438,448,398,
438,462,392,
437,466,405,
437,467,407,
437,473,404,
435,475,406,
436,476,401,
438,482,414,
439,487,428,
440,490,433,
440,490,430,
440,489,429,
440,490,438,
440,490,437,
440,490,438,
439,489,437,
440,491,438,
441,491,436,
441,492,439,
440,492,440,
441,492,438,
