471,487,398,
471,487,398,
471,488,398,
471,488,399,
471,488,398,
471,488,398,
471,488,399,
471,487,399,
471,487,398,
471,487,398,
471,487,398,
472,486,396,
473,478,393,
473,464,391,
474,429,392,
475,401,389,
475,382,394,
476,378,390,
474,377,389,
474,376,390,
476,382,415,
478,384,419,
478,394,420,
479,389,420,
479,394,421,
479,390,422,
479,389,421,
480,394,391,
480,401,410,
480,411,423,
480,426,426,
480,448,424,
479,473,424,
479,479,423,
479,485,423,
479,486,423,
479,490,422,
479,490,421,
479,491,422,
479,492,422,
479,493,423,
479,493,422,
479,493,422,
479,494,422,
479,494,421,
479,495,421,
480,497,422,
479,499,422,
