459,507,397,
458,504,399,
458,513,398,
458,510,398,
457,511,398,
457,511,399,
457,507,399,
457,507,399,
456,493,395,
455,490,398,
454,486,405,
454,482,403,
453,467,400,
452,428,403,
453,407,402,
453,384,402,
453,374,397,
454,369,386,
455,366,346,
454,363,388,
457,362,387,
459,367,364,
457,362,368,
457,362,369,
457,368,371,
457,376,390,
456,383,392,
458,408,371,
460,401,370,
462,411,404,
463,427,405,
464,451,405,
464,472,407,
465,483,407,
467,494,409,
468,509,410,
469,515,411,
470,519,412,
470,523,413,
470,522,412,
471,524,412,
470,523,410,
470,527,394,
471,529,397,
471,531,399,
471,535,399,
471,534,399,
471,538,398,
471,532,398,
471,534,398,
471,544,398,
471,544,399,
