468,488,419,
468,488,419,
468,488,419,
468,488,419,
468,488,418,
468,488,419,
468,488,419,
468,488,418,
469,488,419,
468,489,419,
468,488,419,
468,488,419,
468,487,419,
469,486,419,
468,478,420,
470,457,356,
471,419,351,
471,384,346,
471,369,359,
470,360,419,
469,352,406,
462,346,389,
452,339,376,
459,351,375,
460,350,377,
461,351,376,
463,361,387,
465,368,402,
465,377,367,
466,383,375,
467,395,396,
470,420,397,
470,439,397,
471,463,394,
471,469,393,
471,471,391,
471,475,389,
471,478,389,
471,478,390,
471,481,393,
471,481,394,
471,482,396,
471,483,395,
471,482,396,
471,483,396,
