477,491,391,
477,491,391,
477,491,392,
476,491,391,
477,491,391,
477,492,392,
477,492,392,
477,493,392,
477,493,393,
477,493,403,
477,486,413,
477,477,418,
477,442,418,
477,419,417,
477,404,418,
478,380,418,
478,380,417,
477,377,417,
477,375,416,
478,382,413,
477,378,405,
478,389,412,
478,392,413,
479,395,406,
478,400,396,
478,408,393,
479,393,396,
479,379,405,
479,460,390,
479,455,390,
479,457,425,
478,475,425,
478,498,425,
478,513,425,
477,515,425,
477,497,425,
478,501,425,
477,504,425,
477,507,424,
477,508,425,
477,509,425,
477,510,425,
477,511,424,
478,511,425,
477,511,425,
477,511,425,
478,511,425,
