437,478,444,
421,479,428,
425,488,433,
427,503,435,
426,482,436,
427,497,435,
427,491,437,
426,481,437,
427,479,435,
427,478,437,
427,475,438,
428,469,438,
430,413,440,
429,418,438,
430,424,436,
428,406,418,
414,381,406,
395,339,362,
411,349,355,
422,346,428,
449,369,441,
448,359,460,
442,353,437,
451,375,470,
462,377,407,
462,376,375,
463,377,385,
462,387,374,
462,391,412,
463,396,416,
463,420,370,
463,430,406,
464,438,482,
463,422,493,
464,426,507,
463,455,512,
462,458,523,
462,482,503,
462,490,510,
462,495,512,
463,499,522,
462,504,522,
462,508,522,
462,511,520,
463,510,514,
463,511,520,
463,513,522,
463,513,523,
463,515,522,
463,515,520,
463,518,524,
463,518,521,
463,521,523,
463,522,521,
