467,494,408,
467,498,408,
467,516,407,
467,484,409,
467,485,407,
466,485,407,
467,486,408,
467,485,408,
467,485,406,
466,483,407,
467,480,472,
468,477,470,
469,447,470,
468,438,415,
469,429,409,
469,431,406,
469,402,408,
469,394,427,
468,397,426,
468,400,416,
463,378,401,
465,393,404,
458,384,399,
445,371,387,
440,398,382,
446,375,389,
448,421,393,
452,397,398,
454,398,400,
455,403,399,
453,405,398,
453,407,399,
454,370,400,
454,373,401,
455,395,402,
456,423,374,
456,431,391,
456,476,391,
457,540,393,
457,489,395,
458,493,360,
459,470,361,
459,474,361,
459,478,367,
459,479,375,
459,481,374,
460,490,375,
460,499,375,
460,484,377,
