400,478,417,
402,492,420,
401,498,425,
401,493,427,
403,500,426,
402,497,428,
402,496,429,
402,497,429,
402,496,431,
403,501,430,
401,426,401,
402,421,427,
402,413,427,
403,403,428,
403,392,419,
403,378,282,
401,365,322,
395,351,321,
421,360,331,
430,360,318,
418,351,348,
494,347,327,
417,349,328,
411,341,348,
434,363,374,
424,355,391,
406,341,444,
415,349,415,
416,352,430,
393,334,442,
396,341,443,
399,348,453,
400,353,454,
399,357,399,
400,362,333,
401,368,330,
397,324,371,
405,383,382,
404,383,392,
404,389,413,
404,400,419,
406,409,433,
404,411,414,
427,438,464,
450,466,474,
419,430,421,
416,435,436,
431,452,450,
434,456,450,
435,459,450,
436,460,420,
436,462,429,
436,463,423,
437,463,420,
437,464,420,
