478,522,426,
478,552,425,
478,552,426,
478,554,425,
478,558,426,
478,561,425,
478,528,426,
478,527,425,
478,524,426,
478,518,426,
478,514,426,
478,496,426,
478,459,426,
478,447,426,
478,421,424,
478,414,425,
479,414,425,
478,415,424,
478,406,425,
479,417,424,
479,414,424,
479,417,424,
479,421,425,
479,423,425,
479,428,425,
479,437,425,
479,442,426,
479,436,426,
479,416,426,
479,454,427,
479,434,426,
479,456,426,
478,482,426,
479,484,426,
478,501,425,
478,505,426,
478,506,425,
478,510,424,
478,513,425,
478,516,426,
478,513,425,
478,513,425,
478,513,426,
478,514,425,
478,515,425,
478,516,425,
478,515,425,
