482,521,434,
482,522,434,
482,523,434,
482,552,434,
482,529,435,
482,529,435,
482,527,435,
482,523,434,
482,518,435,
482,518,435,
482,513,435,
482,511,435,
482,496,434,
482,479,434,
482,431,433,
482,411,432,
482,402,432,
482,399,431,
482,400,431,
482,400,430,
482,411,430,
481,422,430,
482,429,430,
482,421,430,
482,422,432,
482,478,432,
482,487,433,
482,399,433,
482,391,434,
483,405,433,
482,424,432,
482,432,432,
482,474,432,
482,483,432,
482,491,432,
482,499,433,
482,508,432,
482,508,433,
482,511,433,
482,512,433,
482,510,433,
482,511,432,
482,515,432,
482,518,433,
482,517,433,
482,519,432,
482,519,432,
482,522,432,
482,521,433,
