459,514,361,
459,509,361,
459,510,361,
459,511,361,
459,511,361,
459,510,360,
459,512,361,
459,510,361,
460,510,361,
460,504,362,
460,496,360,
460,486,361,
460,451,363,
460,441,401,
461,425,384,
461,406,364,
463,373,383,
466,373,399,
467,371,394,
467,375,383,
467,374,385,
466,372,382,
466,372,418,
467,380,440,
466,380,423,
465,382,423,
464,421,421,
464,394,418,
463,396,443,
463,396,418,
463,416,412,
463,465,458,
462,473,456,
461,483,415,
460,487,407,
456,488,403,
452,488,399,
450,488,396,
450,491,320,
449,494,340,
448,494,336,
449,496,335,
449,499,344,
449,504,348,
449,507,349,
450,514,346,
450,509,339,
450,507,365,
450,513,367,
