459,483,372,
459,485,374,
459,487,373,
458,487,373,
459,490,374,
459,513,374,
459,513,374,
459,519,375,
460,519,375,
460,529,374,
460,551,374,
460,494,375,
460,494,374,
460,494,375,
459,494,374,
459,494,375,
458,494,375,
457,493,375,
456,492,433,
457,485,446,
458,453,393,
454,477,411,
445,476,433,
442,426,382,
428,400,381,
437,397,412,
378,340,329,
407,360,327,
429,381,325,
411,365,338,
410,363,353,
399,354,381,
411,366,365,
419,376,279,
415,373,379,
417,372,368,
419,374,358,
421,376,348,
418,381,330,
408,376,315,
401,373,366,
422,397,387,
427,407,421,
431,410,446,
432,423,467,
432,430,448,
403,408,441,
396,395,441,
377,390,399,
385,400,415,
390,410,382,
391,416,419,
392,420,434,
393,422,397,
393,425,380,
393,427,399,
392,429,398,
392,430,388,
393,435,345,
395,436,386,
396,438,354,
396,439,370,
394,437,396,
395,438,382,
395,438,366,
395,438,332,
