443,459,374,
444,459,375,
443,458,374,
442,458,373,
443,459,375,
445,458,375,
444,454,374,
444,451,371,
444,447,377,
443,436,378,
444,418,378,
445,387,378,
446,369,379,
447,354,382,
447,346,393,
447,339,387,
447,337,387,
453,342,394,
450,340,392,
460,346,400,
464,352,404,
469,357,408,
472,360,410,
473,367,411,
473,366,412,
474,376,412,
475,382,385,
476,390,384,
476,411,416,
476,425,416,
475,459,417,
475,461,411,
474,475,410,
473,482,408,
473,492,407,
471,495,406,
469,506,405,
466,498,402,
465,500,402,
464,499,401,
464,499,401,
463,500,400,
462,497,399,
461,494,399,
462,497,399,
461,499,399,
461,498,398,
461,499,398,
