455,495,363,
455,500,363,
455,497,363,
455,494,363,
455,490,363,
455,489,364,
457,487,365,
457,481,366,
458,468,364,
458,440,366,
459,418,366,
457,401,365,
447,363,358,
443,355,383,
457,359,389,
447,346,374,
452,351,361,
453,359,357,
447,368,347,
446,363,354,
448,360,357,
448,366,357,
454,379,364,
452,398,389,
454,391,405,
457,406,407,
463,450,413,
464,514,416,
465,479,416,
465,484,417,
467,486,417,
467,490,418,
467,502,418,
467,489,418,
468,490,417,
468,490,418,
468,492,418,
467,492,419,
468,493,418,
468,494,418,
468,495,418,
468,504,418,
468,505,418,
468,506,418,
