449,507,368,
450,505,367,
450,505,367,
450,505,367,
450,505,366,
450,505,364,
450,505,362,
450,504,365,
450,500,365,
450,492,359,
450,477,365,
451,445,366,
450,443,386,
451,404,384,
452,399,372,
451,376,372,
453,367,372,
463,373,404,
458,366,404,
452,360,376,
447,359,396,
451,360,373,
452,393,373,
453,395,373,
452,400,366,
453,371,366,
453,378,348,
452,418,356,
453,422,400,
452,436,349,
450,402,398,
451,410,404,
450,468,399,
453,479,400,
456,487,402,
458,496,404,
459,505,404,
460,514,406,
462,521,406,
461,527,407,
461,524,406,
462,528,407,
462,520,407,
462,518,407,
462,519,407,
