483,506,435,
483,506,436,
483,505,437,
483,507,436,
482,507,435,
483,506,436,
483,507,436,
483,506,436,
483,505,436,
483,503,436,
483,501,436,
483,501,436,
483,493,436,
483,474,435,
483,450,435,
483,418,435,
483,406,436,
483,395,434,
482,390,434,
482,389,433,
481,388,433,
481,391,432,
481,404,432,
482,412,433,
482,416,433,
482,406,433,
482,404,434,
482,406,434,
482,413,434,
482,417,435,
482,431,434,
482,434,435,
483,451,435,
482,471,435,
482,483,435,
483,496,435,
483,498,435,
482,499,435,
483,502,435,
483,509,435,
483,509,435,
483,510,435,
483,507,436,
483,507,436,
483,507,435,
483,508,436,
483,507,436,
483,505,436,
