477,469,422,
477,469,422,
477,469,422,
477,469,422,
477,469,422,
478,468,422,
478,466,422,
478,455,422,
478,449,421,
478,438,421,
478,409,421,
478,390,415,
478,365,414,
479,349,414,
479,352,415,
479,337,413,
479,347,421,
479,340,422,
478,341,419,
478,357,420,
478,365,420,
478,369,420,
477,373,420,
477,372,420,
477,363,420,
477,367,420,
477,372,418,
477,384,418,
477,405,419,
476,432,419,
476,425,419,
477,444,418,
476,451,419,
476,453,418,
476,455,418,
476,456,418,
476,458,418,
476,458,418,
476,458,419,
476,460,418,
476,460,418,
476,460,419,
476,461,419,
476,460,418,
476,461,419,
