468,460,410,
468,461,411,
468,461,411,
468,460,411,
468,462,410,
468,461,411,
468,460,411,
468,459,411,
468,452,410,
468,447,411,
468,437,412,
468,411,412,
469,396,412,
469,374,412,
469,359,415,
469,354,412,
470,344,412,
469,340,413,
469,338,417,
469,357,415,
471,359,414,
473,347,417,
474,344,418,
474,349,418,
475,350,419,
475,356,419,
476,360,420,
476,388,420,
476,374,416,
476,382,410,
476,390,420,
475,398,423,
476,412,425,
476,433,424,
475,431,425,
475,448,425,
476,449,424,
475,453,425,
475,453,425,
475,456,424,
475,458,424,
475,460,424,
475,460,424,
475,461,424,
475,462,424,
475,462,424,
475,462,424,
475,463,424,
475,463,424,
