439,513,459,
440,513,460,
440,513,460,
440,516,461,
440,518,462,
440,520,484,
440,523,460,
440,528,460,
442,526,463,
444,475,461,
443,474,454,
443,473,452,
443,471,422,
444,464,450,
444,448,456,
445,426,434,
445,414,435,
445,397,400,
440,382,415,
427,346,418,
431,354,425,
422,328,415,
433,335,439,
426,329,407,
430,329,420,
394,328,394,
432,339,425,
432,336,408,
433,353,413,
437,361,416,
434,365,415,
436,372,418,
435,374,419,
434,374,431,
432,381,445,
432,389,395,
432,365,444,
431,377,446,
430,382,442,
431,411,442,
439,409,381,
429,428,373,
427,435,372,
428,442,373,
427,443,371,
430,444,372,
430,447,380,
432,451,385,
431,452,384,
429,451,382,
426,449,378,
426,449,380,
427,451,380,
