442,452,392,
443,452,393,
443,452,393,
442,452,392,
440,450,392,
442,450,392,
440,448,390,
439,447,389,
444,452,395,
445,450,396,
446,436,396,
447,409,396,
447,395,396,
449,365,397,
450,352,399,
451,344,399,
452,340,400,
453,338,400,
453,344,400,
453,365,401,
456,363,402,
456,359,400,
456,368,401,
456,363,401,
456,403,401,
456,411,401,
455,379,401,
455,377,393,
455,378,397,
455,380,395,
454,403,395,
454,420,394,
453,464,394,
452,471,394,
450,474,391,
450,468,391,
450,474,391,
451,472,392,
448,470,390,
448,472,389,
446,472,388,
441,466,383,
437,462,382,
440,463,382,
437,463,380,
438,466,382,
441,468,384,
441,469,385,
440,468,384,
