484,538,436,
484,537,436,
484,538,436,
484,538,436,
484,538,436,
484,539,436,
484,539,436,
484,537,436,
484,537,437,
484,532,437,
484,520,436,
484,501,436,
485,480,436,
485,465,436,
485,453,435,
485,443,435,
485,438,435,
485,441,434,
484,447,435,
484,454,435,
485,455,435,
485,456,435,
485,460,436,
485,470,436,
485,469,436,
485,473,436,
485,487,436,
485,495,437,
485,508,436,
485,524,436,
484,537,438,
485,542,438,
485,546,439,
484,548,438,
484,544,438,
484,544,438,
484,546,439,
484,548,439,
484,550,439,
484,553,439,
484,555,439,
484,549,439,
484,551,439,
484,553,439,
484,551,439,
484,547,438,
484,547,438,
