472,527,397,
472,527,398,
472,527,397,
472,527,397,
471,527,396,
471,527,397,
472,527,397,
471,525,397,
471,524,397,
471,523,399,
471,518,417,
471,508,405,
472,486,392,
472,464,396,
473,423,393,
473,405,397,
473,415,392,
473,387,396,
474,386,397,
473,383,400,
472,383,397,
472,382,398,
472,386,399,
472,395,399,
471,403,401,
471,410,381,
471,415,396,
470,450,384,
471,434,384,
470,462,384,
470,472,386,
470,496,391,
470,500,392,
470,504,396,
470,508,399,
470,510,398,
470,512,398,
469,513,398,
469,513,398,
470,514,399,
469,514,399,
469,515,399,
469,515,399,
469,515,399,
470,515,399,
