509,422,407,
509,431,404,
509,432,407,
509,445,403,
510,444,390,
510,442,395,
510,443,410,
510,441,411,
510,443,411,
510,443,409,
511,438,408,
511,440,412,
511,441,414,
511,438,413,
511,434,415,
511,437,415,
511,431,415,
511,434,415,
511,435,415,
511,433,416,
511,441,416,
511,444,415,
511,450,416,
511,448,416,
511,432,416,
511,446,416,
510,402,415,
509,402,416,
507,407,417,
502,405,416,
496,401,415,
486,395,415,
469,396,415,
448,404,414,
430,363,414,
412,361,413,
397,391,412,
398,417,412,
374,450,411,
368,428,410,
361,422,411,
361,411,411,
349,437,428,
345,407,425,
345,423,421,
341,443,419,
339,466,416,
341,466,414,
342,398,416,
340,451,416,
337,419,416,
340,463,415,
341,401,416,
342,414,416,
342,414,416,
345,412,417,
347,417,417,
353,411,418,
355,416,419,
357,416,418,
359,411,419,
364,413,419,
378,411,420,
383,414,420,
392,420,422,
399,422,422,
410,422,422,
415,420,422,
426,422,422,
437,425,422,
443,425,423,
448,426,423,
453,405,422,
459,397,423,
464,421,422,
469,430,423,
473,426,422,
476,427,422,
479,426,422,
482,422,422,
484,422,421,
486,423,419,
488,418,420,
490,420,420,
491,421,417,
492,422,416,
493,426,416,
494,431,416,
494,429,416,
495,426,416,
495,427,415,
496,429,416,
495,434,414,
495,439,414,
494,436,414,
493,435,410,
493,435,411,
492,435,413,
489,437,357,
488,441,408,
486,436,400,
484,442,411,
484,441,411,
482,443,414,
481,456,414,
480,458,416,
489,454,415,
479,453,416,
482,460,415,
484,464,413,
496,463,417,
486,463,417,
488,461,414,
476,463,415,
477,464,415,
475,462,417,
473,463,416,
476,466,416,
478,467,417,
475,470,417,
477,472,416,
480,471,417,
483,469,417,
486,470,417,
489,472,417,
479,473,417,
482,471,417,
491,479,417,
509,475,417,
493,480,417,
535,478,418,
476,475,418,
475,483,418,
475,486,418,
475,488,418,
