511,422,407,
509,443,405,
511,442,400,
512,430,399,
512,444,399,
512,432,399,
512,429,398,
518,448,403,
514,370,406,
514,371,406,
519,374,406,
511,385,408,
511,401,408,
515,399,407,
510,398,399,
507,397,406,
502,399,399,
491,394,399,
480,392,396,
469,389,405,
441,391,406,
420,403,408,
402,419,408,
388,436,409,
378,452,408,
366,447,413,
360,429,409,
369,369,414,
354,367,413,
346,440,414,
344,374,410,
346,379,413,
345,379,453,
342,395,443,
343,407,434,
342,401,443,
348,406,447,
351,417,450,
365,415,451,
363,415,428,
370,408,426,
383,413,419,
391,416,414,
402,401,414,
413,432,415,
433,342,414,
435,370,414,
441,366,415,
446,361,416,
450,380,415,
458,425,416,
459,458,416,
463,470,416,
464,473,412,
469,479,416,
473,496,450,
476,508,452,
479,443,453,
481,456,456,
484,476,455,
485,418,455,
487,454,456,
489,471,457,
490,481,458,
492,462,419,
492,414,439,
493,415,463,
493,415,468,
494,415,459,
494,418,477,
495,423,460,
494,451,462,
492,471,483,
491,469,479,
490,472,468,
489,478,394,
488,490,433,
487,481,456,
486,524,452,
484,490,450,
483,447,437,
483,459,436,
482,463,429,
482,464,430,
482,462,429,
484,449,438,
486,441,445,
500,442,450,
517,440,451,
529,448,473,
486,449,457,
487,450,461,
487,455,466,
486,454,469,
486,453,471,
484,449,470,
482,449,459,
482,455,428,
482,453,440,
481,454,475,
481,456,477,
481,459,473,
481,458,466,
482,462,466,
481,465,465,
483,464,469,
484,466,467,
484,467,467,
485,469,467,
486,469,468,
488,470,467,
491,470,468,
493,472,471,
501,474,464,
492,475,464,
491,476,465,
491,478,498,
