501,407,477,
502,413,479,
503,409,478,
502,418,480,
504,417,480,
504,421,481,
504,432,481,
504,425,479,
504,419,481,
505,422,483,
509,436,485,
507,431,487,
508,432,489,
513,431,492,
511,439,496,
504,427,500,
504,440,507,
506,416,511,
496,418,515,
489,408,527,
477,394,524,
447,386,521,
422,387,519,
399,323,508,
384,382,502,
367,348,424,
356,340,422,
351,313,401,
347,347,422,
344,377,421,
334,402,414,
332,464,413,
335,473,413,
333,350,414,
335,344,414,
336,346,415,
340,352,415,
343,350,416,
348,353,416,
358,354,417,
370,352,418,
383,353,415,
401,341,425,
422,386,427,
424,365,434,
436,357,466,
440,424,438,
446,438,441,
452,407,440,
457,416,441,
463,443,441,
467,442,442,
471,470,445,
475,510,445,
478,398,439,
481,398,448,
483,408,450,
485,440,452,
490,404,456,
489,407,456,
493,475,458,
495,403,460,
496,408,459,
495,448,462,
494,425,454,
500,434,470,
493,428,461,
490,427,450,
487,428,448,
489,497,467,
490,435,466,
489,440,447,
488,439,451,
485,440,440,
485,451,452,
483,448,454,
484,452,456,
484,458,473,
484,458,471,
485,455,462,
486,464,472,
485,460,470,
485,466,461,
486,466,467,
485,469,477,
487,463,477,
495,469,488,
486,469,486,
485,482,467,
484,480,469,
483,491,435,
484,487,444,
484,488,440,
483,500,439,
482,486,391,
482,494,435,
482,489,428,
482,528,437,
481,532,437,
481,522,437,
480,523,438,
480,500,438,
480,529,438,
481,515,438,
481,522,439,
482,525,439,
482,527,439,
482,531,439,
