488,337,423,
487,336,421,
487,336,421,
487,336,422,
487,336,420,
486,335,420,
486,335,419,
485,335,419,
484,334,418,
481,332,416,
481,332,415,
474,326,410,
495,342,428,
468,323,403,
463,319,399,
461,319,399,
457,321,399,
452,322,400,
442,322,400,
427,322,399,
409,320,400,
393,319,399,
380,323,399,
370,327,399,
358,364,398,
350,366,398,
348,366,398,
337,344,398,
329,435,397,
324,361,398,
321,407,397,
318,376,397,
315,414,398,
315,362,397,
313,341,396,
318,344,397,
317,346,398,
320,351,398,
324,425,399,
330,454,400,
333,461,400,
339,317,399,
347,322,400,
356,325,400,
363,324,399,
371,329,399,
379,331,399,
388,332,399,
397,361,399,
403,400,400,
408,324,399,
413,326,399,
417,344,399,
422,346,399,
426,359,400,
430,369,400,
435,433,401,
438,444,402,
441,406,401,
441,325,398,
443,322,399,
445,325,398,
446,361,399,
451,355,363,
451,351,399,
452,349,398,
453,348,397,
455,351,393,
456,351,397,
458,351,398,
458,350,397,
459,350,397,
459,350,398,
460,350,397,
461,350,397,
461,351,398,
461,350,398,
461,351,398,
461,351,398,
461,351,398,
461,352,398,
461,352,397,
461,353,398,
462,356,398,
461,356,399,
461,357,398,
461,358,394,
461,359,393,
462,382,378,
460,339,382,
460,346,393,
460,342,395,
460,344,394,
460,354,392,
461,363,392,
460,366,397,
459,378,399,
460,381,398,
459,377,395,
457,389,391,
459,385,401,
462,390,407,
463,402,410,
475,421,422,
469,436,417,
460,418,410,
452,420,398,
455,410,399,
450,416,407,
445,393,403,
445,418,400,
444,429,403,
444,428,402,
444,420,349,
445,416,337,
442,470,403,
442,462,404,
442,473,404,
443,478,402,
441,444,403,
441,446,402,
441,457,399,
442,474,387,
442,464,404,
442,478,401,
441,455,404,
441,452,405,
441,452,404,
443,489,405,
442,458,405,
443,478,404,
