512,374,492,
512,367,495,
512,358,495,
512,372,488,
512,378,479,
512,398,485,
512,384,485,
513,380,489,
513,393,492,
513,423,480,
513,407,472,
513,405,470,
513,407,473,
513,427,471,
513,382,471,
513,369,473,
513,367,472,
510,362,474,
505,362,496,
497,361,531,
478,361,532,
458,345,509,
440,343,505,
423,383,455,
407,354,530,
393,344,511,
381,367,489,
372,392,494,
363,344,475,
358,381,428,
355,432,491,
350,457,556,
349,472,530,
348,415,464,
348,462,515,
349,458,555,
352,486,468,
353,470,471,
354,442,470,
356,461,470,
359,417,471,
365,380,472,
369,381,474,
376,383,473,
385,383,473,
398,384,474,
409,385,474,
421,385,474,
432,386,475,
440,421,475,
447,409,474,
454,390,476,
459,390,477,
465,393,482,
469,414,481,
473,464,477,
477,467,484,
481,386,483,
484,382,484,
488,370,487,
493,386,487,
493,398,498,
494,401,495,
498,423,488,
499,348,488,
501,354,494,
502,407,491,
503,410,496,
505,406,490,
506,409,491,
506,411,493,
507,420,496,
507,426,497,
508,451,503,
508,419,522,
508,458,523,
508,372,523,
508,358,527,
509,371,530,
509,370,527,
508,403,529,
507,374,528,
507,432,532,
506,434,531,
506,426,536,
506,430,535,
505,433,533,
504,435,533,
503,428,531,
502,427,532,
502,442,531,
500,448,503,
498,448,512,
497,448,489,
497,443,456,
497,454,424,
496,448,469,
495,451,438,
495,453,441,
496,446,450,
495,441,457,
494,419,468,
493,421,487,
493,412,484,
493,426,473,
492,412,482,
492,416,475,
491,417,478,
491,432,477,
492,429,478,
492,423,477,
492,423,477,
492,423,477,
492,422,478,
492,423,479,
493,420,479,
493,417,479,
493,417,481,
