527,382,404,
528,455,404,
529,449,404,
529,409,405,
530,393,405,
531,403,405,
526,406,405,
527,444,405,
525,406,406,
527,404,406,
541,404,406,
538,405,407,
553,403,407,
568,405,407,
513,410,407,
554,445,407,
502,429,407,
489,412,407,
490,400,408,
461,401,409,
450,354,408,
424,419,408,
412,361,408,
396,417,409,
384,424,409,
375,446,409,
367,445,409,
357,439,408,
352,405,408,
347,388,408,
345,387,408,
341,431,408,
340,404,409,
338,385,409,
337,376,410,
342,396,409,
347,373,409,
339,393,410,
344,396,410,
348,379,410,
354,379,410,
362,375,411,
374,375,411,
389,366,412,
401,342,412,
412,351,412,
426,385,413,
433,386,413,
440,384,413,
448,392,414,
454,401,414,
461,388,413,
466,399,413,
471,392,414,
475,404,412,
479,375,412,
482,382,396,
485,377,412,
488,389,413,
490,387,413,
492,438,409,
493,398,412,
494,404,412,
495,412,412,
496,404,411,
497,419,411,
498,421,412,
499,422,411,
500,426,412,
501,398,412,
502,399,413,
505,404,414,
502,407,373,
512,407,380,
505,414,418,
505,409,392,
529,424,392,
507,415,421,
503,417,420,
500,417,428,
502,421,398,
502,427,417,
499,433,417,
504,440,359,
500,447,404,
498,452,399,
495,456,388,
494,462,396,
494,466,395,
492,468,434,
498,475,432,
493,466,430,
506,472,428,
492,473,401,
490,471,374,
490,472,396,
495,472,404,
492,473,377,
494,468,408,
496,490,417,
497,492,424,
496,523,428,
494,474,424,
493,478,424,
492,471,423,
493,478,421,
493,490,422,
494,476,423,
494,435,423,
495,444,419,
495,449,392,
494,474,420,
493,492,397,
492,489,398,
492,481,392,
492,485,389,
492,490,416,
491,491,416,
492,493,415,
492,497,415,
492,441,415,
492,441,416,
491,442,415,
491,443,416,
