507,353,427,
507,355,428,
507,357,428,
508,363,428,
509,373,428,
508,361,428,
508,360,429,
508,360,428,
508,359,429,
508,360,429,
508,361,429,
508,362,429,
508,376,430,
507,390,430,
506,382,431,
504,384,430,
503,385,430,
485,383,430,
469,370,429,
465,356,429,
432,353,428,
415,378,426,
401,439,425,
389,423,424,
376,421,425,
366,405,420,
356,376,418,
350,370,422,
346,401,415,
343,369,421,
343,395,421,
339,429,420,
343,384,421,
340,388,421,
342,398,423,
346,411,423,
345,297,423,
350,297,423,
356,297,424,
360,299,425,
364,298,425,
367,306,425,
374,304,426,
386,307,426,
396,309,427,
407,322,428,
417,312,428,
429,310,428,
436,341,428,
443,346,428,
449,346,428,
455,347,429,
461,350,430,
466,356,430,
469,362,430,
473,380,429,
477,348,429,
479,347,428,
482,349,422,
484,348,424,
487,349,406,
490,352,428,
492,379,426,
494,349,428,
496,349,426,
497,348,429,
497,349,428,
498,350,429,
499,350,430,
499,352,430,
497,351,428,
490,345,421,
486,344,418,
483,343,416,
485,345,417,
484,346,416,
480,345,415,
477,344,412,
473,344,411,
480,333,418,
477,347,419,
475,351,417,
473,353,416,
472,348,416,
475,329,409,
474,336,418,
476,342,423,
476,345,423,
476,349,422,
475,352,423,
476,358,424,
476,362,425,
476,389,424,
476,382,425,
477,393,425,
477,386,426,
475,386,425,
475,390,422,
477,377,422,
477,384,426,
474,377,424,
474,376,422,
476,397,425,
477,415,425,
478,409,428,
481,430,425,
483,458,380,
483,448,430,
483,448,431,
483,420,431,
484,427,432,
486,433,434,
487,436,433,
489,438,434,
489,447,435,
489,508,436,
489,520,436,
489,498,436,
490,495,437,
490,515,437,
490,511,438,
