515,424,410,
514,429,412,
515,436,409,
514,441,410,
515,447,408,
515,449,407,
515,451,406,
515,450,404,
515,437,404,
514,429,403,
514,430,403,
514,428,403,
512,437,410,
512,459,445,
511,451,439,
490,448,406,
471,448,449,
450,460,458,
428,456,403,
417,440,402,
397,440,406,
385,441,403,
376,440,406,
483,411,410,
357,399,432,
356,396,416,
351,408,434,
345,405,422,
342,404,424,
337,408,418,
338,405,506,
337,403,445,
338,404,472,
338,407,501,
342,407,445,
343,409,422,
346,409,444,
350,432,457,
354,446,463,
360,449,477,
367,439,454,
379,442,496,
391,449,416,
402,444,532,
411,412,543,
419,421,523,
428,445,580,
438,477,537,
444,480,556,
448,463,478,
452,468,528,
456,435,540,
460,405,509,
464,427,531,
469,430,500,
473,458,545,
478,414,578,
482,365,518,
504,359,517,
493,363,525,
493,371,528,
493,381,521,
492,402,481,
493,406,492,
494,385,512,
494,405,518,
495,416,531,
495,413,548,
496,418,556,
496,423,563,
496,408,565,
497,405,526,
497,400,548,
497,399,553,
496,399,527,
496,392,529,
496,412,539,
496,430,529,
496,499,521,
496,436,525,
495,459,522,
494,435,524,
493,475,525,
492,470,506,
490,467,497,
488,484,485,
485,472,516,
483,454,506,
481,442,500,
481,446,500,
479,446,514,
479,451,505,
478,453,474,
477,456,459,
475,458,466,
475,461,471,
474,458,481,
474,483,478,
477,478,472,
477,477,456,
472,495,463,
473,494,476,
471,503,434,
472,495,521,
471,496,480,
472,504,528,
472,505,514,
472,503,513,
473,506,513,
476,509,511,
476,511,508,
480,518,532,
479,430,540,
479,435,547,
479,447,537,
