522,371,435,
521,380,435,
523,356,436,
524,367,436,
511,379,436,
509,371,436,
509,365,437,
506,359,436,
504,358,436,
504,357,437,
503,358,436,
504,365,436,
504,389,437,
506,411,437,
504,399,437,
503,360,437,
502,355,437,
503,353,437,
501,352,437,
506,352,437,
489,352,437,
470,351,437,
449,350,435,
428,354,434,
423,356,433,
401,369,433,
396,407,433,
391,354,431,
367,351,431,
362,433,431,
357,438,429,
351,415,429,
344,412,429,
345,417,428,
341,463,428,
340,463,428,
342,424,428,
339,426,428,
349,431,428,
339,426,427,
340,408,428,
340,413,428,
342,432,429,
343,346,428,
347,349,429,
351,383,429,
354,388,430,
355,380,430,
359,375,430,
361,376,431,
369,384,431,
383,380,432,
463,385,432,
400,382,432,
410,383,432,
419,368,432,
428,369,433,
439,370,433,
442,372,433,
448,383,433,
453,384,434,
457,379,433,
464,384,434,
468,398,435,
472,397,434,
475,393,433,
480,404,432,
481,397,435,
484,402,436,
486,396,435,
486,383,435,
490,410,433,
492,464,433,
492,467,434,
496,452,378,
498,438,378,
498,441,434,
500,435,433,
501,424,405,
500,421,435,
500,382,434,
500,365,434,
501,363,434,
501,361,435,
501,364,435,
502,371,436,
503,426,437,
503,406,436,
502,400,436,
501,399,435,
501,401,436,
498,408,405,
498,421,433,
500,406,435,
500,414,437,
498,404,438,
496,419,439,
494,420,439,
492,431,439,
492,422,441,
492,425,442,
490,419,443,
488,415,443,
489,416,443,
489,420,443,
489,425,443,
490,426,443,
490,428,443,
491,431,442,
494,429,442,
487,432,441,
484,426,442,
483,424,441,
484,422,441,
485,422,423,
485,429,443,
483,435,438,
483,449,428,
498,451,429,
486,456,431,
486,434,442,
486,429,434,
484,454,442,
484,496,443,
484,492,443,
482,468,442,
482,457,442,
482,476,443,
483,462,421,
484,492,437,
484,476,441,
484,508,442,
484,512,442,
484,500,442,
484,482,442,
484,482,443,
485,489,443,
