505,408,423,
505,411,423,
505,382,422,
506,388,423,
506,400,423,
506,391,423,
506,397,424,
506,394,423,
506,399,424,
507,402,424,
507,408,424,
507,407,425,
507,418,424,
507,421,425,
507,418,425,
507,418,424,
507,386,425,
507,410,425,
507,416,425,
507,402,425,
507,394,425,
507,397,425,
505,390,425,
502,400,426,
497,384,424,
486,377,424,
476,392,424,
453,376,423,
436,353,424,
420,346,423,
409,346,423,
400,344,423,
393,344,423,
385,344,422,
384,342,422,
370,337,420,
366,335,421,
360,334,419,
386,333,419,
358,332,419,
353,333,422,
359,332,425,
348,331,475,
344,331,465,
348,330,468,
342,331,458,
341,330,448,
344,333,450,
341,333,460,
342,334,492,
343,335,499,
344,337,475,
346,335,475,
349,337,475,
355,338,484,
360,340,482,
363,341,477,
369,342,477,
379,342,446,
389,343,481,
401,344,476,
409,345,472,
420,345,473,
431,345,475,
440,346,475,
443,347,478,
450,347,481,
457,347,474,
480,347,474,
467,347,476,
469,347,481,
473,348,506,
475,348,510,
478,346,503,
481,348,483,
483,347,476,
486,347,499,
487,348,465,
489,347,487,
490,348,493,
492,345,469,
492,346,450,
493,349,452,
494,349,449,
495,349,448,
496,349,447,
496,351,447,
498,350,449,
498,350,441,
499,351,439,
499,352,439,
499,353,440,
500,354,440,
500,357,458,
497,357,462,
497,357,472,
504,358,497,
499,359,499,
497,361,497,
496,363,492,
496,366,491,
493,370,491,
491,374,491,
490,377,492,
489,383,493,
488,385,494,
490,388,495,
488,392,494,
486,393,493,
486,397,491,
485,398,492,
485,401,492,
484,403,492,
484,406,493,
484,414,492,
484,411,493,
484,415,494,
484,413,495,
484,406,495,
483,403,496,
483,417,496,
483,421,481,
483,409,498,
485,433,494,
486,429,496,
484,434,499,
483,434,499,
483,413,499,
483,432,498,
484,418,499,
484,420,497,
483,427,498,
484,437,476,
485,438,497,
484,439,498,
485,440,498,
485,441,498,
484,441,497,
484,441,496,
485,441,495,
484,441,495,
485,444,494,
485,442,495,
485,442,494,
486,442,493,
486,443,492,
