508,369,434,
509,370,433,
509,371,433,
509,372,432,
509,375,433,
509,408,434,
509,402,436,
509,403,438,
509,396,442,
509,399,455,
509,392,467,
509,393,462,
509,400,461,
508,407,461,
505,409,475,
500,402,459,
493,403,481,
479,401,500,
459,406,472,
441,446,496,
425,454,492,
409,405,463,
397,363,509,
394,360,487,
373,357,498,
367,357,454,
359,345,422,
350,387,499,
351,390,455,
341,421,520,
341,428,519,
340,426,504,
342,432,488,
344,434,522,
347,432,531,
349,450,538,
350,423,552,
354,461,497,
360,426,530,
364,399,497,
367,399,480,
367,395,512,
370,397,509,
380,394,508,
389,404,510,
397,414,468,
414,428,517,
413,425,478,
421,439,449,
429,440,484,
437,460,467,
441,468,472,
449,449,572,
450,381,514,
455,410,425,
458,438,429,
461,426,543,
465,458,433,
471,369,432,
475,368,423,
478,373,430,
482,378,430,
485,378,421,
487,379,425,
488,384,424,
490,389,425,
491,400,423,
492,403,421,
493,407,422,
494,413,421,
494,431,422,
495,512,422,
496,467,423,
496,459,422,
496,465,423,
497,378,423,
497,381,424,
497,380,428,
497,382,431,
497,382,433,
496,384,414,
496,385,432,
495,391,434,
494,396,434,
492,399,434,
490,399,432,
489,400,434,
489,401,436,
488,404,439,
487,410,442,
486,414,384,
484,418,447,
486,449,450,
481,454,447,
480,448,454,
480,446,461,
486,459,458,
507,465,460,
479,492,458,
478,441,477,
477,443,488,
479,445,489,
479,437,489,
480,434,490,
480,432,486,
480,434,482,
481,439,479,
481,439,485,
