502,340,435,
502,341,435,
503,341,436,
503,341,436,
503,342,436,
503,343,436,
503,342,437,
503,343,437,
503,342,437,
504,343,437,
504,343,437,
503,343,436,
504,343,437,
504,344,437,
504,342,437,
505,343,438,
505,343,438,
505,343,438,
504,342,438,
503,341,438,
501,336,438,
497,328,438,
487,326,438,
473,337,437,
457,340,436,
440,343,435,
425,345,434,
415,380,434,
403,343,433,
394,365,431,
383,394,433,
374,396,433,
366,397,432,
358,375,432,
354,374,431,
351,375,426,
349,426,430,
347,399,430,
346,411,431,
345,366,432,
345,357,434,
347,351,438,
351,350,443,
354,361,446,
359,375,449,
365,394,451,
371,392,452,
383,395,452,
393,388,453,
403,378,453,
412,375,454,
423,364,454,
433,358,455,
439,354,455,
445,354,454,
450,355,455,
456,362,455,
460,353,455,
464,355,441,
468,354,456,
472,353,455,
475,352,455,
478,388,454,
480,385,453,
482,376,450,
485,359,450,
487,353,444,
488,353,448,
489,334,447,
491,331,446,
491,331,445,
492,331,443,
492,332,436,
493,337,433,
494,338,434,
494,332,434,
494,333,433,
494,334,434,
494,334,435,
493,336,434,
492,337,434,
491,338,436,
489,338,437,
487,342,437,
486,342,439,
485,349,440,
484,369,440,
483,371,439,
481,373,443,
481,375,421,
481,378,385,
481,380,414,
480,385,450,
480,384,445,
480,383,447,
479,383,447,
480,384,448,
479,385,448,
480,387,442,
479,388,441,
479,392,448,
480,406,440,
480,428,444,
480,418,434,
479,413,432,
480,383,443,
480,392,439,
479,397,434,
479,396,435,
479,406,437,
479,415,448,
479,418,430,
479,415,443,
479,425,449,
479,425,445,
479,423,452,
479,427,452,
479,431,452,
478,435,452,
478,433,452,
478,434,452,
477,440,452,
476,431,384,
476,441,449,
476,434,406,
476,452,422,
475,432,439,
475,437,445,
475,424,445,
474,427,441,
475,443,405,
474,452,394,
474,440,443,
474,460,448,
474,430,476,
474,434,473,
474,437,471,
474,444,475,
474,485,474,
474,488,472,
474,482,476,
474,473,475,
475,479,475,
475,492,473,
475,470,471,
475,470,468,
475,471,470,
476,472,468,
476,463,468,
