532,353,433,
531,353,433,
531,354,432,
531,355,435,
530,356,434,
531,354,434,
530,353,435,
532,355,434,
530,355,433,
531,354,436,
531,354,434,
531,356,434,
531,355,434,
530,356,435,
529,353,434,
530,354,434,
527,355,433,
523,354,434,
518,354,434,
509,353,434,
494,353,434,
479,355,434,
463,352,433,
449,351,431,
436,350,431,
423,351,430,
412,349,429,
402,350,431,
396,352,430,
387,346,428,
384,347,429,
380,346,429,
377,343,428,
373,344,428,
371,342,429,
367,344,428,
364,342,429,
360,342,428,
360,341,429,
360,342,426,
359,342,429,
356,342,430,
357,341,428,
355,343,428,
354,340,426,
353,344,427,
355,345,426,
355,345,427,
355,343,428,
355,343,426,
356,343,427,
356,342,427,
357,344,428,
359,349,429,
362,347,428,
360,346,430,
362,347,430,
363,348,429,
367,346,431,
371,347,437,
375,349,437,
384,347,443,
394,348,447,
407,351,439,
425,352,473,
443,351,487,
456,349,485,
468,349,483,
476,349,471,
483,347,445,
486,346,447,
493,350,448,
495,348,454,
499,348,450,
502,351,480,
504,349,481,
506,348,455,
508,348,449,
510,350,456,
513,351,493,
516,351,492,
518,350,495,
521,354,476,
521,352,444,
522,352,448,
522,352,448,
525,354,448,
526,355,449,
526,354,453,
527,356,453,
527,354,452,
528,355,454,
528,359,458,
528,358,461,
528,356,464,
528,355,471,
524,357,469,
523,358,476,
518,356,483,
509,357,482,
498,360,507,
486,360,519,
473,362,454,
463,362,541,
455,364,541,
450,360,469,
446,362,466,
440,361,523,
440,360,516,
438,362,459,
435,360,467,
434,364,448,
432,362,455,
434,367,496,
435,367,475,
436,368,443,
440,424,441,
442,407,449,
443,386,505,
444,376,469,
445,375,522,
448,375,482,
448,379,442,
450,381,455,
448,387,494,
450,390,502,
450,394,465,
449,393,476,
449,397,481,
450,403,488,
449,410,498,
449,412,482,
447,414,488,
447,416,504,
446,419,503,
445,422,511,
444,425,476,
444,428,473,
442,430,485,
440,430,500,
439,432,486,
440,433,485,
439,434,483,
438,438,488,
437,441,471,
436,441,465,
437,444,492,
438,449,485,
439,449,475,
437,454,486,
436,457,483,
435,460,484,
436,464,469,
437,467,465,
435,470,461,
437,476,477,
434,480,478,
436,482,470,
435,481,472,
435,483,475,
437,484,472,
437,487,444,
436,485,475,
437,487,480,
436,489,434,
436,489,477,
437,489,422,
437,489,482,
438,491,489,
438,492,491,
438,491,486,
438,492,449,
438,490,474,
438,491,488,
438,492,496,
438,492,494,
