533,350,422,
533,351,422,
532,351,420,
533,350,418,
535,352,414,
534,352,412,
533,351,424,
533,352,424,
534,352,408,
534,353,405,
531,351,408,
532,352,410,
532,351,410,
530,350,421,
529,354,418,
527,351,414,
523,352,425,
516,353,429,
507,352,430,
492,352,419,
478,348,416,
468,348,414,
456,350,420,
448,349,424,
441,350,428,
431,349,381,
421,348,380,
411,349,379,
406,348,399,
398,349,419,
392,349,381,
389,349,406,
385,343,385,
380,341,419,
377,342,386,
374,339,384,
373,338,386,
370,338,392,
368,339,392,
366,339,421,
366,338,421,
364,338,415,
362,341,397,
363,336,408,
363,338,400,
363,338,419,
362,340,421,
362,340,431,
365,340,435,
365,342,438,
367,340,437,
367,342,438,
371,342,439,
371,344,442,
377,345,434,
383,345,444,
388,347,445,
398,347,441,
407,349,443,
419,347,443,
431,347,444,
443,349,445,
453,353,446,
461,349,447,
470,351,446,
477,352,447,
482,352,447,
487,351,449,
493,351,447,
499,353,448,
502,353,448,
505,351,448,
511,351,439,
515,353,436,
516,350,437,
519,356,436,
521,355,438,
524,355,433,
524,356,434,
527,353,433,
529,356,436,
531,356,433,
531,355,435,
532,353,436,
534,354,434,
533,355,436,
534,355,432,
534,356,436,
535,354,435,
535,354,436,
535,356,436,
538,357,435,
537,356,436,
537,359,435,
538,357,436,
538,356,434,
537,358,434,
536,356,436,
534,357,435,
532,356,436,
530,356,435,
524,357,434,
514,358,435,
502,358,437,
489,358,435,
477,358,434,
464,359,437,
458,357,436,
451,358,433,
443,358,433,
433,358,434,
424,358,428,
421,359,436,
414,356,440,
407,353,441,
404,353,431,
402,354,423,
398,351,418,
394,353,439,
393,351,444,
397,353,454,
394,353,454,
395,354,459,
396,356,458,
396,353,451,
398,353,447,
399,356,457,
400,356,463,
402,357,452,
403,373,452,
405,394,447,
407,365,445,
412,379,444,
414,375,444,
415,364,442,
417,364,441,
420,365,419,
424,366,445,
430,367,404,
432,368,426,
436,367,450,
437,369,453,
441,371,454,
447,373,456,
451,374,459,
451,376,469,
453,377,473,
454,377,472,
455,381,481,
458,382,484,
459,382,481,
458,385,482,
459,384,483,
461,388,483,
461,390,485,
461,395,487,
462,396,489,
463,400,486,
462,401,488,
462,405,488,
462,411,486,
463,416,486,
463,419,485,
460,422,485,
460,423,484,
459,424,481,
458,427,482,
454,430,478,
450,432,479,
450,431,478,
446,433,476,
445,434,474,
441,438,473,
439,438,473,
436,441,471,
436,443,469,
434,446,464,
432,449,465,
433,453,459,
432,459,465,
432,461,454,
431,466,454,
430,470,453,
431,472,451,
430,474,426,
431,480,431,
432,481,452,
432,481,448,
432,482,443,
430,483,449,
431,488,448,
432,487,420,
433,488,453,
432,490,454,
432,491,450,
433,489,456,
432,492,457,
434,492,453,
435,493,452,
434,493,455,
434,494,454,
434,495,457,
434,495,457,
435,496,455,
436,494,456,
436,495,456,
435,495,458,
434,496,458,
437,496,457,
436,495,459,
436,497,459,
436,498,456,
