12.5904,15.3728,16.5686,
12.5904,15.3728,16.5686,
12.5904,15.3728,16.5032,
12.5904,15.3728,16.5032,
12.5904,15.3728,16.5686,
12.5904,15.3728,16.5686,
12.5904,15.3728,16.5686,
12.5904,15.3728,16.5686,
12.5904,15.3728,16.5686,
12.5904,15.3728,16.5686,
12.5904,15.3728,16.5686,
12.5412,15.3728,16.5686,
12.5904,15.4334,16.5686,
12.5904,15.4334,16.5686,
12.5904,15.4942,16.5686,
12.6893,15.5552,16.5686,
12.7889,15.6781,16.5686,
13.1439,15.8021,16.5686,
13.668,15.9271,16.5686,
14.2691,16.1166,16.5686,
14.8392,16.438,16.5686,
15.3728,16.7003,16.7666,
15.8645,16.9672,16.7666,
16.438,17.3765,16.7666,
16.9,17.7971,16.7666,
17.3765,18.3761,16.7003,
17.7971,18.8247,16.7666,
18.1565,19.2862,16.7666,
18.3761,19.681,16.9,
18.6738,20.1676,17.1705,
18.9007,20.7537,17.3075,
19.2084,21.1851,17.2388,
19.2862,21.4492,17.1705,
19.5219,21.4492,17.2388,
19.681,21.5381,17.2388,
19.7611,21.5381,17.3075,
19.7611,21.5381,17.3765,
19.7611,21.4492,17.3765,
19.7611,21.6275,17.3765,
19.681,21.5381,17.3765,
19.5219,21.4492,17.3765,
19.3644,21.4492,17.3075,
19.1309,21.2727,17.3075,
18.8247,21.2727,17.2388,
18.5242,21.2727,17.3075,
17.9399,21.2727,17.2388,
17.3075,21.0979,17.3075,
16.6343,20.6687,17.2388,
16.1166,20.1676,17.1705,
15.74,19.6013,17.2388,
15.4334,19.1309,17.3765,
15.0739,18.9007,17.2388,
14.7233,18.5988,17.3075,
14.4377,18.3026,17.3075,
14.1578,17.9399,17.3765,
13.9926,17.6556,17.3765,
13.7753,17.3765,17.3765,
13.6147,17.1024,17.4458,
13.4559,16.9,17.4458,
13.3511,16.7003,17.5154,
13.299,16.5032,17.5854,
13.1954,16.438,17.5854,
13.1954,16.3732,17.6556,
13.1954,16.3086,17.7262,
13.1954,16.3086,17.7971,
13.1439,16.2444,17.7971,
13.0926,16.3086,17.8683,
13.0926,16.2444,17.7971,
13.0926,16.2444,17.8683,
13.0926,16.3086,17.8683,
13.0926,16.3086,17.8683,
13.0926,16.2444,17.8683,
13.0415,16.3086,17.8683,
13.0415,16.3086,17.7971,
13.0415,16.3086,17.7971,
13.0415,16.3732,17.8683,
12.9906,16.3086,17.8683,
12.9906,16.3732,17.8683,
12.9906,16.438,17.8683,
12.9399,16.5032,17.8683,
12.9906,16.5032,17.8683,
13.0926,16.5032,17.7971,
13.4034,16.5032,17.7971,
13.9379,16.5032,17.7971,
14.4943,16.438,17.7262,
15.0149,16.3732,17.6556,
15.4942,16.2444,17.5154,
15.9271,16.1804,17.5154,
16.3732,16.0532,17.5154,
16.6343,15.99,17.6556,
16.9672,15.8645,17.6556,
17.3075,15.6781,17.4458,
17.5854,15.5552,17.5154,
17.7971,15.4334,17.8683,
18.0839,15.3126,18.3761,
18.2293,15.2525,20.4163,
18.5242,15.1927,17.5854,
18.6738,15.0739,17.5854,
18.7491,14.9561,17.6556,
18.8247,14.8975,18.0839,
19.0538,14.8392,17.6556,
19.1309,14.7811,17.5154,
19.2084,14.7233,17.1705,
19.2862,14.6657,16.8331,
19.2862,14.6084,16.5686,
19.2862,14.6084,16.3086,
19.2862,14.5512,17.1024,
19.2862,14.4943,17.3075,
19.3644,14.4943,17.1705,
19.3644,14.4943,16.9672,
19.2862,14.4377,16.8331,
19.2084,14.4943,16.7003,
19.1309,14.4377,16.438,
19.1309,14.3812,16.438,
19.1309,14.3812,16.5032,
19.1309,14.3812,16.6343,
18.9771,14.3812,16.5032,
18.9771,14.3812,16.8331,
18.9771,14.3812,16.9,
18.9771,14.3812,16.9,
18.6738,14.2691,16.7003,
18.5242,14.0474,16.5032,
18.45,14.0474,16.5032,
18.3761,13.9926,16.5032,
18.3026,13.9926,16.5032,
18.2293,13.8835,16.3732,
18.1565,13.8835,16.3086,
