500,456,441,
499,460,442,
499,461,443,
499,460,445,
500,463,443,
498,458,443,
497,459,442,
499,457,443,
500,459,446,
499,457,443,
498,454,442,
498,454,444,
496,453,441,
496,452,443,
497,453,447,
499,455,449,
497,455,450,
495,455,451,
493,455,452,
493,452,454,
488,450,450,
483,448,452,
480,447,453,
479,445,451,
474,443,450,
472,444,453,
471,447,454,
470,443,456,
472,443,456,
468,441,456,
467,443,454,
465,442,457,
463,442,458,
462,439,457,
461,439,457,
459,434,457,
459,433,458,
458,433,457,
456,431,455,
455,431,456,
455,430,458,
455,429,457,
455,430,459,
455,426,459,
455,426,457,
453,424,457,
454,425,457,
454,428,457,
452,425,458,
452,425,457,
452,426,456,
455,424,456,
453,427,457,
454,427,456,
455,426,456,
456,425,457,
457,428,458,
460,428,458,
462,433,454,
465,432,457,
468,438,459,
473,439,459,
476,441,460,
480,440,457,
481,442,459,
482,444,457,
487,447,459,
489,450,459,
490,450,457,
493,450,458,
493,453,458,
495,452,457,
498,452,457,
494,451,455,
497,453,455,
498,454,458,
502,458,459,
501,454,453,
498,458,452,
498,455,451,
497,455,449,
499,455,446,
496,456,444,
497,456,443,
496,456,441,
496,457,442,
497,456,442,
496,457,442,
496,457,439,
497,457,443,
497,457,442,
497,458,441,
496,456,440,
497,456,440,
