500,456,444,
501,457,443,
497,455,442,
498,455,444,
499,456,444,
498,455,444,
499,455,444,
496,451,442,
494,450,444,
492,446,446,
489,445,445,
487,448,447,
479,445,449,
474,441,443,
471,440,446,
473,443,453,
473,446,456,
469,445,455,
467,441,456,
466,444,456,
466,441,456,
464,439,457,
461,436,454,
460,435,458,
461,430,457,
460,427,456,
462,426,455,
456,425,457,
460,424,455,
459,427,458,
460,427,456,
458,427,458,
460,430,457,
463,425,457,
463,428,456,
468,430,459,
470,431,455,
473,430,456,
475,433,458,
479,438,459,
483,441,457,
486,441,457,
490,445,457,
494,443,456,
497,451,460,
499,451,456,
491,448,448,
468,425,425,
476,432,427,
464,423,418,
479,436,429,
504,463,451,
512,472,456,
514,473,459,
517,473,457,
515,471,455,
514,473,457,
516,473,455,
514,475,458,
514,475,459,
514,474,456,
514,475,457,
514,475,458,
516,476,459,
517,476,459,
515,474,456,
515,477,458,
515,474,459,
517,475,458,
,
