518,472,460,
517,472,459,
519,472,460,
516,472,460,
517,474,460,
518,473,460,
518,470,459,
516,470,460,
517,469,461,
517,469,462,
513,467,459,
508,467,460,
504,463,461,
500,462,459,
498,462,460,
491,457,460,
490,456,460,
486,453,458,
482,452,458,
480,452,459,
476,447,458,
473,445,459,
469,442,458,
464,437,453,
460,430,449,
455,427,445,
452,423,441,
448,423,439,
449,423,442,
448,421,444,
447,421,443,
447,420,444,
448,420,447,
451,419,449,
450,418,445,
450,421,447,
451,419,451,
451,423,450,
453,423,454,
456,425,453,
455,423,452,
457,424,456,
458,422,454,
462,427,456,
462,429,455,
465,428,455,
468,432,455,
471,432,455,
473,436,458,
475,439,457,
482,440,456,
487,441,457,
488,443,456,
492,446,455,
493,443,453,
493,446,454,
493,446,454,
498,449,457,
500,452,454,
499,454,455,
500,453,454,
502,455,454,
504,458,455,
508,461,460,
508,465,458,
512,467,459,
510,468,459,
513,473,457,
513,471,457,
513,473,458,
513,471,459,
512,477,460,
515,476,460,
515,477,461,
515,476,458,
516,477,460,
514,478,457,
517,480,461,
518,478,458,
514,476,457,
516,479,459,
517,478,459,
518,480,461,
517,478,459,
517,478,458,
517,478,460,
518,481,461,
