533,491,444,
531,491,445,
532,493,445,
532,492,444,
530,490,444,
531,491,444,
530,489,444,
532,490,446,
526,490,444,
521,486,444,
514,484,443,
512,482,446,
510,480,444,
503,473,443,
499,470,442,
497,467,442,
492,466,441,
493,463,443,
487,460,443,
486,455,441,
484,451,441,
484,454,443,
484,450,442,
480,446,442,
479,442,442,
478,439,443,
478,436,443,
478,434,444,
478,433,441,
475,432,442,
477,434,443,
477,434,443,
478,434,442,
477,432,443,
477,433,444,
479,433,443,
482,432,444,
480,434,443,
476,434,444,
481,430,444,
482,433,446,
485,437,446,
488,440,444,
491,445,443,
494,448,445,
496,452,445,
497,456,445,
502,460,442,
502,463,444,
504,465,443,
504,467,444,
507,469,445,
505,467,442,
505,467,439,
507,468,440,
509,470,441,
510,472,441,
509,472,441,
511,474,440,
516,474,440,
515,476,440,
519,475,440,
516,475,440,
517,477,438,
517,477,438,
518,477,439,
517,479,440,
520,479,441,
521,482,442,
522,482,443,
524,483,444,
524,484,441,
522,484,443,
524,484,441,
