539,382,476,
540,383,476,
540,382,478,
540,383,480,
541,383,480,
540,383,481,
540,383,480,
540,384,479,
538,383,480,
535,384,480,
529,383,481,
524,383,481,
517,384,480,
504,384,479,
485,383,482,
473,384,486,
458,383,479,
446,383,458,
437,383,457,
429,382,461,
420,380,453,
414,380,452,
407,380,452,
401,379,453,
396,379,444,
393,377,451,
390,375,453,
387,371,436,
381,369,448,
378,366,447,
374,364,435,
371,361,448,
368,360,444,
367,360,440,
366,361,458,
366,360,463,
365,359,458,
361,358,454,
361,359,439,
359,358,439,
352,352,429,
347,345,422,
344,341,415,
347,344,419,
347,343,422,
351,342,415,
355,345,422,
364,345,423,
379,346,424,
401,350,427,
428,351,430,
442,349,427,
451,348,425,
460,349,424,
469,349,424,
475,350,424,
478,349,423,
482,350,424,
485,350,424,
487,351,423,
489,353,425,
492,351,427,
493,351,440,
510,361,490,
490,346,465,
490,346,458,
492,346,442,
508,358,452,
480,338,425,
514,362,460,
514,361,463,
514,362,469,
515,361,470,
515,362,467,
520,365,472,
519,366,471,
516,364,476,
513,364,481,
497,356,469,
522,379,503,
512,380,500,
495,383,445,
479,385,413,
471,388,451,
468,389,441,
462,390,407,
460,395,466,
459,397,438,
460,400,481,
462,401,494,
463,402,509,
467,408,484,
452,394,469,
469,411,500,
473,413,470,
480,419,469,
487,421,459,
461,395,475,
471,403,404,
478,406,409,
490,415,474,
469,394,467,
475,399,448,
480,401,415,
484,402,480,
490,404,409,
494,404,504,
503,411,479,
508,414,463,
526,427,549,
526,426,508,
490,396,479,
487,391,446,
491,395,467,
491,393,432,
496,398,458,
496,397,450,
496,398,470,
498,399,441,
498,399,438,
498,399,446,
496,398,436,
498,399,447,
499,401,392,
500,401,386,
501,401,414,
500,401,453,
500,400,452,
501,401,447,
500,401,454,
500,402,454,
501,402,456,
500,403,456,
501,402,460,
502,403,460,
502,403,454,
502,403,453,
502,403,449,
