13.9926,21.9897,15.1927,
13.9926,21.9897,15.6166,
13.9926,21.7174,15.1927,
13.9926,21.8077,15.0739,
13.9379,21.8077,14.8975,
13.9379,21.7174,14.8392,
13.9379,21.6275,14.9561,
13.9379,21.5381,15.1332,
13.9379,21.5381,15.1332,
13.9379,21.5381,15.1927,
13.8835,21.5381,15.0739,
13.8835,21.5381,15.2525,
13.8835,21.4492,15.1927,
13.8835,21.4492,15.2525,
13.8835,21.4492,15.2525,
13.8835,21.4492,15.1927,
13.8835,21.6275,15.0739,
13.8293,21.6275,15.0149,
13.8835,21.6275,15.0739,
13.9379,21.5381,15.4334,
13.9379,21.6275,15.2525,
13.9379,21.6275,14.8392,
13.9379,21.6275,14.8392,
13.9926,21.9897,14.6084,
13.9379,21.8984,14.4943,
13.8293,21.6275,14.1578,
13.6147,21.4492,13.4559,
14.1025,20.9249,13.0926,
13.8835,18.0117,22.1736,
13.299,16.7666,15.74,
13.4034,15.5552,11.4595,
13.3511,15.1332,11.192,
13.0926,14.7811,10.5899,
12.9906,14.6657,10.2589,
12.9906,14.5512,10.0968,
13.299,13.9379,10.548,
13.299,13.8835,10.2589,
13.2471,14.4377,9.8578,
13.1954,14.1578,9.8973,
13.1954,14.1025,10.0166,
12.9399,14.1578,9.8973,
13.0415,14.1025,11.7329,
12.8894,14.1025,10.2181,
12.9399,14.2691,10.3819,
12.9906,14.9561,10.6319,
13.0415,15.4942,10.8872,
13.0926,16.8331,12.4434,
13.1439,18.1565,17.5154,
13.2471,19.443,14.9561,
13.2471,20.5841,17.0346,
13.2471,21.1851,14.8392,
13.4034,21.8077,15.8021,
13.5615,21.7174,15.4334,
13.668,21.6275,16.9672,
13.7753,21.5381,16.3086,
13.668,21.8077,17.7262,
13.6147,21.8077,17.6556,
13.668,21.8077,20.0855,
13.7216,21.5381,20.1676,
13.6147,21.5381,16.9672,
13.7216,21.5381,17.7262,
13.7216,21.5381,25.4008,
13.668,21.5381,18.8247,
13.7753,21.4492,20.1676,
13.5615,21.4492,16.8331,
13.668,21.1851,22.2663,
13.668,21.1851,20.6687,
13.7216,20.7537,18.5242,
13.5086,21.0112,15.2525,
13.7216,20.5,19.681,
13.4559,20.2501,14.8975,
13.5086,20.2501,14.7233,
13.5086,20.4163,14.6657,
13.6147,20.2501,18.45,
13.4559,20.9249,13.9926,
13.5086,20.6687,20.333,
13.3511,20.0038,13.3511,
13.4034,18.7491,12.6397,
13.299,16.3732,13.0415,
13.3511,15.6166,17.4458,
13.1954,15.0739,12.5412,
13.1954,14.8392,12.3948,
13.1954,14.8392,12.1544,
13.299,15.1332,12.5412,
13.1439,15.2525,11.9185,
13.1439,15.1927,11.8718,
13.1954,15.0739,11.8253,
13.1439,15.1332,11.779,
13.0926,15.0739,11.7329,
13.0415,15.0149,11.7329,
13.0415,14.9561,11.8253,
13.0415,15.0149,11.9185,
12.9906,15.1332,12.1544,
12.9906,15.4942,12.4922,
12.9399,16.3086,12.9906,
12.9906,17.6556,15.3126,
12.9906,19.2862,14.4943,
13.0415,20.9249,20.5,
13.0415,21.9897,23.7171,
13.0415,22.3595,17.7262,
13.1439,22.4531,17.1024,
13.4559,22.5473,24.6457,
13.5086,22.4531,21.7174,
13.4559,22.4531,18.8247,
13.4559,22.4531,16.1804,
13.4034,22.4531,16.0532,
13.5615,22.3595,16.9672,
13.7216,22.2663,20.8391,
13.668,22.3595,18.45,
13.5615,22.2663,17.0346,
13.5086,22.9289,16.0532,
13.4559,22.8328,19.2084,
13.5615,22.7371,18.3761,
13.4559,22.7371,15.74,
13.5086,22.642,15.9271,
13.5086,22.3595,15.74,
13.5086,22.1736,23.3188,
13.4034,22.1736,19.7611,
13.4559,22.0814,21.2727,
13.5086,22.0814,21.5381,
13.4559,21.8077,15.6781,
13.5086,21.1851,16.0532,
13.5086,20.8391,17.1024,
13.4034,20.5841,14.6084,
13.4559,20.1676,17.7262,
13.3511,20.0038,17.1024,
13.299,19.0538,14.7811,
13.2471,17.4458,12.6893,
13.3511,16.3732,18.9007,
13.1439,15.6781,12.4922,
13.0926,15.4334,11.4595,
12.9906,15.1927,10.4647,
13.0926,15.0739,10.2181,
13.1439,15.0739,10.2181,
13.1439,15.0149,10.0566,
13.0415,14.8975,10.0566,
13.0415,14.8392,10.0166,
12.8894,14.7811,10.0968,
12.8894,14.7811,10.0166,
12.8894,14.7233,10.0566,
12.8391,14.6084,10.0968,
12.8391,14.6084,9.9767,
12.7889,14.7233,10.0166,
12.7889,15.1332,10.548,
12.8391,16.3732,11.148,
12.8391,17.6556,11.6869,
12.8391,19.2084,12.3463,
12.9399,20.5841,12.9906,
12.9399,21.5381,14.1025,
12.9399,20.333,17.7971,
13.0926,22.5473,17.5154,
13.0926,22.7371,16.0532,
13.2471,22.5473,16.7666,
13.299,22.7371,20.0855,
13.2471,22.642,23.818,
13.299,22.642,20.6687,
13.4559,22.642,23.9195,
13.4034,22.4531,23.2205,
13.4034,22.4531,22.0814,
13.299,22.2663,21.3607,
13.2471,22.2663,21.0112,
13.2471,22.1736,21.0979,
13.299,21.8077,20.7537,
13.4034,21.7174,21.5381,
13.6147,21.8077,18.0117,
13.5615,21.6275,16.0532,
13.7753,21.3607,18.45,
13.8835,21.2727,20.0038,
14.1025,21.3607,16.6343,
14.2691,21.4492,18.5988,
14.4377,21.4492,16.7666,
14.7233,21.4492,20.7537,
15.0739,21.6275,18.0117,
15.5552,20.9249,17.7262,
15.4942,19.6013,17.5154,
15.9271,19.2862,23.6167,
15.99,19.3644,21.6275,
16.1166,19.6013,21.4492,
16.1166,19.681,21.1851,
16.1804,19.7611,21.2727,
16.2444,19.6013,21.1851,
16.3732,19.443,22.642,
16.3086,19.443,22.0814,
16.438,19.3644,26.0723,
16.3732,19.3644,23.0256,
16.438,19.2862,29.0088,
16.3732,19.2862,26.5331,
16.2444,19.2862,21.1851,
16.1804,19.2084,21.2727,
16.1804,19.2084,21.1851,
16.1804,19.2084,21.0979,
16.0532,19.1309,21.0979,
