12.6893,27.4878,18.8247,
12.6893,28.3615,21.1851,
12.6893,27.9825,20.7537,
12.6893,27.9825,18.5988,
12.6893,27.1245,18.6738,
12.6893,30.3656,18.5988,
12.6893,29.9495,20.2501,
12.6893,25.9588,18.5242,
12.6893,25.8459,18.3026,
12.6893,25.7337,18.45,
12.6893,25.8459,21.0979,
12.6893,25.8459,19.1309,
12.739,26.0723,18.0117,
12.739,25.7337,18.3761,
12.739,25.5111,17.7971,
12.739,25.6221,17.8683,
12.739,25.5111,18.0839,
12.739,25.8459,17.9399,
12.739,26.0723,17.8683,
12.7889,25.9588,19.6013,
12.739,25.9588,20.8391,
12.739,25.4008,17.3765,
12.739,22.1736,17.2388,
12.739,21.7174,16.9672,
13.5086,21.7174,16.6343,
13.7753,21.5381,16.3086,
13.6147,21.8984,18.9007,
12.6893,21.0112,15.74,
12.5904,21.0112,16.0532,
12.5412,18.6738,14.0474,
12.5412,18.6738,16.5032,
12.4434,16.9672,15.6781,
12.4434,16.6343,19.6013,
12.3948,16.3732,19.681,
12.3463,16.1804,12.739,
12.4434,15.99,13.2471,
12.4434,15.99,22.8328,
12.4434,15.9271,13.7216,
12.4434,15.9271,12.5412,
12.4434,15.8645,12.4434,
12.4434,15.8645,12.5412,
12.3948,15.8645,12.4922,
12.3948,15.8645,12.4434,
12.3948,15.9271,12.5412,
12.3948,16.1804,12.8391,
12.3948,17.2388,13.9926,
12.3463,18.5988,17.5154,
12.3463,20.4163,18.0839,
12.2981,21.8984,18.9007,
12.2981,23.1228,17.3765,
12.3948,24.5402,18.0839,
12.3463,24.7517,17.7262,
12.3948,24.9657,18.2293,
12.4434,25.0735,22.5473,
12.4434,25.2911,18.6738,
12.4434,25.4008,20.1676,
12.4922,25.4008,19.2084,
12.4922,25.4008,23.3188,
12.5412,25.2911,18.9007,
12.5412,25.4008,19.6013,
12.5412,25.2911,23.4175,
12.5412,25.2911,23.0256,
12.5904,25.0735,22.8328,
12.6397,25.2911,21.3607,
12.5904,25.2911,25.2911,
12.6397,25.2911,24.9657,
12.5904,25.182,24.7517,
12.6397,25.182,22.642,
12.6397,25.182,19.1309,
12.6397,24.8584,25.0735,
12.6397,24.8584,20.1676,
12.6397,24.6457,18.3761,
12.5904,24.7517,18.3761,
12.5904,24.5402,23.3188,
12.6397,24.4353,28.4893,
12.5904,24.2273,17.7262,
12.5904,24.331,18.8247,
12.5904,22.1736,19.9225,
12.5904,22.0814,19.5219,
12.5904,21.8984,18.3761,
12.4922,21.5381,18.1565,
12.5412,21.2727,15.3126,
12.5412,24.0215,15.2525,
12.5412,20.333,14.1578,
12.4922,19.3644,15.74,
12.4922,17.9399,15.99,
12.5412,17.3075,13.4559,
12.4434,16.8331,13.1954,
12.4922,16.5686,15.6166,
12.4434,16.438,12.4922,
12.4434,16.2444,14.7233,
12.4922,16.2444,13.9926,
12.4434,16.1804,12.3948,
12.4922,16.1166,12.25,
12.4434,16.0532,12.25,
12.4434,15.99,12.3463,
12.4922,15.99,12.6397,
12.4434,15.9271,12.8391,
12.3948,15.8021,13.1954,
12.3463,15.74,14.6657,
12.3463,15.6781,13.6147,
12.3948,16.2444,12.9399,
12.3463,17.3765,16.0532,
12.2981,18.9771,16.6343,
12.0595,20.2501,15.6166,
12.0595,21.8077,16.3732,
12.3463,23.3188,19.1309,
12.3463,23.1228,21.5381,
12.4434,23.2205,21.6275,
12.4434,23.7171,19.2862,
12.5412,24.0215,19.2862,
12.5904,24.2273,24.1241,
12.5904,24.2273,19.8416,
12.6397,24.1241,23.9195,
12.6893,24.1241,24.1241,
12.6893,24.0215,21.2727,
12.739,24.1241,20.333,
12.6893,23.9195,24.2273,
12.6893,23.818,22.5473,
12.6893,23.818,26.4169,
12.6893,23.818,19.5219,
12.6893,23.818,25.5111,
12.6893,23.7171,27.4878,
12.6893,23.6167,23.818,
12.6893,23.6167,24.7517,
12.6893,23.5168,25.182,
12.6893,23.4175,20.0855,
12.6397,23.4175,19.9225,
12.6893,23.3188,22.3595,
12.739,23.1228,20.0855,
12.6893,22.9289,19.7611,
12.739,22.3595,17.5854,
12.6893,22.1736,17.7971,
12.6397,21.8077,17.4458,
12.6397,21.7174,17.0346,
12.739,21.6275,16.5686,
12.6893,21.1851,17.7262,
12.6397,20.6687,16.6343,
12.5904,19.6013,14.5512,
12.5904,18.45,17.6556,
12.5904,17.7971,19.0538,
12.5904,17.1024,13.299,
12.5904,16.7003,14.6084,
12.4434,16.3732,17.0346,
12.4922,16.2444,17.1705,
12.4922,16.1804,13.5086,
12.4922,16.1804,12.3463,
12.4922,16.1166,12.5412,
12.4922,16.0532,15.1332,
12.4922,15.99,15.3728,
12.4922,15.9271,12.9399,
12.5412,15.9271,13.0415,
12.4922,15.9271,13.1439,
12.4434,15.99,15.9271,
12.4922,16.1166,13.1439,
12.4922,17.1024,13.9379,
12.4922,18.5242,17.5154,
12.4922,19.2084,14.8392,
12.4922,19.9225,15.74,
12.4434,21.3607,16.438,
12.4434,22.1736,17.3765,
12.4434,22.9289,19.443,
12.4434,23.5168,17.7262,
12.4434,23.7171,21.1851,
12.4922,23.7171,19.3644,
12.4922,24.1241,18.0839,
12.4434,24.6457,19.2084,
12.6893,24.6457,19.443,
12.5904,24.6457,22.1736,
12.5904,24.5402,20.333,
12.5904,24.331,25.8459,
12.6397,24.4353,22.5473,
12.6893,24.4353,23.4175,
12.6893,24.4353,19.6013,
12.6893,24.331,25.5111,
12.6893,24.2273,24.1241,
12.739,24.4353,23.7171,
12.6397,24.2273,23.3188,
12.6397,24.2273,19.0538,
12.739,24.1241,21.1851,
12.739,24.1241,20.5841,
12.739,24.1241,21.6275,
