12.6397,21.0979,20.0038,
12.6397,21.0112,18.9771,
12.6893,21.0112,19.2862,
12.6893,21.0979,18.8247,
12.6397,21.0112,19.681,
12.6397,21.0112,20.0855,
12.6397,21.0112,19.2084,
12.6397,21.0112,20.6687,
12.6397,21.0979,21.0112,
12.6397,21.1851,21.0112,
12.6397,21.0979,21.3607,
12.6397,21.0979,21.3607,
12.6397,21.0979,21.6275,
12.6397,21.0112,21.6275,
12.6397,21.0979,21.5381,
12.6397,21.0979,21.6275,
12.6397,21.0112,21.7174,
12.6397,21.0979,19.1309,
12.6397,21.1851,18.7491,
12.6893,21.0979,19.3644,
12.739,21.1851,18.3761,
12.739,21.1851,18.1565,
12.8391,21.0979,17.9399,
12.7889,20.9249,20.1676,
12.739,21.0112,20.0038,
12.739,20.7537,18.8247,
12.739,20.9249,21.0112,
12.8391,21.0979,16.1804,
12.6397,20.6687,16.1166,
13.1439,21.2727,16.8331,
12.7889,19.9225,15.74,
12.5904,18.5242,13.7753,
12.8391,18.0839,14.2133,
12.739,16.7666,16.1166,
12.6893,16.6343,12.5412,
12.9399,16.7003,12.6893,
12.9399,16.6343,12.5904,
13.0415,16.5686,16.2444,
14.7233,18.3026,14.1025,
14.6084,18.1565,13.8835,
13.8835,17.2388,13.1954,
13.299,16.6343,12.5904,
12.9399,16.2444,12.3463,
14.6657,18.0839,13.9379,
14.3812,17.8683,13.7216,
15.6781,19.1309,14.8392,
15.0739,19.5219,15.3728,
14.3251,18.1565,14.1578,
14.5512,18.9007,14.6657,
12.8894,17.3765,13.2471,
13.0415,18.2293,13.7216,
13.0415,18.9771,14.3251,
13.0926,20.5841,15.4334,
12.2981,21.2727,15.4942,
12.25,22.1736,16.1166,
12.2981,22.8328,16.7666,
12.3948,23.6167,21.7174,
12.7889,24.331,18.9771,
12.5412,24.0215,20.0855,
12.6893,24.0215,19.1309,
13.8293,25.4008,20.5,
15.0739,27.1245,21.9897,
15.8021,27.9825,22.7371,
15.74,27.9825,23.0256,
14.6084,26.3014,21.1851,
14.3251,25.7337,21.0112,
14.2691,25.7337,21.6275,
14.2691,25.5111,25.9588,
14.3251,25.7337,22.1736,
14.4377,25.6221,20.7537,
14.3251,25.5111,20.2501,
14.3251,25.2911,20.7537,
14.3812,25.5111,20.2501,
14.3812,25.2911,23.1228,
14.3812,25.182,19.8416,
14.2691,24.9657,23.2205,
14.3251,24.8584,22.2663,
14.3251,24.8584,20.9249,
13.9379,23.818,18.7491,
14.2691,24.4353,20.0038,
12.8391,21.5381,16.3086,
12.6397,20.0855,14.0474,
12.6397,19.0538,13.668,
12.5904,17.9399,12.9906,
12.7889,17.5154,12.8894,
13.2471,17.4458,13.0415,
15.4942,19.2084,14.5512,
13.299,17.0346,12.7889,
13.6147,17.1024,13.5086,
15.0739,18.6738,14.2691,
14.6084,18.1565,13.7753,
15.3728,18.9007,14.6084,
15.6781,19.3644,14.8975,
15.4942,19.0538,14.7811,
13.9379,17.2388,13.0926,
14.8392,18.45,14.1025,
14.6657,18.0117,13.8835,
14.9561,18.45,14.2133,
15.9271,19.5219,14.7811,
12.9399,16.5686,12.5904,
14.4943,18.7491,14.3812,
14.5512,19.7611,15.0739,
12.739,18.6738,13.8293,
12.8391,19.443,14.4377,
12.6893,20.333,15.1332,
12.6397,21.8077,15.9271,
12.8391,23.2205,17.5154,
12.5412,23.5168,17.7971,
12.5904,24.1241,18.45,
12.739,24.2273,18.7491,
12.8894,24.331,19.0538,
12.9399,24.2273,19.0538,
12.9906,24.331,19.2862,
12.9399,23.9195,19.2862,
12.9399,24.0215,19.1309,
12.8894,23.9195,19.2084,
12.8391,23.818,20.5841,
12.8391,23.6167,18.8247,
12.8391,23.7171,18.9007,
12.8391,23.6167,19.681,
12.8391,23.5168,18.7491,
12.7889,23.6167,18.7491,
12.7889,23.4175,18.5242,
12.7889,23.3188,18.5242,
12.7889,23.2205,18.1565,
12.7889,23.0256,18.0839,
12.7889,22.8328,17.9399,
12.8391,22.642,17.7262,
12.8391,22.642,17.5154,
12.8391,22.642,17.2388,
12.8391,22.4531,16.9672,
12.7889,22.0814,16.438,
12.7889,22.0814,15.99,
13.299,22.2663,15.9271,
12.8391,20.9249,14.8975,
12.9399,19.2862,14.5512,
13.5615,18.6738,14.3812,
14.5512,18.9007,14.7811,
14.8975,18.9007,14.7811,
14.1025,17.9399,13.8293,
13.2471,16.7003,12.7889,
13.8293,17.3075,13.4034,
14.2133,17.7262,13.7753,
16.0532,18.9771,14.4377,
15.1927,18.6738,14.6084,
15.0149,18.5242,14.5512,
15.1332,18.5988,14.5512,
14.8975,18.3026,14.4943,
15.3728,18.9771,15.2525,
14.8392,18.2293,14.7233,
13.5086,17.1705,13.6147,
12.6397,17.2388,13.299,
12.5904,17.5854,13.668,
12.5904,18.3026,14.0474,
13.0415,20.0038,15.1927,
12.739,21.0979,15.8021,
12.6397,22.2663,16.7003,
12.5904,23.0256,16.9672,
12.6397,23.6167,18.1565,
12.739,24.1241,17.9399,
12.8391,24.2273,18.3761,
12.8391,24.1241,18.45,
13.1439,24.1241,18.5988,
13.2471,24.0215,18.9771,
13.2471,23.9195,18.6738,
13.2471,23.9195,18.5242,
13.1439,23.9195,18.3761,
13.0926,23.7171,18.3026,
13.1954,23.7171,18.3026,
13.1439,23.6167,18.1565,
13.1954,23.6167,18.2293,
13.2471,23.5168,18.2293,
13.299,23.5168,18.2293,
13.2471,23.4175,18.6738,
13.3511,24.0215,19.2084,
13.4034,24.2273,18.7491,
13.4559,24.8584,18.9007,
13.4559,25.4008,19.0538,
13.4559,25.7337,25.8459,
12.4434,25.9588,19.2084,
12.6397,26.4169,19.5219,
13.4034,26.7676,20.0855,
13.4559,27.4878,27.7337,
14.6084,29.6765,21.9897,
13.0926,28.618,20.9249,
13.0415,29.4069,21.0979,
16.0532,34.1714,25.0735,
12.25,32.4182,29.6765,
14.7233,32.2652,24.8584,
14.1025,33.0406,24.2273,
14.6657,34.6732,30.3656,
13.9379,32.8834,27.366,
15.4942,34.5047,26.0723,
15.0149,31.3684,22.8328,
14.5512,30.6475,22.2663,
13.3511,30.5061,22.4531,
13.4559,30.6475,22.3595,
13.4559,30.5061,22.3595,
13.5086,30.226,22.1736,
13.4034,29.9495,21.8984,
13.7753,29.6765,21.7174,
13.9379,29.2734,21.3607,
13.7753,29.2734,21.2727,
13.7216,29.1407,21.1851,
13.5086,28.8777,21.0979,
13.4559,28.7475,20.9249,
13.3511,28.7475,20.8391,
12.9906,28.4893,20.7537,
12.9399,28.2344,20.6687,
