13.9926,22.3595,16.1804,
13.8835,22.4531,14.8975,
13.8835,22.3595,14.8392,
13.8293,22.3595,14.8392,
13.8293,22.2663,14.7811,
13.8293,22.2663,14.6657,
13.8293,22.2663,14.6657,
13.8293,22.2663,15.3728,
13.8835,22.1736,16.3086,
13.8835,22.1736,16.2444,
13.8293,22.1736,16.3732,
13.8835,22.1736,16.3086,
13.8835,22.0814,16.3732,
13.8835,22.1736,16.1804,
13.8293,21.9897,15.6781,
13.7216,22.1736,14.3251,
13.7216,23.5168,14.3251,
13.7753,22.5473,14.1578,
13.8835,21.8077,14.3251,
13.9379,22.5473,15.99,
13.6147,22.7371,13.1439,
13.5615,21.2727,16.3086,
13.5615,21.1851,13.0415,
13.5086,18.3026,12.4434,
13.4559,17.1024,11.9185,
13.3511,16.438,10.3408,
13.3511,16.0532,13.1954,
13.4034,15.8645,9.9767,
13.4559,15.6781,11.3697,
13.3511,15.5552,10.0566,
13.3511,15.4942,9.8578,
13.2471,15.4334,9.8184,
13.1954,15.4334,9.8973,
13.1439,15.4334,9.7792,
13.1954,15.4942,9.7792,
13.1439,15.4942,9.7011,
13.0926,15.6781,9.7792,
13.0415,16.2444,9.9767,
13.0415,18.0117,10.2181,
13.0415,18.0839,10.5899,
12.9906,18.9771,11.192,
12.9399,20.2501,12.1544,
12.9399,23.9195,19.9225,
12.9399,22.9289,14.7233,
13.0415,23.818,16.438,
13.0415,24.1241,20.0855,
13.0926,23.818,17.3075,
13.1439,23.9195,17.8683,
13.1439,23.7171,16.5686,
13.1439,23.7171,21.1851,
13.1954,23.6167,16.3086,
13.1954,23.4175,16.1804,
13.1439,23.5168,16.1166,
13.1439,23.4175,16.1166,
13.1439,23.4175,15.99,
13.0926,23.1228,15.9271,
13.0926,23.0256,15.74,
13.0926,22.9289,15.6166,
13.0926,22.9289,15.6166,
13.0926,22.9289,15.6166,
13.0926,22.8328,15.6781,
13.1954,22.8328,15.3728,
13.1954,22.5473,15.3126,
13.2471,22.1736,14.7811,
13.1954,21.8077,15.8645,
13.1954,20.9249,15.8645,
13.1954,20.0855,11.6869,
13.0926,17.7971,12.6893,
13.1439,16.5686,10.8015,
13.0926,16.0532,10.1371,
13.1954,15.74,10.0566,
13.1439,15.6166,9.9369,
13.0926,15.5552,9.6623,
13.1954,15.4942,9.6236,
13.0926,15.4942,9.585,
13.0926,15.4334,9.5466,
13.0926,15.3728,9.585,
13.0415,15.3126,9.5466,
12.9399,15.2525,9.5466,
12.8894,15.1927,9.585,
12.8391,15.1332,9.7401,
12.7889,15.3728,9.8973,
12.7889,16.3732,11.5046,
12.7889,17.0346,10.6319,
12.7889,17.6556,10.9303,
12.7889,18.6738,11.4145,
12.7889,20.1676,12.3948,
12.739,21.0112,15.1927,
12.739,22.0814,13.7753,
12.6893,22.8328,14.4377,
12.8391,24.0215,20.9249,
12.9399,23.9195,20.5,
12.9906,23.9195,20.9249,
13.0415,23.9195,18.1565,
13.0926,23.9195,16.7003,
13.0926,23.9195,20.1676,
13.0926,23.818,19.1309,
13.0926,23.6167,19.9225,
13.0926,23.6167,15.6781,
13.0926,23.4175,15.74,
13.0926,23.3188,16.0532,
13.0415,23.3188,17.4458,
12.9906,23.0256,19.9225,
12.9906,23.0256,19.1309,
12.9906,22.9289,15.5552,
12.9906,22.8328,21.8984,
12.9906,22.9289,14.9561,
13.0415,22.642,15.1332,
13.0926,22.8328,16.0532,
13.1439,22.7371,15.74,
13.1954,22.642,16.438,
13.0926,22.2663,20.1676,
13.1439,22.1736,14.6657,
13.0926,21.8077,15.5552,
13.0926,21.0112,12.5412,
13.0415,18.7491,12.2021,
12.9906,17.0346,10.7164,
13.0415,16.3086,10.2181,
12.3463,15.8645,9.8973,
12.4434,15.74,9.7792,
12.8894,15.5552,9.6623,
12.9399,15.4942,9.6236,
12.9399,15.4942,9.6236,
12.8894,15.4334,9.5466,
12.8894,15.3728,9.5466,
12.8894,15.3728,9.5466,
12.8391,15.2525,9.5466,
12.7889,15.2525,9.5083,
12.7889,15.1927,9.5083,
12.7889,15.1927,9.5466,
12.739,15.1332,9.585,
12.6893,15.1332,9.6623,
12.6397,15.2525,9.7401,
12.6397,15.99,10.0166,
12.6397,16.6343,10.4232,
12.6397,17.8683,11.0169,
12.6397,19.443,11.5046,
12.6397,21.3607,12.2021,
12.6397,22.4531,13.1954,
12.6397,23.3188,14.4377,
12.6893,24.2273,16.3086,
13.6147,24.0215,15.4942,
12.8391,24.2273,16.7003,
12.8391,24.331,16.9672,
12.8894,24.0215,16.1166,
12.8894,23.9195,16.3086,
12.8894,23.9195,17.7262,
12.8894,23.818,16.1804,
12.8894,23.818,16.1166,
12.8894,23.7171,16.438,
12.8894,23.6167,16.0532,
12.8894,23.6167,15.8021,
12.8894,23.5168,16.0532,
12.9399,23.3188,16.1804,
12.9399,23.3188,17.4458,
12.9906,23.4175,15.6166,
13.0415,23.5168,16.9,
13.1439,23.6167,16.8331,
13.299,23.6167,22.1736,
13.4034,23.6167,18.1565,
13.668,23.3188,18.2293,
14.5512,23.3188,19.3644,
15.4942,23.1228,19.9225,
15.3126,23.1228,18.6738,
16.1804,23.1228,17.6556,
17.1024,23.2205,20.5841,
17.1705,23.0256,22.0814,
16.7003,22.9289,20.7537,
16.9,22.3595,19.7611,
17.9399,21.3607,21.2727,
17.3075,21.2727,27.6104,
17.5854,20.7537,25.5111,
17.7262,20.6687,22.0814,
18.0117,20.4163,21.9897,
17.9399,20.333,21.5381,
17.7262,20.2501,20.9249,
17.5854,20.1676,20.333,
17.5154,20.0855,20.7537,
17.2388,20.0038,19.3644,
17.2388,20.0038,18.6738,
17.1024,19.9225,18.3026,
17.1024,19.9225,19.8416,
17.3765,19.9225,22.0814,
17.2388,19.9225,19.9225,
16.9672,19.8416,19.0538,
16.9,19.8416,18.9007,
16.8331,19.7611,18.5988,
16.7666,19.7611,18.2293,
16.7003,19.6013,18.0117,
