14.0474,20.5,17.5154,
13.9926,20.333,17.5854,
13.9926,20.5,17.5854,
13.9926,20.5841,17.7971,
13.9926,20.5841,17.9399,
14.0474,20.5841,19.2084,
14.0474,20.5841,19.1309,
14.0474,20.5841,19.443,
13.9926,20.5,19.5219,
14.0474,20.4163,20.0038,
13.9926,19.7611,19.1309,
13.9926,19.2084,19.3644,
14.0474,19.443,20.0038,
14.0474,19.6013,21.0112,
14.0474,19.6013,21.3607,
14.0474,19.681,21.0979,
13.9926,19.7611,20.0038,
14.0474,19.681,21.0979,
14.1025,19.5219,22.7371,
14.1025,19.5219,23.3188,
14.1578,19.681,23.3188,
14.2133,19.6013,21.5381,
14.1578,19.443,21.1851,
14.1025,18.9007,20.8391,
13.9926,19.0538,16.438,
13.668,19.1309,13.4034,
13.9379,18.6738,19.6013,
13.6147,17.9399,13.299,
13.6147,16.7003,17.4458,
13.5615,15.4942,23.3188,
13.668,14.8975,18.2293,
13.3511,14.6657,11.55,
13.4034,14.4943,10.548,
13.1439,14.3812,9.9767,
13.1954,14.2691,9.9767,
13.0926,14.2133,10.5063,
13.0926,14.2133,10.3819,
12.9399,14.0474,10.4647,
12.9906,14.1025,10.3819,
12.9906,13.9379,10.3819,
12.9906,13.9379,10.4647,
13.0415,14.2691,10.7589,
12.9906,14.1025,10.7589,
12.9906,14.1578,10.7164,
12.9399,14.2133,10.8872,
12.9399,14.8392,10.7164,
12.9906,16.6343,11.0169,
12.9906,18.45,11.779,
13.1439,19.9225,13.6147,
13.0926,21.3607,13.1954,
13.3511,22.3595,13.9926,
13.5086,23.3188,14.5512,
13.4559,24.2273,16.0532,
13.4034,24.2273,17.9399,
13.7216,23.7171,18.6738,
13.668,23.7171,20.0038,
13.5086,23.6167,16.9672,
13.6147,23.6167,20.5841,
13.7216,23.5168,23.6167,
13.4559,23.4175,18.5988,
13.4559,23.4175,17.1024,
13.5615,23.5168,21.0112,
13.5615,23.4175,22.4531,
13.299,23.3188,16.3732,
13.3511,23.2205,20.9249,
13.299,23.0256,17.4458,
13.2471,22.7371,15.99,
13.1954,22.1736,16.5686,
13.3511,22.8328,19.9225,
13.1439,22.7371,16.9672,
13.4559,22.3595,16.8331,
13.3511,22.2663,15.1332,
13.4559,21.8077,16.6343,
13.4559,21.8984,16.8331,
13.5086,21.6275,16.3732,
13.6147,20.2501,18.0117,
13.1439,18.9007,18.2293,
13.299,17.1705,18.6738,
13.1954,16.1166,12.0123,
12.9399,15.4942,11.9185,
12.5904,15.1927,9.9767,
12.8894,15.0149,10.4232,
12.8894,14.8392,10.2181,
12.7889,14.7811,9.9369,
12.6893,14.6657,9.5466,
12.6397,14.6084,9.4701,
12.6397,14.5512,9.3941,
12.5904,14.4943,9.3186,
12.5412,14.4377,9.1321,
12.5412,14.4377,9.5466,
12.5412,14.3251,9.3941,
12.5904,14.3251,9.8578,
12.5412,14.2691,10.2181,
12.5904,14.2133,10.6741,
12.6397,14.3251,13.1954,
12.4922,14.8392,9.8973,
12.5412,15.3728,9.9767,
12.6893,16.7003,14.4943,
12.7889,17.7262,11.4595,
12.739,19.0538,12.1544,
12.7889,19.9225,12.5412,
12.9399,20.7537,13.5086,
12.9399,21.3607,14.5512,
13.0415,22.1736,15.4942,
13.1954,22.642,15.99,
13.1439,23.1228,15.74,
13.1954,22.8328,15.99,
13.3511,22.8328,21.9897,
13.3511,22.7371,19.681,
13.4559,22.642,20.2501,
13.5086,22.642,24.5402,
13.4034,22.642,19.9225,
13.4034,22.642,19.6013,
13.299,22.7371,19.0538,
13.2471,22.3595,18.3026,
13.1439,22.0814,18.0117,
13.2471,21.9897,27.9825,
12.9906,21.8984,16.6343,
13.1954,21.7174,18.1565,
13.2471,21.6275,17.5154,
13.2471,21.3607,17.8683,
13.1954,21.0979,15.74,
13.2471,20.7537,16.3086,
13.1439,20.4163,15.4942,
13.1954,20.0855,15.1332,
13.0926,19.443,14.3251,
13.299,17.8683,15.1927,
12.8391,16.6343,13.0415,
12.6397,15.99,10.548,
12.6397,15.4942,12.5412,
12.5412,15.2525,9.1321,
12.4922,15.3728,8.9487,
12.6893,15.4334,10.6741,
12.4434,15.4334,9.1692,
12.3948,15.4334,9.2811,
12.4434,15.3728,9.0217,
12.4434,15.3126,9.1692,
12.4434,15.3126,9.3941,
12.3948,15.2525,9.3941,
12.4434,15.1332,9.3941,
12.4434,15.1332,9.3563,
12.3463,15.0149,9.3941,
12.3463,15.0739,9.3941,
12.3463,15.1332,9.5083,
12.3463,15.1927,9.7401,
12.4434,15.6166,9.9767,
12.4434,16.6343,10.1371,
12.4922,18.0839,10.6741,
12.6397,19.6013,11.6869,
12.9906,20.7537,16.3732,
12.6893,21.8984,13.299,
12.7889,23.1228,17.8683,
12.8894,23.7171,14.7233,
12.8894,24.331,14.7233,
13.1439,23.5168,21.7174,
13.0415,23.818,15.6781,
13.0926,23.7171,16.2444,
13.2471,21.9897,20.1676,
13.3511,23.818,22.2663,
13.2471,23.9195,17.8683,
13.1439,23.818,16.5032,
13.1439,23.6167,16.7003,
13.2471,23.1228,20.5841,
13.2471,22.8328,20.4163,
13.1439,22.9289,16.9,
13.2471,22.8328,18.45,
13.2471,23.0256,16.7003,
13.299,23.3188,17.5154,
13.3511,23.3188,16.5686,
13.5086,23.2205,23.5168,
13.4559,23.3188,15.9271,
13.5615,23.0256,16.1804,
13.668,22.1736,16.9672,
13.9926,21.9897,18.2293,
14.3812,20.8391,20.7537,
14.6657,21.5381,20.7537,
14.8975,21.4492,29.4069,
15.6166,20.8391,25.0735,
15.9271,19.8416,23.2205,
15.9271,19.6013,17.4458,
16.3732,19.8416,20.333,
16.5686,19.2862,21.8077,
16.5686,18.6738,19.0538,
16.7666,18.3026,18.0839,
16.7003,17.4458,18.0839,
16.7666,17.1705,18.0117,
16.7666,16.7003,18.1565,
16.7666,16.5686,17.6556,
16.7003,16.7666,17.3765,
16.7003,17.1024,17.7262,
16.8331,17.2388,18.5242,
17.0346,17.3765,19.7611,
16.7003,17.4458,17.5154,
17.1024,17.1705,22.4531,
16.9,17.2388,19.2862,
16.9672,17.3765,19.9225,
