498,497,453,
498,497,452,
498,497,453,
498,497,453,
499,497,453,
499,497,453,
499,497,453,
499,497,453,
499,497,453,
498,497,453,
498,497,453,
499,497,453,
499,497,453,
498,497,454,
499,497,453,
499,497,454,
499,497,453,
499,497,453,
499,497,453,
499,497,453,
499,497,453,
499,497,453,
499,497,453,
499,497,453,
499,497,454,
499,496,454,
499,496,453,
499,495,453,
499,495,453,
499,495,453,
499,494,454,
499,493,454,
499,491,453,
499,490,453,
499,489,453,
499,486,453,
499,482,453,
499,477,453,
499,475,453,
499,472,453,
500,467,453,
499,459,452,
499,452,452,
499,447,453,
499,444,452,
499,441,451,
499,437,451,
499,434,451,
499,432,451,
499,432,451,
499,430,449,
499,429,449,
499,429,449,
499,428,449,
499,428,450,
499,428,449,
499,428,449,
499,428,449,
499,427,450,
499,428,450,
499,427,448,
499,428,448,
499,428,448,
500,428,448,
500,428,449,
499,428,449,
499,429,449,
500,430,449,
500,431,450,
500,431,450,
500,433,450,
500,434,450,
500,436,450,
500,439,450,
500,442,450,
500,448,449,
500,453,449,
500,457,450,
500,460,450,
500,464,450,
500,468,450,
500,471,450,
500,474,450,
500,477,450,
500,478,450,
500,480,450,
500,481,450,
500,482,451,
500,484,451,
500,484,451,
500,485,451,
500,486,451,
500,488,451,
499,489,451,
499,490,451,
500,490,452,
499,491,452,
500,492,452,
500,492,452,
499,492,453,
500,493,453,
500,493,453,
500,494,453,
500,494,453,
500,494,453,
500,494,453,
500,494,453,
500,494,453,
500,495,452,
500,495,452,
500,495,450,
500,495,451,
500,495,452,
500,496,426,
500,496,446,
500,495,451,
500,496,452,
500,496,452,
500,496,453,
