491,501,454,
491,501,454,
491,501,454,
491,501,454,
491,501,454,
491,501,454,
491,501,454,
491,501,454,
491,501,454,
491,501,454,
491,501,454,
491,501,454,
491,501,454,
491,501,454,
491,501,454,
491,501,454,
491,501,455,
491,501,454,
491,501,454,
491,501,454,
491,501,454,
491,500,454,
491,500,454,
491,498,454,
491,495,454,
491,492,454,
491,490,453,
491,487,453,
491,485,453,
491,481,453,
491,476,453,
491,475,452,
491,475,452,
491,473,452,
491,471,452,
491,467,451,
491,464,451,
492,459,448,
492,455,448,
492,451,448,
492,450,448,
492,448,448,
492,445,448,
492,442,447,
492,440,447,
492,440,440,
492,437,449,
493,432,448,
492,430,447,
492,428,449,
493,428,436,
492,427,436,
492,425,441,
493,424,437,
493,423,441,
493,422,446,
493,422,444,
493,422,438,
493,421,444,
493,422,446,
494,422,446,
494,423,447,
494,424,446,
494,424,447,
494,425,447,
495,428,447,
495,430,447,
495,433,447,
495,436,448,
495,439,448,
495,443,448,
495,447,448,
495,449,449,
495,453,449,
495,455,448,
495,458,448,
495,461,448,
495,462,448,
495,463,448,
495,464,448,
495,466,448,
495,467,448,
495,469,448,
495,471,448,
495,473,448,
495,474,448,
495,475,448,
495,476,448,
495,478,448,
495,479,448,
495,480,448,
495,480,448,
495,481,448,
495,482,448,
496,483,449,
495,485,449,
496,485,449,
496,487,449,
496,488,450,
496,489,450,
497,490,450,
496,491,445,
497,491,450,
496,492,440,
497,492,450,
497,493,447,
497,493,447,
497,493,449,
497,493,451,
497,494,450,
497,494,451,
497,494,451,
497,494,445,
497,494,450,
498,494,451,
497,494,451,
498,495,451,
498,495,451,
498,495,451,
498,495,452,
