14.1578,18.45,27.4878,
14.1578,18.5242,24.331,
14.1578,18.3026,24.9657,
14.1025,18.3761,25.0735,
14.2133,18.45,24.6457,
14.1025,18.2293,24.7517,
14.1578,18.3761,25.182,
14.1578,18.3761,25.9588,
14.1578,18.45,25.0735,
14.1578,18.3026,25.6221,
14.1025,18.3026,25.5111,
14.1578,18.2293,25.8459,
14.0474,18.3761,26.3014,
14.0474,18.3761,26.7676,
13.9926,18.3026,26.65,
14.0474,18.45,26.8858,
14.0474,18.5242,26.7676,
14.1025,18.5242,26.7676,
14.1025,18.45,27.366,
14.1578,18.7491,28.2344,
14.2133,18.9771,27.6104,
14.4943,19.2862,27.4878,
14.8975,19.5219,28.2344,
15.1927,19.9225,24.2273,
16.0532,20.5,24.0215,
16.7666,20.8391,25.8459,
17.5854,21.6275,28.3615,
18.45,21.9897,27.0048,
19.2862,22.642,26.0723,
20.1676,23.4175,23.4175,
20.6687,23.9195,21.9897,
21.0979,24.1241,25.9588,
21.6275,24.7517,26.65,
21.9897,25.0735,21.2727,
22.4531,25.7337,21.3607,
22.7371,25.8459,21.4492,
22.9289,25.7337,26.0723,
23.3188,25.8459,20.9249,
23.4175,25.8459,23.818,
23.6167,25.9588,20.7537,
23.4175,25.8459,21.7174,
23.3188,25.7337,24.0215,
23.1228,25.5111,21.9897,
22.4531,25.4008,23.9195,
21.9897,25.182,23.6167,
21.6275,24.7517,23.3188,
21.0112,24.4353,23.2205,
20.5,23.9195,23.1228,
19.443,23.1228,23.1228,
18.6738,22.8328,23.1228,
18.1565,22.3595,22.9289,
17.5854,21.7174,23.0256,
17.1705,21.5381,22.9289,
16.8331,21.3607,23.0256,
16.5686,20.8391,22.9289,
16.3086,20.5841,23.1228,
16.1166,20.0038,23.0256,
15.99,19.6013,24.5402,
15.74,19.681,21.9897,
15.5552,19.2862,22.9289,
15.4942,18.9007,23.9195,
15.4334,18.3026,22.4531,
15.3126,18.2293,21.8984,
15.2525,18.5988,19.9225,
15.1927,18.3761,20.4163,
15.1332,18.8247,21.2727,
15.0149,18.6738,20.5,
15.1332,18.5988,20.4163,
15.0739,17.8683,20.1676,
15.0149,17.9399,21.6275,
14.8975,17.7971,21.8984,
14.9561,18.2293,20.5,
14.8975,18.1565,20.5841,
14.7811,18.3761,20.1676,
14.8392,18.3026,20.0855,
14.7811,18.3761,19.6013,
14.8392,18.45,19.443,
14.7811,18.5988,19.443,
14.7811,18.45,19.3644,
14.6657,18.5242,19.443,
14.7233,18.7491,19.3644,
14.6657,18.9007,19.443,
14.7233,19.3644,23.6167,
14.6084,19.2862,24.1241,
14.7233,19.2862,25.7337,
14.7233,18.9007,19.0538,
14.5512,19.2862,23.6167,
14.7233,19.6013,18.9771,
14.7233,19.2862,18.9771,
14.7233,19.443,24.331,
14.6657,19.9225,18.9007,
14.6084,20.0038,20.7537,
14.7233,20.0855,20.7537,
14.7233,20.0855,19.5219,
14.6657,20.8391,19.1309,
14.7233,21.3607,17.7971,
14.6084,21.4492,19.3644,
14.5512,21.7174,20.5841,
14.5512,21.6275,24.4353,
14.6084,21.8984,21.2727,
14.5512,22.0814,22.9289,
14.4943,22.0814,20.7537,
14.5512,21.9897,18.1565,
14.4943,22.3595,21.9897,
14.5512,22.0814,20.9249,
14.5512,21.8984,21.7174,
14.4377,22.2663,27.6104,
14.4943,22.0814,20.5,
14.3812,22.0814,20.8391,
14.3812,21.8077,21.1851,
14.3812,22.0814,21.8984,
14.3251,21.7174,20.9249,
14.3251,21.9897,22.8328,
14.3812,21.8984,20.4163,
14.2691,21.9897,21.4492,
14.2691,21.9897,21.3607,
14.2133,21.8984,20.7537,
14.3251,21.9897,21.0112,
14.1578,21.9897,20.5,
