14.0474,18.7491,24.331,
14.1025,18.7491,24.2273,
13.9926,18.5988,24.331,
14.0474,18.5242,24.4353,
14.0474,18.6738,24.2273,
14.1025,18.5988,24.331,
14.0474,18.5988,24.5402,
14.0474,18.5242,24.331,
13.9926,18.5988,24.4353,
14.1025,18.6738,24.331,
14.1578,18.5988,24.1241,
14.2133,18.6738,24.331,
14.3812,18.6738,24.5402,
14.6084,18.7491,24.6457,
15.1332,18.8247,24.8584,
15.8021,19.1309,24.6457,
16.7003,19.5219,28.618,
17.5154,20.0038,28.2344,
18.45,20.5841,27.4878,
19.2862,21.1851,27.2449,
20.1676,22.0814,27.0048,
20.8391,22.8328,27.6104,
21.5381,23.2205,21.5381,
21.8984,24.0215,23.3188,
22.3595,24.2273,25.6221,
22.4531,24.8584,26.5331,
22.642,25.4008,21.7174,
22.7371,24.8584,24.0215,
22.9289,25.182,33.0406,
22.9289,25.0735,26.65,
22.9289,25.2911,23.5168,
22.8328,25.182,26.65,
22.7371,25.0735,21.6275,
22.3595,24.7517,21.6275,
22.0814,24.7517,21.4492,
21.4492,24.6457,21.0979,
20.8391,24.331,21.1851,
19.7611,23.7171,21.4492,
19.0538,23.6167,21.8984,
18.5242,23.1228,22.7371,
17.8683,22.3595,21.4492,
17.5154,21.9897,21.9897,
17.0346,21.5381,21.1851,
16.8331,21.3607,21.1851,
16.5032,21.1851,21.9897,
16.3732,20.6687,21.1851,
16.2444,20.0855,23.6167,
15.99,19.7611,29.1407,
15.99,19.3644,25.5111,
15.74,18.8247,26.65,
15.6781,18.8247,25.0735,
15.4942,18.3761,23.818,
15.4942,18.5988,20.6687,
15.3126,17.7971,22.5473,
15.3126,17.9399,23.1228,
15.1927,17.9399,22.4531,
15.2525,19.0538,25.182,
15.1927,18.0839,24.6457,
15.0739,17.7971,24.7517,
15.0739,17.4458,25.0735,
15.0149,17.6556,24.5402,
15.0739,17.5154,23.2205,
14.9561,17.6556,23.1228,
15.0149,17.6556,23.5168,
14.9561,17.7971,24.5402,
14.8975,20.0855,24.0215,
14.8975,20.5,21.4492,
14.8975,18.6738,23.9195,
14.8392,19.0538,23.1228,
14.8392,18.9771,22.1736,
14.8392,19.8416,20.5841,
14.7811,22.642,20.2501,
14.7233,20.0038,27.1245,
14.7233,20.333,19.0538,
14.7233,20.333,21.0112,
14.7811,19.8416,18.5242,
14.7233,20.7537,19.6013,
14.6657,23.4175,20.8391,
14.6657,21.5381,21.8984,
14.6657,23.7171,21.7174,
14.6084,22.5473,21.8984,
14.7233,22.5473,22.3595,
14.6084,22.3595,17.3075,
14.6657,23.0256,17.1024,
14.7233,21.5381,17.1024,
14.6657,23.2205,17.0346,
14.6084,22.4531,17.2388,
14.6657,22.1736,20.1676,
14.5512,22.2663,19.7611,
14.5512,22.5473,18.5242,
14.5512,22.4531,19.8416,
14.4943,22.3595,21.9897,
14.4943,22.2663,22.3595,
14.3812,22.3595,18.8247,
14.4943,22.3595,18.45,
14.3812,22.1736,22.9289,
14.3812,22.2663,23.3188,
14.3251,21.6275,21.1851,
14.3251,22.0814,17.2388,
14.3812,22.1736,17.3765,
14.2133,22.1736,17.5154,
14.2691,22.0814,17.7971,
14.2691,21.9897,19.2862,
14.2691,21.9897,19.5219,
