14.6657,18.9007,23.1228,
14.6657,18.7491,24.0215,
14.6657,18.7491,23.9195,
14.6657,18.6738,24.0215,
14.7233,18.7491,22.0814,
14.6657,18.6738,21.8984,
14.6657,18.9007,22.0814,
14.4943,18.8247,21.9897,
14.6657,18.9007,22.1736,
14.5512,18.7491,22.2663,
14.6084,18.8247,22.4531,
14.6084,18.8247,23.0256,
14.6084,19.0538,23.5168,
14.5512,19.0538,23.7171,
14.7811,19.1309,23.1228,
14.9561,19.5219,23.2205,
15.5552,19.7611,23.2205,
16.1804,20.5841,23.1228,
16.9672,21.1851,23.5168,
17.8683,21.8984,23.5168,
18.7491,21.8077,23.4175,
19.2862,22.642,23.1228,
20.0855,22.5473,23.0256,
20.8391,23.7171,23.2205,
21.4492,24.0215,21.2727,
21.7174,24.331,22.1736,
22.1736,25.182,21.0979,
22.2663,25.182,21.9897,
22.7371,25.6221,21.9897,
22.7371,25.9588,21.5381,
22.8328,26.1865,20.7537,
22.9289,25.8459,20.8391,
23.1228,26.1865,25.6221,
23.2205,26.1865,26.3014,
23.4175,26.3014,21.5381,
22.9289,26.0723,21.3607,
22.5473,25.7337,21.4492,
22.0814,25.5111,21.4492,
21.2727,24.8584,21.5381,
20.6687,24.2273,21.4492,
20.0038,23.6167,21.5381,
19.2084,22.7371,21.0112,
18.3026,21.9897,21.8984,
17.7971,21.5381,21.0112,
17.3075,21.6275,20.8391,
17.1024,21.0112,20.5841,
16.8331,20.7537,20.9249,
16.5686,20.1676,20.6687,
16.5032,20.0855,20.8391,
16.3086,19.5219,20.7537,
16.1166,19.0538,20.5841,
15.9271,18.9007,20.7537,
15.8645,18.6738,20.6687,
15.8021,18.5242,20.7537,
15.6166,18.45,20.5841,
15.5552,18.6738,20.5841,
15.4942,18.45,20.6687,
15.4334,18.2293,20.6687,
15.3126,18.3026,20.5,
15.2525,18.1565,20.5,
15.1927,18.1565,20.5841,
15.1927,18.0117,20.5,
15.2525,18.0117,20.5,
15.0739,17.9399,20.4163,
15.2525,18.0839,20.5,
15.0739,17.9399,20.4163,
15.0739,18.0839,20.333,
15.1332,18.1565,20.0038,
15.0149,18.1565,20.0038,
15.0149,18.45,24.2273,
15.0149,18.2293,21.9897,
14.9561,18.5242,21.6275,
15.0149,18.3026,21.1851,
14.8975,18.9007,21.2727,
14.8975,18.5242,21.1851,
15.0149,18.8247,24.0215,
14.8975,19.2862,26.4169,
14.8392,18.9007,24.0215,
14.7811,19.0538,24.0215,
14.9561,19.681,18.8247,
14.8975,20.0038,18.5242,
14.9561,20.333,18.3026,
14.9561,20.333,18.2293,
15.0149,20.7537,17.9399,
14.9561,20.8391,17.9399,
14.9561,21.1851,17.7262,
14.9561,21.3607,17.5154,
14.8392,21.3607,17.4458,
14.8975,21.4492,17.4458,
14.8975,21.7174,17.2388,
14.8392,21.4492,17.3765,
14.7811,21.5381,17.2388,
14.8392,21.6275,17.3765,
14.7233,21.8077,17.3765,
14.8392,21.6275,17.2388,
14.6657,21.8077,17.4458,
14.7233,21.8077,17.3765,
14.6657,21.8984,17.4458,
14.7233,21.8984,17.2388,
14.7233,21.9897,17.4458,
14.6657,21.8984,23.3188,
14.6084,21.7174,20.6687,
14.6084,21.9897,18.1565,
14.5512,21.8984,18.1565,
14.4943,21.6275,20.6687,
14.4943,21.8984,20.0038,
14.4377,21.8077,18.8247,
14.4943,21.8984,17.3765,
14.4377,21.8984,18.8247,
14.3251,21.8077,17.5154,
14.3812,21.6275,17.4458,
14.4377,21.5381,17.2388,
14.3812,21.7174,17.1705,
14.3812,21.5381,17.2388,
