15.6781,19.3644,19.5219,
15.8645,19.2862,19.6013,
15.5552,19.2862,19.681,
15.4942,19.2862,19.5219,
16.1166,19.1309,19.443,
15.1332,19.2084,19.6013,
15.99,19.2084,19.681,
15.99,19.1309,19.6013,
16.0532,19.2862,19.5219,
16.1166,19.2862,19.6013,
15.9271,19.0538,20.2501,
15.8645,19.2084,19.0538,
15.8021,18.9771,18.5988,
15.74,19.2084,18.2293,
15.9271,19.2084,18.8247,
15.9271,19.2862,18.5988,
16.1166,19.681,18.7491,
16.2444,19.681,19.5219,
16.5686,19.9225,19.681,
16.9,20.333,18.7491,
17.8683,20.8391,16.9,
19.0538,21.4492,20.8391,
19.8416,21.9897,22.642,
20.333,22.1736,21.1851,
20.0038,23.2205,16.1804,
20.5841,23.5168,16.7666,
20.7537,24.331,16.438,
21.7174,24.9657,19.3644,
21.0112,25.7337,16.5686,
20.8391,26.5331,15.8645,
21.8077,26.65,15.4334,
23.7171,27.0048,15.2525,
23.9195,27.1245,15.1927,
24.0215,26.7676,15.74,
24.2273,27.0048,15.9271,
23.9195,27.0048,16.1166,
23.7171,26.7676,16.8331,
23.0256,26.5331,16.7003,
22.642,26.4169,16.5032,
20.0855,25.9588,16.8331,
20.0855,25.9588,17.1024,
19.9225,25.182,17.0346,
19.0538,24.6457,16.9,
18.7491,23.4175,17.0346,
18.3026,23.0256,17.1024,
18.0839,22.642,17.1705,
17.7971,22.1736,16.9,
17.5154,21.7174,17.5154,
17.5854,21.7174,20.9249,
17.3075,21.0979,20.333,
17.1024,20.6687,18.9007,
16.9,20.5,17.7971,
16.6343,20.0038,16.8331,
16.5032,19.7611,16.7666,
16.3086,20.0038,17.0346,
16.1804,19.681,17.1024,
16.0532,19.7611,17.1705,
15.99,19.681,17.2388,
16.1804,19.681,21.6275,
15.9271,19.5219,16.9,
15.8645,19.681,16.9672,
15.8645,19.681,17.7262,
15.9271,19.8416,18.5242,
15.9271,20.0038,20.4163,
15.8645,20.0855,20.5,
15.8021,20.1676,20.4163,
15.8021,20.5,20.5,
15.8021,20.6687,20.9249,
15.6781,20.5841,20.8391,
15.74,21.0112,20.7537,
15.6781,20.8391,20.5841,
15.6781,21.0112,20.5841,
15.6166,21.2727,20.2501,
15.5552,21.3607,20.5,
15.4334,21.5381,20.0855,
15.3126,21.1851,23.4175,
15.1927,21.1851,19.2084,
15.1332,21.2727,18.6738,
15.1332,21.2727,18.3761,
15.0739,21.5381,17.4458,
14.9561,21.6275,15.2525,
15.1332,21.8984,15.6166,
15.1927,21.9897,16.1804,
15.0149,22.1736,14.5512,
14.8392,22.642,14.1578,
15.0149,22.9289,14.2133,
14.9561,22.642,14.5512,
15.3126,23.2205,14.8975,
15.4942,23.0256,15.2525,
15.2525,23.0256,15.0739,
15.2525,23.2205,14.8392,
15.8021,23.1228,16.2444,
17.5854,23.2205,18.9007,
15.0739,23.1228,14.4377,
15.0149,23.2205,14.6657,
15.0149,23.0256,14.6084,
15.0149,22.9289,14.6657,
15.0149,23.0256,14.6657,
14.9561,23.0256,14.6084,
15.0739,23.1228,14.8392,
14.9561,22.9289,14.7811,
14.8975,22.8328,14.7811,
14.9561,22.8328,14.6084,
15.0149,22.9289,14.8975,
