14.5512,19.9225,19.8416,
14.5512,19.8416,19.8416,
14.4943,19.9225,19.8416,
14.5512,19.9225,19.681,
14.4943,19.7611,19.8416,
14.5512,19.9225,20.0038,
14.4943,19.681,19.8416,
14.4943,19.7611,19.9225,
14.4943,19.681,19.681,
14.5512,19.8416,19.8416,
14.6084,19.9225,19.7611,
14.6657,19.7611,19.8416,
14.6657,20.0855,19.9225,
14.8975,20.0855,22.4531,
14.9561,20.333,23.1228,
15.2525,20.5,20.2501,
15.8021,21.1851,20.1676,
16.3732,22.2663,20.2501,
17.1705,22.8328,24.6457,
17.7262,22.7371,24.2273,
18.6738,23.5168,23.818,
19.2862,23.9195,24.8584,
19.7611,24.0215,20.4163,
20.333,23.818,24.6457,
20.7537,23.818,20.8391,
21.1851,24.2273,20.4163,
21.5381,24.8584,24.0215,
21.5381,25.4008,23.7171,
21.8984,25.6221,20.9249,
22.2663,25.9588,21.1851,
22.1736,25.6221,24.331,
22.4531,25.6221,20.333,
22.4531,25.7337,21.6275,
22.3595,25.9588,20.9249,
22.1736,25.6221,20.5,
21.6275,25.182,23.9195,
21.3607,25.182,24.8584,
20.5841,25.0735,23.6167,
20.333,24.6457,21.7174,
19.6013,24.1241,25.6221,
19.3644,24.5402,28.3615,
18.9007,23.7171,22.9289,
18.2293,23.5168,25.9588,
17.7971,23.2205,24.0215,
17.5854,25.6221,19.8416,
17.1705,22.3595,19.8416,
16.9,24.7517,22.2663,
16.8331,24.331,19.7611,
16.5686,23.7171,19.9225,
16.438,23.2205,19.681,
16.2444,22.8328,19.6013,
16.1804,20.5841,19.5219,
16.0532,20.5841,19.7611,
16.0532,20.333,19.681,
15.8645,22.8328,19.6013,
15.8021,19.2084,19.681,
15.74,20.1676,19.5219,
15.5552,21.3607,19.8416,
15.4942,20.4163,19.8416,
15.4334,18.7491,19.681,
15.4334,18.9771,19.7611,
15.4334,18.9007,19.6013,
15.1927,18.7491,19.681,
15.3126,18.5988,19.681,
15.3126,18.8247,19.6013,
15.3126,18.7491,19.443,
15.3728,18.5988,19.681,
15.1927,18.7491,19.3644,
15.2525,20.5,19.5219,
15.1332,19.681,19.3644,
15.1332,19.7611,19.5219,
15.1332,20.0038,19.3644,
15.0739,22.2663,19.3644,
15.0739,23.9195,19.2862,
15.0739,24.1241,19.0538,
14.9561,21.9897,18.9771,
14.9561,23.4175,19.8416,
15.0739,22.5473,19.443,
14.8975,22.7371,18.45,
15.0739,23.1228,18.0839,
14.9561,22.9289,22.4531,
15.0149,23.1228,22.7371,
15.0149,23.1228,18.3761,
14.8392,23.3188,18.9771,
14.8975,23.1228,18.5988,
14.8392,23.818,20.0038,
14.8392,23.6167,18.1565,
14.7811,23.4175,18.45,
14.8975,23.0256,18.5988,
14.8392,22.8328,19.8416,
14.7811,22.9289,21.8984,
14.7811,23.1228,21.7174,
14.9561,23.3188,17.3075,
14.7811,23.0256,21.3607,
14.8392,23.4175,17.7971,
14.7811,23.4175,17.5154,
14.7233,23.6167,22.1736,
14.6084,23.4175,21.5381,
14.6657,23.6167,21.6275,
14.6657,23.3188,21.3607,
14.6084,23.3188,22.7371,
14.5512,23.4175,24.7517,
14.5512,23.2205,22.3595,
14.6084,23.3188,23.0256,
14.5512,23.1228,22.1736,
14.5512,23.3188,22.3595,
14.6084,23.1228,21.7174,
14.6084,23.2205,21.4492,
14.4377,23.3188,21.4492,
14.6084,23.4175,21.1851,
14.4377,23.2205,21.1851,
14.5512,23.2205,21.4492,
14.4943,23.2205,21.0112,
14.4943,23.1228,20.8391,
