14.1578,18.7491,20.0855,
14.0474,18.6738,19.9225,
14.0474,18.7491,20.1676,
14.1025,18.5988,20.1676,
14.0474,18.5988,20.2501,
14.1025,18.8247,20.333,
14.1578,18.6738,20.2501,
14.0474,18.5242,20.1676,
14.0474,18.6738,20.4163,
13.7753,18.9007,20.5,
13.6147,19.0538,20.5,
14.3251,19.2084,20.5,
14.5512,19.2084,20.5841,
14.8975,19.2084,20.7537,
15.3728,20.0038,20.8391,
16.1166,20.2501,20.9249,
17.1024,20.7537,20.8391,
18.2293,21.3607,20.9249,
18.8247,22.0814,20.9249,
19.6013,22.5473,20.9249,
20.333,22.8328,21.0112,
21.1851,23.3188,21.0112,
21.6275,23.6167,20.9249,
21.9897,24.1241,21.0112,
22.4531,24.8584,26.1865,
22.642,25.0735,21.0112,
23.0256,25.8459,21.0979,
23.0256,25.5111,21.2727,
23.3188,25.5111,21.1851,
23.5168,25.6221,21.3607,
23.4175,25.5111,21.2727,
23.3188,25.4008,21.4492,
22.8328,25.182,21.6275,
22.1736,24.9657,21.2727,
21.4492,24.331,21.1851,
20.5,24.1241,21.2727,
19.3644,23.1228,20.9249,
18.3761,22.3595,22.3595,
17.6556,21.9897,22.9289,
17.1705,21.6275,21.3607,
16.7003,21.2727,21.3607,
16.5686,20.9249,23.0256,
16.1804,20.4163,22.8328,
16.2444,20.1676,21.9897,
16.2444,19.7611,22.7371,
16.1166,19.681,23.3188,
16.438,19.5219,22.3595,
16.1804,19.2084,22.1736,
16.1804,19.0538,22.8328,
15.8645,18.9007,21.8077,
15.6781,18.9771,20.9249,
15.6781,18.9007,20.5841,
15.4942,18.7491,20.6687,
15.4334,18.7491,20.5841,
15.3126,18.6738,20.5,
14.7233,18.3761,20.5,
14.4943,18.9771,20.5,
14.3812,18.9771,20.5841,
14.4377,19.1309,20.333,
14.3812,19.2862,20.333,
14.3812,19.3644,20.2501,
14.4377,19.6013,20.333,
14.4943,19.8416,21.8077,
14.4943,20.1676,21.8077,
14.4943,20.333,20.333,
14.5512,20.5,20.1676,
14.5512,20.7537,19.7611,
14.6084,20.7537,19.9225,
14.7233,20.6687,19.8416,
14.7811,20.5841,21.3607,
14.8975,20.8391,21.9897,
14.8975,20.8391,18.7491,
14.8392,20.8391,18.3761,
14.8975,21.0979,18.1565,
14.8392,21.1851,17.8683,
14.7233,21.0112,17.9399,
14.6657,21.0112,17.4458,
14.6657,21.3607,17.9399,
14.5512,21.1851,17.9399,
14.4943,21.5381,16.7666,
14.4943,21.3607,16.3732,
14.3812,21.6275,16.1166,
14.3812,21.7174,18.9007,
14.3251,21.7174,17.0346,
14.3251,21.8077,14.9561,
14.1025,21.5381,14.6084,
14.0474,21.8077,15.0149,
14.0474,21.5381,14.4943,
14.1025,21.6275,15.0739,
14.0474,21.5381,13.9379,
13.9926,21.6275,14.1025,
13.8835,21.4492,15.99,
13.9379,21.5381,15.74,
13.9379,21.4492,17.5154,
13.8293,21.5381,14.8975,
13.8835,20.4163,15.0739,
13.8293,20.0038,15.8021,
13.8835,21.0979,15.0149,
