14.6657,20.5,19.6013,
14.6657,20.333,19.6013,
14.6084,20.333,19.6013,
14.6657,20.333,19.443,
14.6084,20.4163,19.6013,
14.6084,20.0038,19.6013,
14.6084,19.8416,19.5219,
14.5512,20.0038,19.681,
14.6084,19.9225,19.681,
14.7233,20.0038,19.6013,
14.8392,19.8416,19.681,
14.8392,20.2501,19.7611,
15.1927,20.0855,19.7611,
15.4334,20.4163,19.9225,
15.9271,20.7537,19.8416,
16.8331,20.8391,19.9225,
17.6556,21.8984,20.0038,
18.5988,22.2663,20.0038,
19.6013,22.9289,20.1676,
20.6687,23.1228,20.0038,
21.0979,24.1241,20.2501,
21.7174,24.9657,20.1676,
22.1736,25.182,20.333,
22.4531,25.4008,20.9249,
22.7371,25.8459,20.5,
22.9289,26.0723,25.0735,
23.1228,25.8459,22.0814,
23.3188,26.0723,20.6687,
23.4175,25.9588,23.2205,
23.3188,25.8459,26.7676,
22.9289,25.7337,24.7517,
22.5473,25.5111,21.5381,
21.9897,25.6221,24.7517,
21.1851,25.182,24.2273,
20.1676,24.6457,24.1241,
19.681,24.1241,23.5168,
18.9007,23.5168,23.818,
18.2293,20.9249,23.6167,
17.7971,20.8391,23.0256,
17.3765,21.9897,22.7371,
17.0346,21.3607,23.5168,
16.9,21.6275,23.4175,
16.6343,20.5,22.9289,
16.438,23.6167,22.642,
16.3086,21.0112,22.9289,
16.1166,22.3595,23.1228,
15.9271,19.6013,24.7517,
15.9271,19.443,24.9657,
15.6781,19.5219,24.4353,
15.74,19.443,23.9195,
15.5552,19.3644,23.4175,
15.4334,19.2862,23.5168,
15.5552,19.2862,23.818,
15.4942,19.443,23.7171,
15.4334,19.2862,23.818,
15.3728,19.443,23.7171,
15.4334,19.3644,24.1241,
15.4334,19.443,24.331,
15.3126,19.443,24.5402,
15.3126,19.6013,24.9657,
15.3126,19.5219,22.7371,
15.2525,19.8416,23.9195,
15.3126,19.681,21.5381,
15.1332,19.9225,23.818,
15.2525,20.333,21.8984,
15.2525,20.5841,21.1851,
15.1927,20.8391,23.6167,
15.2525,20.9249,18.6738,
15.1332,21.1851,23.2205,
15.2525,21.0112,18.7491,
15.1927,21.0112,22.1736,
15.1332,21.0112,18.5988,
15.1332,21.2727,17.6556,
15.0739,20.5,17.4458,
15.0149,20.2501,17.1705,
14.9561,20.5841,17.1705,
15.1332,20.7537,16.9,
15.0739,20.5841,16.7666,
14.8975,20.9249,16.9,
14.8975,21.1851,16.9672,
15.0149,21.1851,18.5242,
14.8392,21.4492,18.3761,
14.8392,21.4492,21.2727,
14.8975,21.3607,17.3765,
14.8392,21.4492,20.0855,
14.8975,21.4492,20.0855,
14.7233,21.3607,19.9225,
14.8392,21.5381,16.9,
14.8392,21.6275,16.9,
14.6657,21.4492,21.0112,
14.6657,21.6275,20.4163,
14.6084,21.3607,16.9672,
14.5512,21.3607,16.9672,
14.6084,21.4492,17.2388,
14.5512,21.3607,18.0839,
14.5512,21.3607,18.6738,
14.4943,21.3607,17.5854,
14.5512,21.1851,17.3765,
14.4943,21.2727,17.0346,
14.5512,21.3607,16.9,
14.4943,21.3607,16.7003,
14.4377,21.2727,16.8331,
14.4377,21.3607,17.1705,
14.4377,21.2727,17.7971,
14.3812,21.3607,20.4163,
14.4377,21.2727,20.8391,
14.4377,21.2727,20.9249,
