14.4943,19.2084,25.0735,
14.5512,19.1309,24.5402,
14.4943,19.1309,24.9657,
14.4943,19.2862,24.5402,
14.5512,19.2084,24.331,
14.4943,19.2862,25.0735,
14.4943,19.0538,25.6221,
14.4377,19.2084,25.4008,
14.5512,19.2084,24.2273,
14.3812,19.1309,24.6457,
14.4377,19.2084,24.4353,
14.4377,19.2084,21.8984,
14.4943,19.3644,22.5473,
14.4943,19.2084,25.7337,
14.4943,19.2862,26.5331,
14.6657,19.3644,23.4175,
14.6657,19.443,24.5402,
14.9561,19.681,21.9897,
15.2525,19.9225,22.5473,
15.8021,20.1676,22.0814,
16.6343,20.5841,23.9195,
17.5154,21.0112,22.5473,
18.3026,21.4492,20.9249,
19.2084,21.9897,21.5381,
19.9225,22.2663,23.7171,
20.6687,22.8328,24.9657,
21.2727,23.3188,24.6457,
21.8077,23.9195,22.0814,
22.2663,24.4353,20.5,
22.642,24.5402,20.6687,
23.1228,25.182,20.6687,
23.1228,25.2911,24.2273,
23.1228,25.2911,21.1851,
23.5168,25.6221,21.5381,
23.7171,25.4008,26.65,
23.818,25.7337,20.8391,
23.5168,25.182,24.7517,
23.4175,25.4008,21.0979,
23.2205,25.2911,19.9225,
22.4531,25.0735,20.0855,
22.0814,24.8584,19.7611,
21.7174,24.5402,20.0038,
21.1851,24.331,19.7611,
20.4163,23.7171,20.0038,
19.9225,23.1228,19.681,
19.2862,22.4531,19.7611,
18.6738,22.4531,19.7611,
18.1565,21.8984,19.5219,
17.9399,21.7174,19.681,
17.5154,21.3607,19.7611,
17.3765,21.0979,19.7611,
17.1024,21.0112,19.681,
16.9672,20.9249,19.6013,
16.7003,20.7537,19.681,
16.6343,20.4163,19.5219,
16.438,20.0855,19.443,
16.3086,19.8416,19.5219,
16.2444,19.7611,19.5219,
15.9271,19.2862,19.681,
15.99,19.2084,19.3644,
15.8021,18.9007,19.6013,
15.8021,18.9771,19.5219,
15.6781,18.6738,19.6013,
15.5552,18.5988,19.6013,
15.6781,18.5988,19.5219,
15.5552,18.3761,19.443,
15.5552,18.3761,19.5219,
15.4334,18.3026,19.443,
15.4334,18.3761,19.3644,
15.3728,18.3026,19.443,
15.4334,18.3026,19.3644,
15.2525,18.3761,19.3644,
15.3728,18.3761,19.2862,
15.1927,18.3761,19.3644,
15.3126,18.6738,19.1309,
15.2525,18.5988,19.0538,
15.1927,18.9771,19.2084,
15.1332,19.1309,21.4492,
15.1332,19.1309,22.3595,
15.0739,19.3644,19.2862,
15.1927,19.3644,24.0215,
15.0739,19.6013,24.4353,
15.0149,19.681,19.3644,
15.0149,20.0038,18.1565,
15.0739,20.0038,18.0117,
15.0149,20.1676,17.7971,
14.9561,20.0038,21.0979,
15.0149,20.2501,17.7971,
15.0149,20.4163,17.2388,
15.0149,20.4163,17.0346,
14.9561,20.8391,16.9672,
15.0149,20.5841,16.7666,
15.0149,21.0979,17.1024,
15.0149,20.8391,17.0346,
14.8392,21.0979,17.1024,
14.9561,21.3607,16.9,
14.8392,21.3607,16.7003,
14.9561,21.4492,16.5032,
14.8392,21.5381,16.7003,
14.7811,21.5381,16.8331,
14.8975,21.5381,16.7666,
14.8392,21.6275,16.7666,
14.8392,21.7174,16.6343,
14.8975,21.7174,16.5686,
14.7811,21.6275,16.7003,
14.8975,21.6275,16.5686,
14.8392,21.6275,16.6343,
14.7233,21.7174,16.7666,
14.8392,21.7174,16.5686,
14.7233,21.6275,16.7003,
14.7811,21.6275,16.5032,
14.7233,21.7174,16.6343,
14.7233,21.7174,16.6343,
14.7233,21.5381,16.6343,
14.6084,21.6275,16.7003,
14.7233,21.5381,16.5686,
14.7233,21.6275,16.5686,
14.7811,21.4492,16.5032,
