15.1332,19.5219,20.0855,
15.1332,18.7491,19.9225,
15.0739,18.8247,19.9225,
15.1332,19.0538,19.9225,
15.0739,19.2862,19.9225,
15.1332,19.2084,19.9225,
15.0739,19.9225,19.9225,
15.0739,20.1676,19.9225,
15.1332,20.2501,20.0038,
15.0739,20.2501,20.1676,
15.0739,20.4163,20.0855,
15.1332,20.5841,20.1676,
15.1332,20.6687,20.0855,
15.1332,20.5841,20.2501,
15.1332,21.2727,20.2501,
15.1332,21.5381,20.2501,
15.2525,22.0814,20.4163,
15.4942,20.2501,20.5,
15.9271,23.2205,20.7537,
16.6343,22.3595,20.9249,
17.5154,20.5,21.0979,
18.3026,19.0538,21.1851,
19.1309,20.5841,21.3607,
20.0038,26.0723,21.5381,
20.7537,27.366,21.6275,
21.4492,28.1081,22.2663,
21.8984,28.8777,21.8077,
22.5473,29.5413,24.331,
23.1228,29.6765,22.7371,
23.7171,30.226,22.0814,
23.818,30.5061,27.8577,
24.2273,29.2734,23.4175,
24.5402,28.7475,27.6104,
24.7517,29.9495,22.4531,
24.9657,31.5154,24.7517,
25.0735,31.2223,25.2911,
25.2911,31.2223,29.2734,
25.4008,31.2223,22.642,
25.182,29.5413,23.0256,
24.9657,30.226,28.618,
24.331,30.0873,22.5473,
24.0215,29.6765,22.2663,
23.2205,29.1407,22.2663,
22.0814,28.4893,22.1736,
21.0979,27.7337,21.9897,
20.1676,27.366,22.0814,
19.443,24.8584,22.0814,
18.9771,25.182,22.0814,
18.5242,25.8459,21.9897,
18.3026,25.2911,21.9897,
18.0117,24.1241,21.8077,
17.7971,22.8328,21.8077,
17.6556,20.8391,21.8077,
17.4458,20.0038,25.7337,
17.3075,22.9289,21.7174,
17.2388,21.2727,22.3595,
17.1024,19.6013,21.7174,
16.9672,19.8416,25.182,
16.7666,19.443,22.9289,
16.1166,18.9007,20.8391,
16.3086,19.9225,21.0979,
16.8331,18.6738,21.2727,
16.7003,20.6687,21.8984,
16.5686,18.3026,25.6221,
16.6343,18.8247,21.2727,
16.5686,18.7491,21.0979,
16.5686,18.7491,21.0112,
16.5032,18.7491,21.0112,
16.5032,18.5988,21.0112,
16.5032,18.5988,21.0112,
16.438,18.7491,21.0112,
16.438,18.6738,20.9249,
16.438,18.6738,20.9249,
16.438,18.7491,20.9249,
16.438,18.5988,20.8391,
16.438,18.9771,20.8391,
16.3732,19.1309,20.8391,
16.3086,19.2862,20.7537,
16.3086,19.5219,20.7537,
16.2444,20.0038,21.2727,
16.3086,20.5,20.8391,
16.2444,20.5,20.6687,
16.2444,21.6275,20.4163,
16.2444,22.2663,20.333,
16.3086,22.8328,19.8416,
16.3086,23.1228,19.8416,
16.3732,23.6167,19.6013,
16.3732,23.6167,19.443,
16.3732,24.331,19.2084,
16.3732,24.5402,19.1309,
16.3732,24.7517,19.1309,
16.3732,24.8584,19.0538,
16.3732,24.9657,19.681,
16.2444,25.0735,19.0538,
16.3086,24.8584,19.0538,
16.1804,24.2273,19.1309,
16.1804,24.9657,19.2862,
16.1804,24.8584,19.681,
16.2444,24.6457,19.3644,
16.1804,23.9195,23.5168,
16.2444,24.0215,19.5219,
16.2444,24.6457,19.443,
16.2444,25.0735,19.2084,
16.2444,25.5111,18.3761,
16.2444,24.8584,16.9672,
16.1804,23.0256,20.8391,
16.1804,23.9195,19.9225,
16.1804,24.5402,20.0038,
16.1804,24.8584,19.8416,
16.1166,25.0735,20.0855,
16.1166,25.4008,19.8416,
16.0532,25.2911,19.681,
16.0532,25.4008,19.2862,
16.0532,25.182,19.1309,
16.0532,24.9657,18.8247,
16.0532,24.8584,18.7491,
