530,363,440,
530,364,440,
530,363,441,
530,364,441,
530,363,441,
530,365,441,
530,365,442,
529,366,442,
526,364,441,
521,365,442,
517,365,441,
512,364,442,
506,365,442,
492,364,442,
476,364,442,
463,364,442,
450,364,443,
438,365,443,
424,365,442,
412,364,442,
401,365,442,
391,365,442,
387,365,442,
379,363,441,
377,362,441,
373,362,439,
371,361,440,
370,361,441,
368,364,440,
369,363,441,
372,362,441,
373,362,441,
375,363,442,
382,363,443,
393,363,442,
404,363,442,
415,363,442,
429,363,441,
444,364,441,
458,363,441,
471,364,442,
483,364,443,
492,364,443,
501,363,442,
508,365,443,
513,364,442,
518,364,442,
523,365,442,
528,365,442,
531,365,443,
533,366,443,
534,366,444,
536,366,443,
537,365,443,
536,365,441,
536,364,442,
536,364,441,
536,364,441,
536,365,442,
536,366,442,
534,365,442,
530,364,441,
524,366,442,
517,365,442,
506,366,443,
495,367,443,
486,367,444,
476,368,445,
469,368,445,
468,370,448,
460,369,444,
456,369,446,
457,372,396,
459,374,450,
463,377,453,
468,379,424,
472,383,459,
474,388,463,
476,389,463,
478,390,470,
481,393,470,
485,397,422,
488,400,465,
490,403,471,
491,408,470,
492,412,466,
493,418,463,
495,422,464,
496,426,462,
496,430,397,
497,432,447,
496,434,464,
494,436,463,
492,439,413,
489,441,459,
484,444,459,
480,447,458,
478,450,457,
475,454,458,
471,458,457,
468,463,457,
466,467,459,
465,472,458,
464,477,459,
464,480,458,
464,484,458,
464,486,457,
464,488,457,
464,490,457,
464,492,446,
464,493,454,
463,494,413,
463,494,453,
463,495,399,
463,496,427,
464,496,432,
464,496,436,
464,497,435,
464,496,435,
465,491,431,
465,481,418,
464,470,457,
463,454,456,
462,440,434,
460,426,427,
458,413,430,
457,407,382,
455,402,446,
453,398,456,
452,399,453,
451,399,454,
451,398,450,
450,399,451,
450,399,452,
451,399,452,
453,400,450,
454,402,453,
455,403,449,
455,405,453,
455,407,451,
456,410,453,
456,414,454,
456,418,456,
457,421,455,
457,426,454,
457,432,459,
458,437,455,
457,443,460,
458,448,458,
457,454,460,
458,461,459,
458,468,458,
458,473,458,
458,478,460,
458,482,443,
458,485,459,
458,488,459,
458,490,455,
458,492,412,
459,493,446,
458,494,460,
459,495,460,
459,495,461,
459,496,461,
459,496,458,
460,497,459,
459,497,459,
460,497,458,
459,498,458,
459,498,459,
460,498,458,
460,498,458,
460,498,460,
460,498,461,
460,498,462,
460,499,463,
460,499,463,
460,499,463,
460,499,464,
461,499,464,
461,499,466,
461,500,466,
461,500,466,
