529,413,483,
513,400,470,
501,392,457,
497,388,453,
496,388,450,
493,384,395,
487,382,406,
486,379,409,
480,375,404,
479,374,409,
497,387,424,
496,388,420,
507,395,433,
484,378,409,
482,376,409,
483,377,409,
481,375,408,
476,373,407,
478,373,406,
469,369,401,
468,366,400,
472,370,401,
472,371,402,
471,367,397,
469,366,378,
463,363,376,
466,364,394,
467,366,396,
459,362,391,
475,372,399,
476,375,437,
469,368,395,
459,363,401,
520,411,499,
521,411,464,
515,408,505,
499,394,487,
497,392,439,
513,404,493,
514,405,446,
515,404,518,
513,405,461,
513,402,451,
512,401,482,
512,405,542,
514,408,538,
515,408,551,
515,410,545,
514,410,549,
513,413,527,
514,417,554,
513,421,560,
511,425,515,
514,433,520,
523,448,533,
527,456,539,
529,465,545,
530,466,548,
531,472,551,
532,476,553,
532,476,555,
533,481,557,
532,483,552,
533,487,559,
535,492,564,
536,496,567,
537,497,568,
537,499,571,
538,500,570,
539,503,571,
538,505,573,
538,504,570,
537,505,565,
535,504,570,
536,505,567,
534,505,569,
534,505,570,
536,504,569,
535,507,570,
535,507,571,
537,508,568,
536,507,570,
536,508,570,
537,507,570,
536,504,551,
537,501,565,
538,498,558,
537,496,562,
537,493,559,
535,487,550,
537,477,541,
536,465,532,
537,454,524,
538,445,519,
539,437,509,
540,432,505,
539,431,502,
537,426,494,
536,424,492,
535,418,485,
533,415,479,
531,409,473,
529,407,470,
527,404,463,
525,400,459,
524,398,458,
523,396,455,
522,394,454,
521,392,452,
521,394,454,
520,392,453,
533,404,464,
525,395,455,
520,391,449,
517,389,447,
515,389,448,
515,387,446,
513,387,446,
513,387,446,
512,388,445,
510,386,443,
509,383,439,
508,384,440,
508,383,441,
508,384,439,
509,385,440,
511,385,442,
510,385,439,
511,386,441,
510,385,441,
510,386,442,
511,384,441,
511,385,438,
510,384,441,
510,386,440,
511,385,439,
511,387,440,
512,385,440,
511,385,440,
510,386,442,
511,387,442,
511,388,442,
511,388,444,
511,388,442,
512,387,442,
512,387,442,
512,386,443,
511,388,445,
511,387,446,
512,390,446,
512,390,446,
512,387,446,
511,388,444,
513,391,448,
519,394,452,
524,399,458,
527,400,462,
529,401,463,
518,393,458,
510,388,451,
507,385,449,
505,384,450,
504,385,450,
504,384,449,
506,383,446,
504,380,446,
505,379,446,
501,375,444,
498,369,442,
496,367,439,
506,376,451,
483,356,426,
482,355,428,
476,350,423,
479,347,385,
485,354,428,
484,351,432,
485,351,429,
482,349,428,
482,350,450,
482,346,425,
486,347,429,
468,337,386,
467,329,402,
465,325,404,
462,323,375,
470,326,400,
461,316,395,
483,334,415,
479,328,408,
485,331,418,
481,327,412,
484,330,425,
503,337,431,
531,355,447,
533,357,446,
533,356,443,
514,344,429,
533,355,442,
518,346,427,
492,330,408,
504,337,415,
527,352,433,
532,355,438,
535,356,439,
536,358,443,
529,353,434,
504,335,412,
510,339,419,
507,336,414,
496,329,405,
515,342,421,
503,334,411,
537,357,439,
541,360,443,
543,360,442,
544,361,444,
545,361,443,
546,360,443,
548,361,445,
548,363,444,
548,362,446,
549,361,443,
548,362,444,
548,363,444,
550,361,442,
549,361,442,
550,360,441,
550,362,441,
551,363,443,
552,362,441,
552,362,442,
553,362,442,
553,361,442,
552,365,444,
554,363,416,
554,363,442,
553,363,425,
554,361,444,
553,362,437,
553,361,443,
553,362,444,
555,363,437,
555,362,434,
555,361,438,
555,362,444,
554,362,444,
555,363,446,
554,363,446,
555,365,446,
555,364,447,
555,364,445,
556,365,446,
555,365,447,
555,365,446,
555,364,446,
556,363,445,
556,364,445,
556,365,447,
556,366,448,
556,366,447,
555,366,447,
556,364,446,
555,366,447,
556,365,446,
556,365,446,
555,366,448,
556,365,448,
555,367,447,
556,366,449,
556,366,448,
556,365,448,
556,365,447,
557,365,447,
555,367,449,
557,366,450,
556,368,449,
557,367,450,
