556,435,474,
556,435,474,
555,434,474,
556,435,474,
556,436,475,
557,437,475,
557,437,476,
556,436,476,
556,437,476,
557,438,475,
557,438,477,
558,438,478,
558,439,480,
559,439,481,
559,439,482,
558,440,483,
559,441,483,
558,442,485,
558,444,487,
559,445,489,
559,445,491,
560,447,494,
561,448,495,
561,449,498,
561,450,500,
561,451,502,
562,452,504,
562,453,505,
562,455,509,
562,455,512,
562,456,514,
563,457,516,
562,458,518,
563,459,520,
564,461,524,
564,463,526,
564,463,528,
563,464,529,
560,463,529,
559,463,530,
560,465,532,
561,468,538,
562,471,542,
564,473,545,
559,471,544,
558,472,545,
553,469,542,
552,471,544,
553,473,546,
553,475,549,
553,476,549,
559,483,558,
553,480,554,
553,483,556,
553,485,558,
554,487,559,
564,498,571,
554,491,562,
565,502,575,
565,504,576,
564,506,577,
556,501,571,
557,504,574,
556,507,577,
557,509,579,
558,512,581,
557,514,583,
557,516,584,
560,522,590,
568,532,600,
568,535,602,
557,527,592,
564,535,599,
556,531,594,
554,530,592,
551,528,589,
527,505,563,
549,529,588,
553,535,594,
553,536,594,
538,521,574,
557,542,597,
559,546,600,
559,548,603,
563,553,606,
564,556,609,
565,557,610,
564,557,608,
563,557,608,
563,557,609,
564,558,609,
565,558,609,
565,558,610,
564,556,608,
564,554,607,
563,551,607,
563,547,605,
547,525,582,
549,518,577,
557,513,572,
554,502,562,
544,486,545,
555,489,548,
564,489,549,
566,484,543,
566,480,539,
566,478,536,
566,475,529,
565,472,522,
565,468,514,
563,464,509,
548,451,494,
559,459,501,
553,452,491,
557,452,489,
559,452,488,
561,451,487,
561,450,485,
561,448,483,
562,447,482,
562,446,480,
562,444,478,
562,444,479,
561,443,478,
561,441,477,
561,441,477,
562,440,476,
561,439,476,
561,438,474,
561,437,474,
560,435,473,
560,434,472,
559,434,471,
560,433,471,
559,434,471,
560,434,471,
559,433,470,
560,433,470,
561,433,470,
560,434,471,
560,433,471,
560,435,471,
561,434,472,
560,434,472,
561,434,472,
