546,437,488,
544,436,491,
545,437,489,
545,435,492,
545,436,490,
544,440,492,
546,439,489,
543,436,484,
541,431,481,
512,410,463,
522,420,474,
526,425,473,
523,421,469,
527,420,469,
527,426,474,
536,429,480,
538,430,483,
538,434,486,
539,434,489,
530,427,480,
526,426,476,
520,416,467,
537,430,486,
532,429,487,
542,439,498,
541,443,502,
547,446,511,
547,448,514,
496,405,467,
494,411,475,
501,423,481,
510,434,501,
527,459,523,
525,467,526,
505,453,504,
515,469,519,
510,476,525,
501,469,516,
534,508,552,
536,512,557,
536,517,559,
533,515,557,
536,516,556,
533,519,560,
531,514,557,
540,524,564,
547,537,578,
532,524,566,
537,525,563,
548,540,580,
558,546,587,
558,548,589,
559,549,591,
563,548,592,
564,553,590,
561,555,589,
562,554,589,
564,552,591,
563,554,588,
560,551,582,
561,542,577,
561,528,573,
557,513,569,
561,506,561,
543,483,541,
509,433,488,
536,448,508,
533,439,502,
521,426,488,
510,415,471,
529,425,487,
502,402,458,
510,409,466,
510,407,463,
510,409,462,
505,403,456,
505,400,451,
502,397,450,
504,399,446,
500,393,436,
498,392,435,
499,388,433,
500,389,431,
499,387,433,
499,388,437,
499,391,438,
500,391,439,
512,402,446,
508,396,441,
503,389,437,
503,393,436,
500,387,437,
501,392,436,
497,389,437,
498,387,436,
501,392,435,
503,397,438,
500,388,435,
502,394,435,
501,393,441,
510,401,445,
515,405,447,
514,404,449,
511,399,447,
515,402,448,
513,403,451,
517,407,450,
518,404,452,
515,407,455,
517,410,452,
