557,441,498,
557,441,497,
555,444,498,
555,443,499,
557,445,497,
556,440,497,
558,444,498,
557,442,497,
556,444,500,
556,445,502,
555,447,502,
557,443,500,
552,443,501,
556,443,499,
553,442,502,
554,444,503,
556,445,504,
558,446,506,
555,451,508,
555,450,510,
557,451,511,
557,457,515,
559,452,517,
559,457,521,
556,456,530,
558,461,531,
555,464,539,
556,466,546,
556,473,550,
556,478,556,
559,480,560,
561,486,500,
556,488,569,
557,490,573,
557,497,579,
559,500,581,
558,505,582,
561,508,583,
562,509,586,
563,509,586,
563,511,591,
563,516,591,
561,518,595,
563,524,598,
561,525,597,
564,530,601,
563,531,602,
565,534,603,
564,539,608,
565,541,611,
565,542,609,
568,544,610,
569,550,611,
566,551,615,
569,556,617,
569,560,617,
568,562,616,
570,562,615,
570,563,617,
569,564,617,
568,570,617,
568,566,615,
568,569,619,
570,568,618,
569,569,617,
571,568,617,
572,570,617,
569,568,619,
570,569,617,
568,570,621,
568,566,619,
568,566,619,
565,560,619,
569,555,616,
569,549,615,
569,542,611,
566,535,607,
565,525,606,
567,512,598,
564,495,587,
563,480,570,
565,477,552,
562,475,543,
563,465,534,
562,462,524,
562,452,517,
560,449,514,
559,451,510,
559,449,505,
556,447,500,
558,446,496,
556,444,497,
557,441,495,
556,439,491,
557,439,491,
559,439,486,
554,437,488,
558,437,487,
558,437,484,
558,439,488,
560,436,483,
555,435,487,
557,438,477,
554,436,484,
557,435,486,
558,434,487,
555,438,491,
557,441,490,
557,440,490,
557,436,491,
555,439,491,
556,435,490,
555,439,492,
