559,440,480,
559,441,480,
559,441,481,
559,440,480,
559,441,480,
559,441,481,
559,441,480,
559,440,481,
559,440,481,
559,440,480,
559,440,481,
558,440,481,
559,442,481,
558,440,481,
558,440,481,
559,441,482,
559,442,482,
559,442,482,
558,441,482,
559,441,483,
558,442,484,
559,443,485,
559,443,486,
558,443,487,
558,444,488,
559,445,490,
560,446,492,
558,446,492,
558,447,494,
560,449,497,
560,451,499,
559,450,501,
560,452,503,
552,448,500,
554,451,503,
553,450,504,
549,450,503,
547,449,503,
546,450,505,
543,449,506,
547,455,513,
545,455,513,
543,456,513,
549,463,523,
558,475,535,
561,478,539,
563,484,544,
563,487,548,
563,490,550,
564,494,553,
564,498,556,
564,502,539,
565,505,563,
565,511,565,
567,514,568,
566,516,565,
566,520,571,
567,525,570,
568,531,576,
567,529,579,
569,533,582,
570,537,585,
571,540,586,
571,541,588,
571,543,588,
571,545,590,
571,546,592,
571,546,593,
572,548,594,
572,550,595,
570,549,592,
569,549,591,
556,536,578,
555,534,576,
555,534,576,
554,534,575,
554,535,575,
554,536,573,
559,537,574,
567,542,579,
564,536,574,
565,532,571,
566,524,567,
568,518,563,
567,513,556,
567,509,553,
567,505,549,
566,502,545,
566,495,539,
565,490,534,
565,487,530,
568,486,529,
565,480,525,
564,476,521,
558,467,510,
560,467,510,
558,464,506,
558,461,504,
557,459,500,
558,458,499,
557,455,495,
560,456,496,
557,452,493,
559,451,492,
561,451,489,
562,450,483,
557,444,484,
557,444,483,
556,442,481,
553,439,475,
550,435,475,
554,438,476,
555,439,477,
552,436,473,
552,436,473,
554,438,475,
555,437,475,
556,437,476,
555,437,476,
555,435,475,
554,435,476,
555,435,475,
555,435,475,
556,434,476,
556,434,477,
556,435,476,
557,435,476,
556,435,476,
556,436,476,
557,436,476,
557,435,476,
556,435,476,
556,434,477,
556,436,477,
557,436,478,
