556,447,503,
554,445,503,
555,447,502,
554,445,502,
557,449,501,
553,447,499,
555,444,501,
555,444,503,
554,449,503,
555,444,501,
552,444,503,
553,443,501,
554,448,502,
553,448,504,
555,445,503,
554,451,507,
555,448,509,
553,451,508,
554,453,515,
557,451,518,
558,456,519,
556,459,524,
558,460,529,
556,463,540,
558,465,541,
557,470,548,
560,476,556,
556,481,563,
558,490,572,
559,496,572,
560,499,578,
560,506,580,
561,509,587,
560,514,591,
560,517,595,
562,521,594,
562,528,604,
562,533,604,
563,539,603,
565,543,607,
568,546,608,
566,550,611,
567,552,611,
567,556,614,
568,563,618,
569,563,617,
570,570,618,
568,569,620,
571,571,621,
570,572,620,
570,571,620,
570,573,618,
572,572,619,
569,573,621,
570,574,620,
572,571,616,
573,565,612,
573,555,616,
573,546,613,
571,536,611,
572,530,603,
568,521,596,
567,509,579,
565,500,566,
565,484,554,
565,476,542,
563,471,537,
565,465,526,
565,463,519,
562,457,517,
564,455,510,
561,452,506,
564,450,503,
564,445,496,
560,447,496,
559,441,494,
561,440,489,
560,435,485,
557,434,481,
559,434,487,
559,433,486,
555,434,485,
557,436,487,
556,438,487,
559,432,486,
555,436,488,
559,437,483,
558,433,483,
557,438,484,
558,438,486,
560,439,487,
559,434,487,
556,435,488,
555,437,489,
556,440,489,
555,439,491,
