550,438,482,
550,438,481,
550,438,481,
550,438,481,
551,438,482,
550,438,482,
550,439,482,
550,439,482,
551,439,482,
550,438,482,
551,439,482,
551,439,483,
550,440,483,
551,440,483,
550,439,483,
550,440,483,
550,439,484,
550,439,485,
551,441,486,
550,441,486,
550,442,487,
550,443,488,
550,444,489,
550,444,490,
550,447,493,
550,447,494,
551,447,494,
550,448,496,
551,449,497,
550,449,499,
554,454,504,
552,450,502,
556,455,508,
551,452,505,
552,453,508,
552,454,509,
552,455,512,
552,456,513,
552,458,516,
557,463,523,
559,465,527,
559,466,529,
559,467,532,
560,469,534,
560,470,536,
560,470,538,
561,471,540,
562,473,542,
561,473,544,
562,475,547,
561,475,548,
561,476,550,
562,477,552,
561,479,552,
562,481,554,
561,485,554,
561,485,555,
561,483,555,
561,485,557,
561,486,560,
562,487,561,
563,488,563,
563,490,566,
561,491,565,
562,494,567,
562,497,569,
563,503,573,
563,504,574,
563,506,576,
564,508,579,
564,509,581,
564,511,583,
564,514,584,
563,514,587,
561,515,586,
560,518,587,
560,520,589,
560,528,589,
563,525,595,
561,526,595,
560,527,595,
559,529,595,
561,534,599,
559,534,598,
558,535,598,
559,539,601,
560,541,602,
560,543,603,
560,547,604,
561,550,605,
562,555,606,
564,560,609,
567,568,615,
568,574,617,
568,576,617,
568,579,617,
569,581,619,
569,582,618,
569,584,619,
570,585,619,
569,585,620,
570,585,621,
570,586,621,
571,585,621,
571,583,621,
571,580,619,
571,576,620,
571,572,620,
570,567,617,
571,556,616,
571,541,606,
570,533,601,
570,530,598,
569,525,593,
569,526,586,
568,512,577,
568,512,569,
567,502,564,
566,498,558,
566,491,551,
566,485,544,
564,481,537,
565,479,530,
563,472,523,
562,469,518,
563,467,514,
562,463,508,
562,460,503,
562,458,498,
562,456,496,
562,454,494,
561,452,491,
560,450,489,
563,450,488,
561,447,485,
562,447,485,
561,445,482,
560,444,480,
559,442,479,
559,440,478,
559,439,477,
560,440,477,
559,437,476,
559,437,475,
560,437,476,
561,436,476,
561,437,476,
562,437,476,
561,437,476,
561,437,476,
561,437,476,
561,438,477,
561,437,477,
561,437,477,
561,437,477,
560,437,476,
