545,430,477,
544,430,478,
545,431,477,
545,431,478,
544,431,478,
543,431,478,
543,431,478,
542,430,478,
541,430,478,
540,430,477,
535,425,473,
534,425,473,
533,425,474,
532,426,475,
532,426,474,
532,427,476,
532,429,479,
533,431,481,
536,435,487,
515,420,468,
509,416,467,
508,417,468,
502,415,467,
499,414,465,
541,452,508,
537,452,507,
513,434,486,
510,436,489,
499,430,482,
501,435,488,
543,475,534,
529,468,524,
532,476,532,
487,443,488,
491,454,505,
502,462,508,
495,459,503,
529,494,540,
536,503,548,
503,476,518,
537,509,552,
527,502,544,
550,527,568,
546,525,565,
552,534,573,
554,538,576,
554,541,576,
551,541,575,
556,548,581,
558,552,583,
560,555,585,
560,557,586,
560,558,585,
561,558,586,
562,560,587,
562,560,587,
563,561,588,
563,560,587,
563,560,587,
563,557,585,
563,552,585,
564,550,584,
562,544,580,
555,532,569,
563,532,573,
566,529,573,
566,527,572,
565,523,569,
564,516,564,
563,508,559,
563,503,555,
562,500,552,
562,495,547,
562,489,540,
561,483,535,
527,448,499,
513,434,480,
489,411,456,
511,425,471,
449,372,412,
514,422,468,
511,417,464,
512,415,461,
488,392,435,
457,367,409,
468,371,412,
456,363,402,
502,396,441,
516,408,451,
518,404,449,
520,407,450,
531,414,460,
554,431,477,
556,432,478,
557,432,478,
557,432,477,
551,427,472,
512,399,438,
512,398,439,
508,394,434,
508,393,433,
506,393,432,
505,391,430,
506,394,431,
504,390,429,
502,389,429,
501,390,429,
501,388,428,
496,386,424,
497,387,424,
497,387,426,
496,384,424,
