531,422,473,
533,423,469,
530,421,473,
534,421,471,
530,420,470,
530,420,473,
531,418,470,
531,424,471,
530,423,473,
531,423,472,
533,422,473,
529,423,470,
529,423,471,
532,421,471,
529,420,474,
528,422,475,
530,424,475,
529,423,478,
526,426,482,
530,429,483,
533,431,493,
530,432,495,
527,431,494,
529,433,494,
530,433,499,
527,435,505,
523,435,507,
521,439,510,
521,441,511,
517,445,514,
519,452,517,
524,462,528,
521,471,532,
521,477,535,
523,487,539,
522,489,543,
524,495,543,
524,500,542,
524,502,547,
526,506,550,
525,508,554,
526,515,556,
523,515,560,
522,516,560,
534,529,566,
531,522,565,
527,520,556,
522,519,555,
518,510,547,
547,539,580,
549,545,583,
541,534,573,
539,535,572,
510,504,544,
506,502,535,
497,496,528,
511,510,547,
516,515,549,
541,541,575,
528,521,552,
549,533,572,
551,527,568,
552,515,560,
532,486,540,
535,476,533,
525,453,511,
507,423,478,
546,443,507,
552,447,511,
554,445,503,
543,437,491,
522,416,467,
521,416,467,
524,417,463,
542,427,473,
540,424,469,
524,408,453,
540,421,470,
530,412,456,
528,410,454,
536,415,461,
520,403,452,
522,403,451,
518,402,450,
520,402,451,
518,405,449,
517,406,449,
520,405,445,
519,406,448,
520,403,447,
518,406,448,
515,403,448,
518,404,449,
513,401,443,
509,398,445,
511,402,444,
513,401,446,
514,397,443,
513,398,443,
