551,440,490,
554,438,487,
552,436,489,
553,440,487,
554,439,488,
555,437,488,
551,436,491,
549,438,490,
552,442,490,
551,440,492,
549,440,491,
550,441,491,
550,437,487,
551,438,489,
550,438,493,
547,438,497,
548,442,498,
547,443,499,
549,444,506,
550,444,507,
551,449,514,
544,448,510,
537,444,510,
527,438,500,
536,447,515,
527,443,509,
515,436,499,
540,463,531,
537,467,530,
501,448,504,
506,456,510,
492,453,497,
487,456,496,
484,454,494,
484,462,497,
491,466,503,
484,464,499,
528,512,555,
557,535,579,
559,541,582,
545,529,573,
560,540,580,
554,533,577,
517,499,541,
552,533,576,
547,529,569,
553,537,578,
558,539,579,
559,536,581,
562,541,583,
562,544,583,
564,544,582,
562,542,583,
563,542,583,
563,545,584,
565,550,583,
565,550,579,
566,546,577,
565,542,573,
563,530,566,
562,515,557,
528,472,524,
520,459,512,
534,463,519,
541,456,516,
537,444,503,
554,451,513,
557,452,518,
556,449,517,
544,442,504,
544,438,501,
552,442,502,
551,439,499,
553,439,498,
500,397,450,
526,417,469,
507,397,444,
524,413,463,
547,431,477,
552,430,482,
522,401,453,
518,400,453,
516,403,452,
518,403,454,
519,404,449,
518,405,452,
521,405,451,
518,405,450,
519,401,450,
520,404,447,
518,404,453,
520,402,452,
518,404,447,
517,405,452,
519,402,452,
521,408,449,
517,404,453,
519,406,451,
519,407,451,
518,404,452,
519,401,451,
517,402,447,
