529,421,463,
528,419,461,
527,420,460,
528,420,462,
528,421,461,
528,420,462,
528,421,462,
528,420,462,
529,421,463,
528,421,463,
528,422,463,
528,420,463,
527,421,462,
527,421,463,
527,421,464,
527,422,465,
525,420,464,
525,420,465,
525,420,465,
525,421,466,
525,422,468,
525,422,470,
524,423,470,
523,422,469,
520,420,469,
522,424,471,
523,425,473,
524,426,476,
522,426,477,
518,424,475,
523,429,482,
552,455,511,
539,444,501,
553,458,518,
556,462,524,
522,435,495,
524,438,500,
536,450,516,
523,441,506,
523,443,509,
525,446,513,
524,447,516,
524,448,518,
525,449,519,
523,451,520,
526,452,523,
526,454,526,
527,456,528,
535,465,538,
544,474,547,
554,484,560,
556,487,563,
549,483,558,
551,487,563,
552,489,562,
556,494,570,
550,489,564,
549,492,566,
550,493,567,
549,494,568,
548,495,568,
543,492,564,
540,492,563,
547,501,572,
532,490,557,
559,516,586,
560,519,588,
560,520,589,
561,524,592,
561,524,592,
557,523,589,
529,497,561,
519,499,564,
514,484,544,
542,514,576,
548,521,584,
518,493,553,
491,457,523,
528,507,564,
556,537,596,
550,532,589,
516,503,555,
495,484,534,
517,511,557,
520,517,561,
532,532,574,
533,535,576,
534,538,577,
534,539,577,
533,538,577,
534,539,577,
523,527,565,
533,536,576,
533,534,576,
525,524,567,
518,512,559,
543,529,582,
564,541,601,
564,535,597,
564,528,589,
564,521,579,
563,511,570,
562,499,561,
562,494,557,
562,493,554,
561,490,549,
562,488,544,
560,480,536,
561,475,530,
560,472,524,
560,470,518,
559,468,512,
560,463,506,
560,459,501,
561,457,498,
561,455,494,
561,452,492,
561,450,489,
559,449,487,
561,448,486,
560,445,484,
559,442,482,
559,441,481,
560,441,481,
559,438,480,
559,437,480,
558,438,478,
559,438,478,
559,437,477,
559,437,477,
560,436,477,
558,437,477,
559,437,477,
559,437,478,
560,438,478,
558,438,478,
