551,437,479,
550,436,478,
549,435,476,
547,434,476,
545,432,473,
543,432,473,
544,431,473,
544,431,473,
543,431,473,
543,431,472,
541,430,471,
539,429,470,
537,428,469,
535,425,467,
534,426,467,
535,428,470,
536,429,471,
539,432,474,
543,436,478,
543,436,479,
556,448,492,
559,451,496,
560,452,498,
560,454,499,
560,455,501,
532,437,484,
533,433,480,
533,435,483,
533,435,483,
532,436,485,
532,437,487,
531,437,488,
531,437,491,
535,441,497,
542,449,506,
542,449,508,
555,462,523,
556,464,527,
552,461,525,
512,428,489,
513,428,490,
524,439,503,
511,430,493,
511,430,494,
513,432,496,
515,434,499,
528,447,514,
528,447,515,
560,475,548,
562,478,550,
561,479,552,
552,477,545,
537,472,532,
540,474,536,
549,475,547,
553,477,551,
558,483,558,
561,488,561,
561,492,563,
559,497,562,
559,505,564,
562,495,568,
561,497,567,
562,535,570,
562,536,573,
563,504,573,
564,505,575,
563,507,576,
564,512,579,
565,509,580,
565,511,582,
565,511,583,
563,508,582,
562,509,582,
564,524,586,
566,518,589,
566,521,592,
565,571,593,
567,535,595,
567,548,598,
567,542,599,
567,550,601,
567,532,602,
568,536,604,
568,537,605,
568,537,606,
569,540,607,
567,540,606,
567,547,607,
568,578,609,
568,556,610,
568,561,611,
569,560,613,
569,552,614,
569,553,613,
569,553,613,
570,555,613,
569,554,614,
569,555,614,
570,554,614,
570,553,614,
571,552,614,
570,549,613,
570,547,611,
568,543,610,
568,539,607,
568,532,600,
566,530,592,
565,532,589,
564,532,585,
564,523,580,
564,534,572,
564,510,567,
564,503,564,
564,501,561,
563,499,556,
563,494,552,
563,490,548,
562,490,546,
563,490,546,
564,487,544,
562,483,539,
563,480,537,
562,478,534,
562,476,532,
564,477,532,
565,475,530,
564,472,526,
563,470,523,
564,470,522,
564,469,521,
564,467,519,
563,465,515,
563,464,514,
560,460,504,
562,461,506,
562,459,504,
563,459,503,
562,458,501,
562,456,499,
561,455,496,
561,454,495,
561,454,495,
561,453,494,
561,452,493,
561,451,492,
560,449,490,
558,447,487,
558,447,486,
560,447,487,
559,445,486,
557,443,483,
556,442,483,
557,440,482,
557,441,481,
556,438,480,
554,437,479,
554,436,477,
552,434,476,
550,433,475,
549,432,473,
546,431,471,
545,429,469,
545,430,470,
545,429,469,
546,430,471,
546,431,471,
546,430,472,
546,431,473,
547,431,473,
547,432,473,
547,432,474,
548,433,475,
548,432,475,
547,433,475,
