499,400,445,
500,402,447,
501,403,448,
500,403,449,
501,403,449,
502,404,449,
502,404,450,
502,404,452,
502,405,452,
502,405,453,
502,406,453,
503,406,454,
504,406,454,
504,407,455,
503,406,455,
503,407,456,
503,408,459,
503,410,462,
502,411,464,
501,412,464,
499,412,464,
522,433,488,
510,425,480,
510,425,480,
522,438,495,
522,440,497,
521,443,501,
521,445,504,
521,450,509,
513,446,505,
502,441,500,
519,461,522,
517,465,523,
519,475,529,
518,479,531,
466,433,480,
471,442,487,
488,463,507,
507,482,528,
501,484,493,
465,447,484,
464,449,487,
465,451,488,
466,453,489,
534,521,561,
503,491,531,
490,479,513,
497,489,524,
517,511,545,
488,484,513,
501,497,527,
507,505,536,
517,517,548,
524,523,553,
505,504,533,
505,503,533,
502,499,528,
495,492,521,
503,497,528,
504,496,530,
509,496,532,
507,492,528,
503,486,522,
495,475,511,
516,489,529,
521,486,530,
520,477,526,
528,477,531,
521,463,521,
511,450,506,
507,446,500,
494,430,484,
490,424,476,
515,442,496,
512,434,490,
508,429,484,
503,422,476,
516,429,484,
536,442,499,
532,437,493,
516,422,477,
496,404,457,
500,406,457,
515,417,467,
497,415,465,
542,436,486,
516,413,461,
518,414,462,
521,415,462,
523,416,463,
516,409,456,
495,392,436,
504,398,443,
504,396,442,
486,383,425,
488,382,425,
496,388,431,
505,394,435,
525,410,454,
526,411,455,
528,412,456,
515,401,444,
495,385,427,
503,393,433,
511,396,438,
511,397,438,
514,400,443,
516,401,444,
519,404,446,
521,406,449,
520,405,447,
