443,328,462,
443,328,462,
443,328,461,
443,328,463,
444,328,462,
443,328,462,
443,329,460,
460,340,477,
470,348,488,
479,355,497,
481,357,499,
486,361,506,
455,338,477,
444,331,467,
445,331,468,
457,340,479,
457,342,400,
456,341,472,
446,338,466,
449,335,485,
447,334,487,
455,354,503,
441,355,502,
447,370,517,
441,371,380,
449,382,495,
443,383,492,
445,386,493,
441,384,477,
453,396,471,
455,398,456,
455,399,471,
457,400,472,
459,398,467,
455,395,455,
458,396,450,
458,384,445,
461,368,416,
462,348,355,
489,340,330,
487,347,398,
518,368,417,
522,366,409,
527,368,363,
527,369,397,
526,369,432,
526,369,436,
525,371,443,
525,370,453,
525,371,455,
525,372,460,
525,372,469,
526,373,463,
526,375,445,
526,375,444,
528,377,446,
527,379,450,
531,382,463,
524,384,468,
527,386,475,
526,388,506,
465,345,468,
493,382,531,
459,372,454,
486,398,496,
481,405,556,
487,421,556,
489,423,536,
478,416,569,
481,415,539,
478,418,572,
477,418,572,
481,425,579,
485,427,581,
491,433,587,
491,433,585,
493,428,579,
495,416,563,
493,386,543,
485,360,513,
533,384,479,
534,377,362,
537,372,420,
529,369,476,
527,369,526,
525,369,523,
524,371,522,
523,372,520,
523,372,470,
523,371,456,
523,371,460,
523,371,454,
522,374,498,
522,373,493,
522,379,509,
521,375,503,
519,376,518,
513,370,506,
515,369,516,
522,366,494,
530,360,487,
442,309,446,
443,307,450,
448,305,450,
443,306,344,
483,359,377,
480,375,421,
478,372,463,
456,376,397,
472,313,456,
521,368,479,
522,432,445,
523,377,402,
544,415,445,
522,429,475,
523,419,471,
526,422,470,
524,368,472,
523,398,480,
524,390,479,
525,394,478,
524,395,478,
525,392,480,
525,408,478,
525,401,479,
525,404,480,
525,404,482,
527,407,480,
525,408,480,
527,409,481,
527,416,481,
527,420,481,
527,422,481,
