498,403,442,
499,405,441,
499,403,441,
499,402,438,
499,402,436,
498,402,419,
498,402,420,
498,402,416,
499,403,415,
498,404,409,
499,412,420,
499,419,417,
498,416,409,
498,414,397,
498,414,393,
498,413,396,
499,412,409,
498,413,396,
497,415,378,
497,415,372,
496,413,372,
495,414,391,
496,416,395,
497,423,399,
499,421,458,
505,420,510,
500,426,414,
506,436,512,
506,454,443,
507,473,372,
505,483,432,
511,487,548,
510,490,571,
515,492,585,
514,494,585,
516,495,572,
516,495,575,
519,498,573,
518,497,575,
518,500,575,
518,500,573,
517,494,566,
518,497,566,
518,496,567,
519,495,563,
519,484,567,
518,455,560,
518,429,543,
515,410,506,
516,393,514,
511,382,499,
508,372,489,
509,363,464,
510,363,436,
504,368,426,
505,368,409,
508,369,450,
506,369,402,
504,370,369,
509,371,427,
509,371,448,
507,370,397,
507,371,381,
512,372,459,
511,373,398,
512,375,443,
513,378,465,
514,384,456,
511,377,410,
515,378,450,
509,382,452,
511,383,479,
509,388,455,
509,387,452,
508,390,459,
506,406,435,
515,423,432,
512,447,426,
514,463,538,
519,473,540,
526,478,585,
520,481,574,
520,484,579,
522,485,586,
524,487,596,
525,488,598,
525,489,600,
526,490,602,
527,491,607,
527,491,596,
527,493,600,
526,493,588,
527,494,579,
526,495,568,
525,493,514,
528,484,587,
527,475,585,
524,454,490,
522,439,550,
523,421,535,
522,410,527,
519,400,508,
519,393,489,
517,384,473,
514,379,465,
515,374,469,
514,377,465,
511,377,386,
511,378,413,
509,379,406,
508,379,360,
510,379,410,
510,379,414,
512,378,421,
513,382,431,
515,385,435,
513,386,330,
518,387,455,
514,389,433,
513,390,442,
513,393,437,
514,396,469,
513,400,460,
515,404,473,
514,408,479,
516,416,493,
512,437,478,
521,455,517,
525,465,571,
525,473,527,
527,477,607,
528,475,612,
524,474,568,
529,474,606,
530,474,603,
529,475,610,
529,476,606,
529,476,600,
530,477,600,
529,479,600,
529,479,601,
531,481,600,
531,480,600,
531,479,597,
531,478,591,
529,471,585,
529,455,581,
528,434,568,
525,414,545,
518,400,459,
524,387,512,
522,374,437,
520,368,486,
520,362,486,
515,370,389,
517,367,470,
516,368,461,
513,386,407,
511,367,383,
513,366,437,
515,367,457,
515,369,454,
513,374,402,
513,377,404,
515,376,451,
513,377,429,
513,375,454,
512,372,442,
511,372,456,
508,373,370,
509,372,466,
507,375,462,
505,384,450,
499,386,432,
492,399,400,
487,391,400,
483,392,319,
471,399,355,
466,411,373,
466,414,443,
459,411,405,
456,418,388,
456,426,421,
453,431,434,
454,443,434,
453,447,435,
453,454,433,
453,456,440,
454,453,444,
454,448,439,
452,446,428,
449,444,412,
454,443,442,
448,447,381,
451,446,418,
450,444,410,
