481,349,473,
481,350,474,
481,350,474,
482,350,473,
482,350,475,
482,351,479,
482,352,478,
483,352,479,
482,354,482,
483,354,483,
483,357,496,
483,359,494,
483,359,481,
484,360,480,
484,360,480,
484,360,480,
483,363,444,
484,362,481,
484,357,482,
483,366,483,
483,370,475,
483,372,513,
484,372,531,
488,382,479,
487,395,536,
488,409,490,
490,438,481,
495,438,529,
491,447,527,
489,452,505,
489,455,455,
491,453,525,
492,452,524,
489,445,559,
490,446,559,
493,448,530,
492,448,571,
492,452,583,
477,436,557,
463,425,549,
481,410,561,
489,420,573,
492,438,572,
495,414,571,
497,396,564,
497,383,503,
497,368,543,
507,361,457,
498,346,520,
495,306,485,
495,305,482,
491,312,495,
491,351,476,
490,349,464,
487,346,444,
485,336,469,
484,335,442,
484,333,414,
483,343,432,
483,343,459,
484,341,488,
488,312,485,
488,312,484,
487,313,486,
486,315,499,
485,317,501,
485,319,496,
486,313,442,
484,318,490,
486,325,474,
485,356,498,
489,332,425,
490,335,474,
492,383,412,
491,377,526,
492,424,553,
495,447,486,
496,449,561,
495,447,582,
494,448,583,
496,440,588,
497,442,586,
497,444,586,
500,446,588,
500,447,587,
502,451,589,
502,454,591,
503,455,591,
503,453,590,
503,451,590,
503,450,590,
504,429,584,
504,400,578,
505,384,569,
506,363,555,
506,341,537,
507,311,524,
504,316,511,
501,317,454,
498,315,427,
499,319,438,
498,330,461,
497,331,428,
497,331,430,
496,331,428,
496,332,426,
494,333,422,
494,330,431,
494,331,437,
494,331,492,
494,332,492,
493,333,499,
493,333,498,
490,331,497,
492,331,495,
485,331,493,
480,308,489,
477,307,484,
473,306,481,
469,332,479,
466,331,480,
463,331,424,
459,338,350,
455,337,460,
452,315,467,
451,359,446,
453,372,418,
453,371,409,
453,381,394,
458,389,387,
461,413,393,
456,398,392,
451,419,391,
448,426,391,
469,435,389,
446,419,388,
445,421,389,
447,421,389,
445,439,390,
445,448,390,
446,436,390,
446,439,391,
446,441,392,
446,441,392,
446,442,393,
446,442,393,
446,442,394,
447,443,396,
447,444,396,
447,444,396,
447,444,398,
447,445,420,
448,444,419,
448,444,417,
448,444,401,
