507,381,436,
508,382,438,
510,382,434,
510,381,439,
505,378,434,
498,373,428,
512,385,437,
517,388,427,
517,390,405,
514,390,425,
519,390,445,
516,391,444,
519,391,407,
520,390,396,
520,391,376,
520,391,379,
520,391,385,
520,391,394,
519,391,394,
519,391,388,
520,392,400,
520,392,393,
520,393,452,
520,392,408,
518,390,404,
520,393,462,
512,385,390,
510,381,461,
515,394,473,
516,404,417,
526,424,469,
523,441,463,
527,451,530,
520,455,485,
527,459,534,
516,459,463,
512,449,521,
517,454,526,
513,456,431,
523,459,535,
462,423,461,
464,408,474,
474,418,486,
474,418,486,
489,433,501,
482,422,502,
460,400,456,
457,393,392,
459,373,426,
456,349,416,
518,384,374,
519,377,393,
519,371,380,
517,368,388,
513,368,429,
514,368,419,
503,362,416,
507,366,422,
501,365,417,
496,363,370,
503,367,410,
505,369,388,
508,369,420,
508,370,423,
507,371,394,
509,371,424,
506,371,425,
504,369,416,
506,370,425,
504,371,387,
506,371,426,
508,372,405,
508,373,374,
507,375,374,
509,378,440,
510,383,447,
510,385,454,
493,370,442,
515,398,432,
516,404,489,
518,418,500,
477,399,457,
497,422,473,
489,432,446,
489,428,465,
499,437,495,
495,435,488,
492,437,472,
493,435,503,
487,430,497,
491,434,501,
488,431,498,
486,429,496,
475,420,486,
527,466,536,
513,455,522,
478,423,484,
508,453,517,
509,450,511,
508,436,501,
507,414,488,
505,391,471,
519,387,462,
524,378,458,
506,363,370,
518,367,425,
516,364,430,
512,362,423,
507,360,417,
504,359,351,
501,359,411,
505,361,416,
506,362,418,
506,363,417,
506,364,417,
509,365,404,
507,366,405,
509,367,403,
509,368,397,
510,369,414,
510,369,401,
512,371,429,
510,373,427,
512,374,431,
512,375,382,
513,378,441,
514,379,401,
512,384,415,
516,387,453,
505,379,457,
522,400,488,
501,406,483,
504,423,484,
505,435,454,
511,447,514,
516,454,524,
506,447,510,
506,448,512,
506,450,509,
508,451,518,
508,450,520,
508,451,522,
508,451,522,
508,452,522,
507,452,521,
508,454,521,
506,453,520,
505,454,519,
503,451,514,
499,446,506,
498,434,494,
499,415,478,
486,377,449,
474,350,424,
526,374,453,
524,370,441,
520,367,417,
519,365,430,
517,366,428,
514,364,424,
514,365,424,
513,366,422,
512,367,424,
512,366,425,
510,366,424,
511,369,425,
511,369,425,
512,369,428,
510,368,426,
511,369,429,
512,370,430,
512,372,353,
510,373,420,
507,373,407,
507,371,412,
507,367,428,
508,364,427,
508,357,401,
505,351,395,
494,342,406,
495,338,393,
513,343,415,
513,340,412,
514,330,405,
516,324,397,
498,309,382,
515,316,392,
510,312,383,
474,286,351,
467,294,347,
484,298,365,
516,398,387,
517,378,388,
515,334,390,
515,316,387,
516,318,388,
515,315,389,
516,316,387,
517,317,390,
517,316,390,
516,316,390,
515,317,390,
517,319,393,
507,321,395,
508,323,397,
509,324,399,
