519,372,416,
519,372,420,
519,372,423,
518,371,424,
519,373,426,
518,372,427,
518,373,427,
517,373,428,
516,374,428,
516,373,430,
516,373,431,
516,374,428,
517,374,393,
519,374,384,
519,375,391,
518,375,406,
518,375,373,
518,375,427,
518,376,378,
517,378,407,
517,381,418,
519,384,422,
522,387,427,
523,390,434,
520,391,451,
520,399,400,
518,414,493,
523,433,495,
523,449,462,
524,456,519,
522,461,515,
525,463,513,
525,465,531,
523,466,535,
524,467,496,
526,468,539,
526,469,540,
527,469,541,
527,470,542,
528,471,540,
528,472,540,
527,473,541,
526,473,540,
527,471,538,
528,466,532,
529,455,527,
529,446,521,
527,437,514,
528,423,496,
528,409,463,
529,389,435,
529,376,412,
528,372,443,
526,364,430,
523,363,415,
519,363,416,
519,363,387,
518,363,422,
519,364,419,
518,365,399,
519,364,418,
519,367,362,
519,366,347,
519,367,422,
519,367,423,
519,369,400,
519,368,405,
519,369,400,
519,369,415,
520,369,341,
520,370,346,
520,370,389,
520,370,378,
520,371,421,
521,372,424,
520,373,433,
518,374,427,
517,376,442,
518,380,387,
522,385,393,
521,387,384,
519,391,476,
521,402,461,
521,425,463,
525,440,439,
526,451,488,
527,458,472,
525,460,521,
527,463,463,
527,464,444,
527,466,484,
528,466,530,
528,467,489,
528,468,530,
528,468,532,
528,469,537,
529,469,537,
529,470,536,
529,471,536,
530,471,535,
529,470,534,
530,464,530,
529,451,525,
529,436,502,
529,419,458,
531,396,468,
531,377,333,
531,369,437,
529,361,439,
526,358,377,
523,357,406,
524,356,403,
523,357,415,
523,359,399,
523,359,383,
523,360,369,
523,361,351,
523,361,363,
523,362,367,
523,363,328,
522,363,394,
522,362,407,
523,363,378,
523,364,381,
524,363,408,
524,364,388,
523,365,418,
523,365,367,
523,366,392,
523,367,420,
524,369,426,
523,373,406,
524,378,410,
526,380,413,
528,387,414,
526,384,427,
526,391,426,
525,405,446,
526,429,376,
526,444,506,
527,454,517,
527,460,522,
527,462,528,
527,464,531,
527,466,504,
528,467,534,
529,468,533,
529,469,537,
529,470,540,
529,471,540,
530,471,540,
530,472,540,
530,474,539,
531,474,536,
531,474,535,
530,462,532,
529,455,527,
527,445,520,
528,437,514,
529,425,504,
528,410,491,
529,386,472,
528,377,459,
525,370,437,
527,364,400,
525,358,432,
523,358,391,
525,356,367,
524,358,421,
524,355,423,
524,355,423,
525,357,368,
524,360,409,
523,360,370,
524,353,392,
524,352,344,
523,348,397,
523,347,407,
523,343,419,
523,369,411,
523,369,421,
523,370,419,
523,370,395,
522,371,411,
522,371,419,
523,370,393,
