473,330,445,
472,329,444,
473,332,446,
473,332,445,
473,332,444,
474,335,443,
475,336,442,
474,335,441,
474,334,441,
475,334,441,
474,333,441,
475,333,440,
474,331,439,
475,333,438,
475,334,439,
475,333,439,
475,334,439,
475,339,440,
475,344,441,
472,361,441,
474,369,442,
473,372,442,
473,370,444,
477,373,398,
470,339,419,
467,350,406,
505,389,551,
469,396,402,
466,408,468,
461,415,549,
465,420,571,
464,429,565,
471,430,563,
470,433,557,
472,435,581,
470,432,561,
471,432,574,
471,433,581,
470,428,498,
470,433,523,
473,426,521,
473,422,519,
477,409,517,
478,410,497,
480,385,503,
480,368,390,
480,358,525,
478,351,438,
478,348,509,
474,344,475,
471,341,464,
472,340,428,
471,339,488,
470,339,417,
468,338,413,
482,339,414,
471,339,416,
472,340,417,
471,341,419,
471,342,418,
470,343,418,
470,349,418,
471,352,420,
471,348,463,
473,354,505,
473,353,523,
475,354,526,
474,356,529,
481,358,532,
479,366,504,
481,383,525,
480,389,526,
477,400,439,
482,397,463,
475,426,532,
471,426,552,
475,427,483,
476,433,489,
474,438,464,
474,439,491,
477,440,476,
475,439,482,
476,440,484,
478,444,486,
477,443,484,
476,442,484,
484,449,489,
471,410,473,
472,427,470,
476,399,468,
474,397,457,
480,401,385,
479,350,410,
478,335,376,
479,340,416,
477,325,418,
477,322,403,
477,323,399,
479,321,384,
484,323,366,
483,324,340,
480,325,354,
492,328,387,
485,326,391,
482,332,383,
500,344,416,
496,346,415,
474,337,399,
472,329,399,
472,327,398,
472,334,393,
469,332,385,
464,346,390,
466,335,394,
467,354,394,
455,340,387,
464,338,380,
465,342,396,
459,345,399,
460,346,359,
464,348,371,
463,351,390,
459,341,322,
473,359,375,
449,356,333,
439,350,380,
436,375,473,
439,355,413,
444,394,482,
428,395,434,
424,371,435,
421,371,430,
417,388,396,
441,393,379,
422,395,418,
414,418,436,
411,420,437,
409,422,465,
416,422,452,
410,423,464,
409,423,455,
410,425,461,
411,426,486,
415,425,470,
412,425,447,
412,425,412,
412,425,407,
413,426,407,
413,427,407,
413,426,407,
414,426,396,
413,426,393,
414,425,391,
414,426,390,
414,426,389,
