499,378,510,
497,378,510,
497,378,510,
497,378,510,
497,378,510,
498,379,510,
497,379,510,
498,380,511,
502,380,511,
499,380,511,
499,381,510,
501,381,510,
500,381,510,
498,381,510,
497,381,508,
496,383,459,
498,385,471,
501,383,505,
533,386,433,
512,387,466,
498,387,489,
499,388,536,
500,392,447,
499,397,468,
501,411,463,
500,426,462,
499,436,556,
501,452,547,
502,459,575,
504,463,486,
504,467,516,
504,470,510,
503,470,571,
503,472,571,
505,472,527,
505,472,532,
505,473,568,
506,474,572,
506,474,572,
499,468,563,
491,461,550,
490,459,546,
489,457,540,
489,453,533,
489,438,525,
490,425,520,
490,413,511,
490,399,499,
491,382,448,
492,377,418,
493,370,396,
490,365,436,
488,358,394,
489,359,413,
479,358,412,
487,357,449,
487,359,448,
486,359,449,
486,360,449,
487,360,444,
487,359,436,
487,360,366,
487,371,437,
491,380,445,
490,409,420,
491,414,438,
493,409,454,
494,412,457,
496,395,459,
497,395,462,
498,408,465,
498,421,468,
497,396,469,
495,408,473,
495,426,476,
497,448,383,
491,414,413,
492,416,445,
497,421,368,
497,429,511,
497,449,516,
498,470,488,
499,480,442,
497,490,547,
496,490,552,
493,488,554,
496,488,555,
495,488,556,
497,491,557,
497,491,556,
498,492,557,
498,491,555,
487,468,541,
480,463,531,
481,464,531,
480,461,525,
482,456,518,
481,428,448,
482,412,490,
481,389,450,
484,375,407,
485,370,353,
497,369,433,
505,368,384,
501,362,363,
500,362,432,
499,359,429,
497,359,393,
496,359,416,
495,357,404,
496,360,395,
511,371,422,
514,373,374,
514,375,364,
514,374,424,
514,377,419,
515,375,390,
515,376,390,
515,377,384,
515,376,437,
515,377,419,
515,377,431,
516,378,410,
515,378,443,
516,379,426,
516,379,444,
515,380,446,
515,381,446,
515,382,449,
514,383,452,
512,385,395,
495,373,430,
496,374,371,
493,376,482,
488,378,494,
486,392,474,
491,416,453,
496,434,437,
500,445,545,
503,453,540,
502,454,558,
503,456,559,
503,457,553,
504,458,562,
505,459,564,
505,460,564,
508,463,567,
510,465,569,
511,467,569,
512,466,567,
512,466,563,
514,461,556,
513,443,547,
513,419,471,
512,397,481,
512,373,399,
513,362,362,
510,355,424,
509,355,414,
507,354,405,
506,355,369,
504,353,384,
505,355,345,
504,354,375,
504,356,388,
503,355,400,
504,357,413,
505,359,415,
506,361,411,
507,360,369,
507,361,356,
507,365,355,
506,368,368,
506,397,416,
505,446,420,
505,452,365,
501,405,420,
500,402,403,
498,400,415,
498,404,388,
496,407,410,
493,408,359,
492,395,398,
489,420,373,
493,414,396,
480,439,388,
481,449,388,
478,465,387,
474,444,385,
466,440,385,
462,437,386,
460,440,388,
459,443,389,
459,440,389,
457,442,390,
457,442,391,
458,443,391,
459,444,391,
458,444,392,
459,445,393,
460,445,393,
460,445,394,
460,444,394,
461,445,395,
