485,382,464,
486,382,464,
486,383,464,
486,383,464,
486,382,464,
486,384,464,
487,384,464,
487,384,465,
487,384,466,
488,385,466,
488,385,466,
488,386,467,
488,385,466,
488,386,466,
488,386,468,
489,386,469,
490,387,471,
493,388,481,
497,390,487,
497,392,489,
496,396,493,
489,398,437,
503,407,512,
506,428,523,
511,443,502,
508,454,517,
478,462,531,
518,465,454,
519,467,558,
520,468,560,
521,468,562,
520,468,563,
522,469,563,
522,470,564,
521,472,564,
522,473,565,
522,473,562,
512,469,536,
509,465,529,
505,448,518,
509,437,530,
502,421,523,
502,404,494,
488,390,466,
494,381,453,
490,374,480,
480,370,472,
475,364,444,
459,364,393,
452,365,386,
479,365,455,
459,366,389,
477,367,451,
472,366,425,
468,368,416,
471,368,408,
462,369,367,
481,369,452,
479,369,442,
473,370,420,
467,372,408,
471,373,409,
472,374,407,
478,374,456,
484,372,468,
467,378,414,
487,380,474,
474,383,441,
486,385,474,
483,390,466,
493,404,484,
479,422,506,
500,436,448,
500,441,521,
479,445,452,
513,454,541,
516,455,551,
516,456,553,
516,456,554,
517,457,557,
518,458,558,
517,459,558,
519,461,558,
519,461,557,
520,462,559,
519,462,553,
517,460,547,
513,441,537,
509,427,525,
499,409,505,
501,389,503,
469,383,427,
487,372,470,
479,363,455,
474,359,399,
479,355,446,
473,359,436,
476,360,429,
460,361,376,
476,362,440,
477,363,439,
472,363,425,
477,363,435,
470,364,411,
480,365,447,
483,364,448,
478,368,419,
474,369,447,
485,368,454,
484,369,428,
485,368,460,
479,374,439,
475,375,430,
490,377,476,
475,382,427,
483,386,459,
503,400,514,
500,426,478,
477,445,526,
512,451,543,
506,450,533,
503,455,518,
505,457,523,
503,458,520,
505,460,523,
510,459,538,
517,465,541,
522,468,554,
523,468,560,
522,469,557,
521,469,553,
520,469,546,
518,471,539,
515,464,532,
491,442,516,
502,423,496,
498,402,478,
492,388,432,
488,376,449,
467,368,437,
485,363,440,
489,357,455,
487,358,451,
485,356,448,
462,359,413,
483,359,450,
484,360,450,
485,361,452,
485,362,453,
485,362,453,
486,362,453,
486,363,453,
487,364,455,
487,365,456,
487,369,456,
486,367,454,
487,366,456,
487,368,456,
483,368,452,
482,370,451,
472,373,441,
476,375,443,
465,378,383,
472,379,444,
464,383,380,
460,386,357,
445,391,436,
458,392,427,
458,403,421,
458,412,425,
464,423,431,
461,429,431,
446,439,397,
441,446,394,
438,451,394,
442,448,409,
437,450,398,
435,452,399,
437,455,399,
437,456,401,
437,455,399,
433,449,395,
436,450,400,
437,450,404,
436,450,405,
435,450,406,
437,451,408,
436,451,408,
438,451,411,
438,450,414,
439,451,413,
