518,383,439,
518,383,439,
518,384,415,
519,384,414,
516,385,416,
517,385,409,
520,385,415,
520,386,409,
520,384,419,
519,384,424,
519,384,415,
517,382,426,
514,382,427,
514,382,434,
512,381,431,
510,382,431,
500,376,423,
492,373,421,
473,361,398,
502,383,434,
501,380,443,
512,387,454,
510,387,445,
518,393,424,
516,401,487,
517,414,465,
484,398,473,
515,438,424,
513,444,495,
515,446,444,
525,452,527,
480,420,491,
490,431,498,
516,454,488,
520,456,528,
510,448,516,
506,446,514,
509,449,514,
523,464,530,
497,441,499,
479,426,488,
501,445,503,
508,447,500,
509,438,498,
502,414,480,
527,408,479,
522,386,461,
522,380,452,
518,374,393,
517,371,432,
512,366,420,
518,367,425,
495,367,397,
494,365,414,
497,367,419,
498,367,421,
496,369,421,
496,369,409,
504,371,423,
509,372,420,
508,373,426,
505,374,430,
506,374,432,
499,375,416,
504,373,408,
502,374,406,
502,376,402,
505,379,443,
506,382,446,
506,385,450,
511,387,454,
524,387,461,
510,390,467,
497,384,465,
475,382,422,
509,424,500,
497,430,461,
507,440,511,
523,459,451,
522,461,532,
488,432,497,
488,432,501,
489,433,502,
487,432,498,
517,460,531,
509,454,523,
519,464,534,
524,468,539,
523,468,536,
526,470,536,
526,461,526,
522,443,509,
522,429,502,
492,390,460,
528,402,478,
532,391,438,
532,382,382,
532,376,434,
522,366,426,
517,357,416,
524,363,381,
514,361,413,
501,356,410,
494,353,404,
502,359,412,
504,363,394,
504,365,391,
506,365,384,
505,367,393,
507,369,420,
508,369,424,
508,368,426,
507,373,420,
503,371,410,
504,369,421,
504,371,384,
502,370,348,
501,370,417,
495,372,358,
501,372,405,
509,381,400,
517,386,464,
488,378,387,
454,373,444,
491,407,477,
503,432,500,
500,435,469,
516,454,525,
514,456,529,
519,460,535,
522,464,539,
526,466,542,
525,467,542,
526,468,542,
524,466,541,
506,451,522,
483,431,499,
487,435,502,
526,469,539,
511,451,519,
513,441,515,
511,425,504,
496,397,477,
502,383,466,
505,373,455,
505,372,448,
513,371,450,
520,368,442,
521,362,433,
512,362,428,
507,360,425,
507,362,424,
505,362,420,
504,365,398,
508,365,422,
513,367,428,
514,366,428,
513,369,427,
514,368,426,
514,369,420,
515,369,431,
514,371,430,
509,364,428,
505,360,416,
508,355,378,
493,349,407,
489,346,414,
489,346,379,
490,342,417,
495,340,414,
495,337,411,
491,327,399,
473,308,387,
459,294,375,
489,306,378,
491,313,326,
499,312,391,
500,314,392,
507,315,392,
507,319,384,
503,319,392,
506,320,394,
504,321,392,
504,323,393,
504,322,394,
505,324,394,
503,323,371,
505,326,395,
506,326,395,
506,325,396,
