526,374,431,
526,374,430,
526,375,430,
526,375,431,
526,375,430,
526,375,420,
526,374,429,
526,377,430,
526,375,430,
526,375,431,
526,376,432,
526,376,432,
526,376,433,
526,377,432,
526,376,432,
526,376,433,
526,376,430,
526,376,428,
525,377,430,
524,376,434,
524,380,421,
525,383,392,
524,386,409,
526,387,418,
526,387,447,
503,374,447,
492,370,396,
492,376,443,
511,402,479,
472,382,383,
471,394,407,
473,404,439,
472,408,466,
474,412,462,
481,421,441,
485,427,374,
482,425,479,
482,425,479,
482,427,491,
478,423,491,
476,422,473,
477,422,473,
475,421,468,
479,425,457,
479,425,422,
470,414,419,
479,418,470,
496,425,455,
498,413,417,
480,380,398,
464,358,418,
524,384,407,
524,377,410,
524,374,418,
524,371,429,
522,367,424,
522,367,424,
523,368,423,
523,369,418,
526,368,412,
525,368,418,
526,368,410,
526,368,420,
526,368,418,
526,369,421,
527,370,424,
527,370,418,
527,371,407,
527,372,424,
527,372,425,
527,374,424,
527,374,428,
527,374,429,
528,374,430,
528,376,431,
527,376,433,
527,378,419,
526,379,431,
526,381,441,
526,384,441,
527,387,443,
527,389,452,
528,394,474,
529,402,458,
527,410,375,
526,422,445,
499,413,483,
498,426,418,
517,449,462,
520,453,488,
508,451,431,
461,410,450,
458,411,352,
481,434,416,
500,448,448,
513,462,457,
515,464,453,
518,465,481,
519,465,482,
517,462,465,
514,459,438,
521,455,514,
517,447,500,
521,437,392,
521,419,416,
520,398,425,
515,382,448,
524,377,442,
522,371,405,
520,364,416,
517,363,370,
516,363,397,
517,360,396,
514,356,389,
513,355,373,
513,357,397,
515,358,398,
513,358,382,
511,357,393,
509,357,400,
505,354,402,
501,351,400,
495,349,393,
483,341,391,
481,340,381,
487,348,374,
495,350,328,
497,352,338,
497,353,407,
497,356,396,
496,359,407,
496,360,416,
515,376,437,
488,363,429,
516,388,461,
509,390,463,
498,391,466,
456,368,336,
453,379,368,
452,385,428,
454,390,410,
451,390,398,
455,397,457,
478,420,456,
485,428,494,
489,432,456,
490,435,354,
489,434,445,
492,437,394,
492,437,423,
490,437,481,
495,441,419,
500,444,432,
496,435,456,
490,422,474,
493,413,437,
495,402,402,
497,381,437,
520,378,317,
519,369,371,
521,361,420,
505,350,377,
496,340,324,
494,339,367,
472,326,371,
478,329,374,
482,333,377,
482,334,335,
484,336,315,
482,336,354,
483,336,369,
482,339,351,
482,336,374,
480,337,355,
478,336,375,
477,336,381,
477,338,338,
