499,403,503,
500,404,503,
501,406,505,
499,406,498,
498,406,495,
499,407,496,
499,408,496,
501,409,500,
502,409,506,
502,409,505,
502,409,505,
501,409,501,
500,409,500,
500,407,501,
498,406,499,
496,404,498,
493,402,495,
488,395,489,
483,392,475,
483,394,489,
452,390,424,
456,382,442,
463,384,457,
470,385,462,
462,384,449,
482,386,503,
483,389,491,
516,399,587,
492,414,564,
490,426,598,
472,428,489,
486,440,497,
478,449,551,
492,451,507,
506,455,576,
494,453,541,
491,451,535,
482,454,530,
484,448,502,
491,447,549,
497,452,553,
462,448,464,
484,447,518,
490,456,519,
493,456,528,
491,459,520,
491,462,518,
493,455,528,
486,441,463,
481,418,506,
485,401,405,
467,381,480,
480,370,458,
478,366,456,
478,363,398,
461,357,455,
464,357,455,
449,352,445,
454,356,447,
452,354,446,
450,354,446,
439,355,414,
454,356,447,
430,358,370,
459,356,447,
458,356,449,
440,357,412,
459,356,450,
457,359,430,
450,358,425,
457,358,452,
459,354,452,
460,356,453,
461,358,456,
460,359,457,
459,362,461,
466,367,471,
467,369,477,
474,378,486,
480,378,493,
481,387,497,
516,405,575,
497,418,529,
481,424,506,
483,434,445,
492,442,498,
542,473,601,
504,451,550,
488,448,541,
493,453,585,
532,456,607,
524,457,605,
520,453,606,
535,471,628,
528,471,629,
515,460,615,
513,461,614,
510,460,610,
512,460,601,
509,457,599,
499,451,548,
499,440,550,
533,451,531,
519,423,527,
498,392,493,
494,384,424,
491,372,462,
487,369,463,
479,370,459,
480,371,456,
474,373,441,
483,373,460,
481,374,462,
480,374,463,
466,373,453,
480,374,464,
482,375,470,
513,377,538,
496,378,498,
498,381,505,
492,382,487,
473,385,444,
496,386,495,
513,387,512,
521,389,545,
523,391,546,
524,393,548,
487,397,473,
471,400,434,
488,402,476,
496,407,483,
483,411,447,
529,421,562,
489,438,431,
546,455,585,
525,462,517,
503,457,482,
519,465,564,
527,471,575,
532,473,583,
540,478,597,
531,456,587,
526,473,568,
516,466,560,
518,466,564,
516,468,556,
524,477,568,
533,484,579,
537,487,584,
539,486,585,
546,484,601,
543,475,597,
540,460,590,
538,437,581,
537,419,574,
532,408,566,
526,400,555,
470,393,543,
518,384,477,
476,382,520,
489,380,443,
492,379,476,
500,377,511,
489,377,489,
496,377,505,
485,371,491,
483,370,495,
490,375,500,
494,377,505,
493,377,501,
490,375,502,
491,375,504,
482,371,495,
494,377,508,
475,361,493,
473,365,485,
490,376,505,
493,381,507,
490,387,481,
501,390,512,
505,406,507,
514,408,524,
468,396,501,
490,398,440,
492,404,500,
468,405,448,
431,377,404,
461,416,476,
487,424,489,
491,426,478,
481,434,487,
477,435,486,
461,420,490,
466,427,468,
451,435,468,
440,418,465,
452,435,480,
456,435,488,
474,455,506,
479,452,522,
446,439,466,
475,437,507,
484,440,525,
469,428,527,
468,432,529,
467,431,529,
405,432,381,
408,433,384,
410,434,389,
