516,403,435,
515,403,432,
515,400,427,
515,386,419,
515,387,430,
515,388,428,
515,402,435,
515,404,438,
515,399,437,
515,389,434,
515,391,439,
515,391,437,
515,386,442,
516,394,452,
516,384,450,
517,401,446,
518,406,444,
519,390,440,
519,390,441,
520,417,442,
521,417,446,
521,417,471,
521,417,459,
521,419,468,
519,411,416,
521,403,442,
522,400,447,
521,403,474,
521,386,495,
521,406,453,
521,408,535,
520,462,445,
522,518,536,
520,502,530,
520,492,472,
522,467,569,
522,465,553,
523,465,565,
524,465,567,
524,466,571,
524,467,571,
522,465,564,
515,462,562,
514,463,562,
514,468,547,
514,513,472,
513,474,486,
514,498,489,
515,471,540,
515,432,529,
515,439,476,
514,399,444,
513,422,386,
511,404,459,
507,352,435,
506,389,417,
507,406,437,
506,409,426,
506,390,440,
506,397,458,
506,373,459,
506,373,465,
507,375,471,
507,372,477,
507,371,473,
508,368,450,
507,365,475,
508,368,429,
508,369,482,
509,369,481,
510,367,484,
509,368,486,
510,380,487,
507,396,489,
506,452,493,
507,439,499,
508,444,500,
509,452,512,
509,447,523,
510,464,513,
509,472,479,
515,444,507,
509,492,424,
512,473,511,
508,448,521,
507,457,512,
508,467,524,
508,479,528,
510,488,526,
511,483,532,
511,514,534,
512,507,535,
510,503,531,
498,483,519,
500,481,521,
497,499,514,
494,486,507,
489,484,497,
493,452,491,
495,442,486,
494,398,391,
496,434,399,
495,385,468,
495,376,453,
494,372,439,
492,371,432,
492,370,423,
489,374,413,
490,374,411,
490,378,448,
490,389,412,
489,390,459,
491,394,402,
491,394,445,
489,372,471,
489,388,474,
489,395,474,
489,395,474,
489,398,476,
489,401,476,
489,405,477,
490,404,478,
489,377,479,
489,377,478,
488,349,480,
489,376,482,
489,390,483,
490,412,475,
517,438,497,
520,438,506,
492,423,480,
490,442,479,
493,435,456,
493,438,459,
493,450,517,
518,496,562,
519,515,567,
505,513,565,
495,478,533,
493,516,519,
493,503,515,
493,507,513,
480,496,494,
487,507,509,
488,513,510,
494,522,516,
493,513,513,
490,504,505,
491,474,507,
496,483,508,
499,508,509,
497,443,502,
497,473,494,
497,428,482,
496,423,476,
502,429,467,
498,415,443,
510,476,363,
513,468,432,
495,405,422,
495,427,438,
495,444,452,
493,376,470,
494,371,464,
493,367,478,
493,400,479,
492,377,479,
492,364,475,
492,370,475,
495,456,471,
493,465,472,
494,466,474,
494,468,439,
492,401,393,
490,443,472,
490,422,464,
485,412,454,
484,413,453,
482,423,420,
488,407,391,
469,408,395,
472,366,391,
476,388,389,
478,412,322,
514,417,396,
516,428,402,
517,380,404,
518,369,404,
518,352,407,
519,424,432,
521,309,467,
520,311,480,
521,307,492,
522,318,496,
521,424,487,
522,391,398,
522,398,397,
522,349,397,
523,348,398,
522,348,398,
522,347,399,
523,347,399,
523,342,400,
523,339,401,
524,336,400,
524,336,401,
524,335,403,
524,334,401,
