481,360,415,
482,360,417,
484,361,416,
488,362,413,
486,361,398,
480,361,391,
480,361,401,
485,362,382,
482,361,405,
481,361,370,
480,360,401,
476,361,381,
474,363,360,
473,361,399,
473,362,371,
477,361,384,
475,360,387,
473,358,376,
473,359,358,
469,366,375,
483,367,370,
473,363,430,
487,364,492,
480,370,385,
457,396,479,
473,414,516,
526,421,504,
526,429,548,
474,413,524,
513,415,532,
533,419,542,
513,422,534,
492,421,512,
493,422,510,
496,424,512,
487,421,502,
504,436,515,
502,438,514,
470,423,427,
487,439,461,
508,427,518,
503,417,508,
495,397,487,
483,384,455,
491,374,463,
483,353,431,
455,344,430,
448,336,395,
449,341,421,
475,341,391,
465,332,398,
464,332,406,
468,335,435,
467,336,411,
465,334,400,
461,330,415,
459,330,431,
464,334,413,
462,333,417,
465,336,429,
466,339,438,
467,338,445,
466,338,445,
465,339,433,
466,344,472,
470,347,480,
468,349,476,
480,351,505,
485,354,458,
469,362,477,
475,366,499,
444,378,487,
485,396,506,
480,381,519,
498,423,492,
498,428,519,
477,435,464,
469,434,489,
473,436,426,
483,437,487,
491,433,503,
484,435,487,
487,435,520,
494,421,523,
498,425,526,
487,424,499,
488,419,501,
490,419,500,
489,410,495,
481,387,447,
440,368,451,
468,355,400,
465,349,440,
454,346,395,
482,340,410,
482,340,382,
482,340,310,
467,336,369,
431,328,392,
419,323,372,
427,323,393,
432,324,395,
429,325,387,
439,326,412,
442,326,421,
437,326,410,
437,330,408,
448,329,436,
451,329,438,
442,329,416,
450,333,431,
422,313,419,
408,313,373,
422,306,399,
384,298,392,
408,299,379,
425,304,343,
405,304,318,
416,304,319,
414,303,377,
418,303,351,
412,303,395,
420,298,309,
408,286,296,
477,329,445,
487,337,436,
487,335,427,
482,330,379,
485,330,408,
489,326,345,
494,324,393,
501,322,440,
501,323,449,
496,322,446,
496,321,446,
495,323,440,
496,323,458,
485,324,441,
482,324,431,
483,324,424,
486,325,440,
485,326,436,
491,327,454,
491,328,455,
496,329,463,
497,328,459,
496,330,456,
497,330,456,
494,331,444,
494,331,442,
495,332,442,
495,332,442,
499,332,448,
499,332,440,
