454,360,451,
453,361,455,
454,361,448,
454,361,450,
454,360,457,
453,361,455,
454,360,453,
454,360,446,
455,361,446,
455,361,439,
455,361,435,
456,359,438,
455,357,432,
455,354,429,
455,355,431,
456,368,436,
456,356,447,
455,355,428,
455,358,453,
455,364,393,
455,366,379,
455,362,372,
455,364,345,
455,373,407,
455,372,491,
455,410,450,
460,429,500,
456,396,515,
457,400,456,
451,404,496,
453,405,385,
453,410,453,
453,410,473,
453,411,491,
454,411,483,
454,412,465,
455,413,469,
458,415,502,
458,416,446,
459,416,408,
460,414,537,
459,404,452,
454,385,515,
455,370,517,
454,360,507,
458,352,401,
457,348,440,
456,344,417,
457,340,443,
456,337,409,
456,334,414,
455,334,317,
456,334,470,
455,335,460,
454,335,464,
454,335,393,
454,336,453,
454,335,373,
454,336,389,
454,337,370,
453,336,435,
453,336,462,
454,337,458,
454,338,418,
456,339,382,
452,338,395,
451,339,402,
452,341,460,
451,343,378,
451,344,415,
452,347,463,
451,346,425,
453,348,487,
455,350,435,
453,352,431,
455,361,409,
454,371,413,
455,383,425,
452,394,454,
455,403,396,
455,405,465,
456,411,458,
458,415,411,
459,416,380,
462,417,446,
462,419,424,
460,419,501,
461,420,502,
462,422,502,
462,420,501,
460,418,493,
462,416,484,
460,409,475,
462,403,473,
459,391,467,
461,378,456,
461,366,508,
463,357,446,
460,349,427,
465,349,416,
465,345,431,
465,343,468,
469,341,428,
466,340,443,
465,341,437,
465,339,404,
465,341,379,
466,341,402,
467,342,400,
468,342,380,
469,344,429,
468,344,419,
468,345,433,
468,345,431,
467,347,404,
468,348,393,
466,346,405,
466,348,409,
466,348,375,
464,349,350,
462,347,401,
460,350,315,
461,351,365,
457,353,378,
456,353,364,
453,354,434,
451,354,381,
450,355,361,
449,355,302,
447,358,343,
447,358,370,
446,359,426,
446,364,403,
447,365,362,
447,367,399,
446,368,440,
445,370,301,
442,370,364,
443,373,379,
444,374,440,
441,376,430,
444,377,437,
444,379,360,
441,379,374,
443,380,381,
440,381,374,
441,379,433,
438,380,431,
436,382,427,
437,380,445,
437,380,443,
438,382,374,
438,380,373,
427,372,363,
427,372,363,
425,374,376,
421,373,330,
417,373,385,
416,373,386,
415,374,383,
414,374,376,
415,374,376,
414,374,376,
415,374,376,
414,373,376,
415,374,374,
413,373,375,
413,374,358,
415,374,311,
414,374,369,
416,375,344,
415,374,362,
418,374,337,
418,374,370,
419,374,361,
420,374,370,
421,374,353,
422,375,308,
421,375,313,
420,376,318,
419,375,354,
416,375,372,
