529,376,429,
529,377,426,
528,376,423,
529,377,420,
529,377,411,
528,377,426,
529,377,431,
528,377,432,
528,377,432,
529,377,433,
529,378,433,
529,377,433,
529,378,433,
529,378,434,
529,378,434,
529,376,434,
529,378,435,
529,379,434,
529,379,436,
529,378,438,
529,380,440,
528,382,442,
528,384,446,
527,386,451,
528,388,461,
535,394,433,
526,407,477,
537,426,435,
536,444,500,
531,454,492,
532,459,476,
531,462,455,
530,464,516,
530,465,537,
532,467,525,
533,469,536,
534,470,541,
532,471,539,
533,471,540,
532,471,539,
531,471,538,
533,473,537,
533,471,455,
533,464,524,
532,449,487,
536,432,489,
532,404,468,
534,385,425,
532,372,433,
533,366,428,
531,366,361,
529,365,424,
529,366,410,
527,367,403,
527,367,406,
526,367,398,
526,368,398,
526,368,419,
526,368,353,
527,369,361,
526,370,383,
526,370,411,
526,371,368,
525,371,422,
525,371,371,
525,372,374,
525,372,427,
525,373,382,
525,373,428,
527,375,428,
526,374,428,
527,375,430,
527,375,338,
526,375,407,
526,375,400,
526,376,426,
526,377,436,
524,379,432,
524,380,443,
525,385,425,
521,385,413,
524,390,388,
524,402,438,
527,424,498,
527,442,475,
528,452,498,
528,459,503,
528,462,498,
529,464,529,
527,464,480,
528,465,497,
528,466,511,
529,468,424,
531,471,497,
532,472,481,
533,473,475,
532,471,472,
533,471,434,
531,467,521,
530,459,480,
532,448,466,
533,427,327,
533,401,428,
535,385,401,
533,375,389,
533,369,401,
528,364,354,
528,366,424,
501,367,421,
511,367,410,
515,368,419,
515,369,404,
517,369,421,
519,370,422,
518,371,422,
517,371,424,
520,373,424,
518,373,426,
517,373,427,
519,375,428,
518,376,428,
515,375,390,
519,377,432,
515,376,425,
518,377,433,
517,378,380,
516,379,405,
516,380,372,
518,383,380,
516,385,445,
517,388,446,
519,389,441,
522,396,466,
527,408,466,
527,427,461,
526,440,473,
526,452,510,
527,458,514,
524,461,505,
527,464,516,
522,466,516,
523,466,515,
525,466,471,
526,466,451,
527,468,510,
524,468,498,
523,470,455,
524,471,456,
525,471,455,
526,467,453,
525,461,497,
527,444,455,
527,424,391,
526,405,462,
526,391,405,
523,383,438,
528,379,444,
525,372,414,
523,365,425,
520,364,366,
522,364,419,
521,365,418,
520,364,418,
519,367,418,
518,366,419,
521,367,419,
517,367,421,
517,368,422,
518,369,423,
519,370,425,
520,371,425,
520,371,426,
521,372,427,
521,373,426,
521,373,428,
