496,383,452,
495,383,452,
494,386,452,
495,385,452,
495,383,452,
495,382,453,
496,383,453,
496,383,453,
495,384,453,
496,382,453,
498,384,452,
498,384,454,
502,384,455,
498,385,456,
500,385,456,
501,386,456,
500,386,459,
498,386,459,
516,386,460,
518,389,461,
497,389,466,
500,390,470,
504,390,480,
501,396,460,
510,406,423,
517,418,504,
521,429,527,
519,436,486,
494,441,499,
531,445,546,
523,447,509,
526,449,523,
533,450,557,
531,450,555,
531,452,557,
530,452,555,
531,453,556,
531,453,554,
532,455,552,
529,455,536,
521,455,519,
532,456,549,
525,452,521,
512,444,495,
487,424,505,
514,410,500,
528,400,540,
525,392,524,
525,386,532,
524,382,492,
524,377,523,
523,376,527,
521,371,515,
521,372,520,
520,371,521,
519,369,531,
520,371,536,
519,370,533,
519,372,533,
522,372,549,
518,372,521,
515,373,508,
518,373,525,
520,373,532,
523,377,548,
522,379,549,
524,382,561,
524,385,552,
526,384,556,
522,389,539,
522,390,536,
518,394,468,
521,401,521,
523,416,445,
520,429,487,
530,438,558,
530,443,571,
530,446,480,
532,448,568,
533,450,591,
531,453,609,
531,452,601,
531,453,600,
529,452,570,
524,454,535,
528,454,555,
527,456,549,
522,457,504,
522,457,576,
522,457,572,
530,458,572,
526,459,571,
529,454,566,
527,448,545,
526,437,530,
527,422,521,
525,408,509,
527,396,500,
527,390,498,
527,381,492,
526,379,494,
525,374,483,
524,373,460,
523,371,496,
528,369,496,
522,370,498,
521,370,494,
519,371,478,
520,373,488,
519,372,445,
521,370,486,
520,373,431,
521,373,476,
521,374,465,
520,372,466,
520,375,492,
520,375,490,
519,374,486,
520,374,490,
517,374,490,
517,375,491,
