524,386,467,
523,387,463,
523,387,467,
523,386,465,
524,386,467,
523,386,466,
524,387,468,
523,387,469,
523,387,468,
523,387,469,
524,388,455,
524,387,453,
524,386,471,
523,387,474,
524,387,477,
523,388,482,
524,387,465,
527,389,470,
536,389,517,
522,389,459,
521,391,529,
521,393,499,
528,393,536,
530,395,382,
530,396,465,
523,401,531,
523,413,562,
583,427,528,
527,439,510,
525,448,576,
526,453,594,
527,454,599,
523,455,600,
522,459,604,
525,458,559,
525,460,605,
525,461,609,
526,461,610,
526,464,611,
527,465,610,
528,467,606,
529,466,601,
528,453,591,
527,436,584,
527,419,569,
525,397,545,
542,384,528,
516,374,517,
497,355,490,
493,351,436,
500,358,489,
502,350,478,
504,361,426,
495,355,480,
495,355,483,
497,356,485,
503,359,488,
502,358,488,
501,358,486,
495,354,482,
488,348,473,
497,358,489,
502,365,497,
503,367,500,
503,369,503,
499,370,503,
503,377,451,
505,379,456,
505,383,500,
509,384,527,
505,396,536,
504,409,506,
503,423,550,
503,432,556,
502,437,537,
504,438,573,
503,438,556,
507,440,572,
512,440,580,
501,439,499,
502,442,556,
504,441,577,
504,442,582,
505,444,559,
507,444,578,
509,437,571,
510,424,567,
508,413,559,
514,403,480,
533,388,440,
511,377,517,
516,371,510,
528,366,470,
514,363,488,
508,360,484,
506,359,440,
504,358,492,
496,359,453,
511,356,480,
495,352,480,
487,348,477,
487,347,475,
489,346,474,
492,348,474,
491,347,475,
484,348,476,
490,349,479,
486,350,481,
483,350,480,
475,352,458,
471,352,442,
472,360,422,
482,362,450,
474,363,420,
486,367,503,
488,371,515,
491,380,457,
486,395,529,
488,407,498,
489,416,545,
496,423,551,
491,426,548,
489,426,539,
489,427,558,
490,429,556,
490,429,562,
486,428,563,
491,429,562,
489,431,565,
488,431,567,
493,432,567,
493,433,566,
493,432,564,
493,428,561,
505,431,560,
516,423,564,
470,364,472,
494,369,506,
507,367,488,
512,370,463,
539,371,510,
517,370,508,
518,371,459,
518,372,473,
517,372,503,
518,372,483,
518,373,502,
519,374,414,
515,372,453,
517,374,494,
518,373,492,
517,374,495,
517,374,483,
517,377,446,
517,376,496,
517,376,497,
517,377,459,
