509,394,444,
512,394,445,
512,395,446,
509,395,446,
507,395,447,
507,395,447,
507,396,447,
507,395,448,
508,395,448,
507,395,448,
509,396,448,
509,395,448,
511,394,448,
509,395,449,
506,394,449,
508,395,448,
508,396,447,
509,395,448,
509,396,449,
511,396,451,
510,396,454,
512,396,455,
511,398,458,
515,407,449,
512,415,463,
510,416,434,
518,420,480,
515,428,464,
496,410,463,
473,413,454,
460,409,450,
466,415,439,
465,427,429,
472,420,483,
459,409,391,
450,398,445,
446,396,455,
463,410,472,
462,409,472,
458,408,468,
452,406,465,
490,456,498,
498,478,456,
500,481,502,
502,484,455,
502,471,454,
495,460,443,
488,441,453,
500,432,470,
495,410,375,
499,405,443,
501,392,386,
521,409,440,
510,390,394,
522,382,431,
513,379,384,
512,363,418,
517,368,396,
523,400,375,
523,393,421,
522,391,421,
522,392,424,
522,397,423,
521,396,424,
512,392,425,
509,387,426,
508,387,429,
508,387,429,
506,387,417,
502,387,415,
504,388,433,
502,389,430,
498,391,374,
506,397,407,
509,400,449,
508,398,455,
519,407,471,
518,411,478,
506,419,406,
522,450,466,
522,464,515,
507,460,502,
499,445,506,
519,462,486,
519,465,532,
514,477,535,
523,489,544,
524,493,547,
525,495,498,
523,494,540,
472,442,473,
497,463,506,
502,461,473,
486,438,477,
479,405,463,
484,405,457,
490,370,435,
509,369,442,
536,390,430,
534,382,447,
534,375,438,
530,376,434,
528,372,433,
528,373,429,
528,372,421,
527,374,376,
527,373,428,
526,375,430,
526,375,415,
526,376,389,
526,377,428,
526,377,426,
526,377,428,
526,378,432,
526,380,436,
526,381,418,
525,382,423,
525,385,440,
523,385,424,
524,390,445,
525,393,452,
524,396,459,
524,400,469,
516,403,438,
520,421,464,
525,441,497,
526,452,446,
526,461,525,
529,467,519,
527,469,537,
526,472,537,
529,474,544,
529,475,545,
529,476,544,
529,476,546,
529,476,544,
529,477,544,
527,476,542,
500,450,511,
487,435,460,
490,431,491,
480,415,473,
510,431,499,
511,421,481,
487,387,455,
488,368,436,
521,383,441,
534,387,455,
533,382,438,
532,377,444,
531,372,436,
530,371,418,
529,371,373,
528,372,416,
527,372,427,
526,373,430,
526,373,431,
526,373,432,
526,374,433,
526,376,428,
526,374,434,
525,374,433,
524,376,433,
523,375,427,
521,368,422,
521,361,422,
519,357,422,
513,352,417,
517,354,417,
497,338,397,
500,337,404,
517,347,413,
518,343,407,
515,348,347,
505,380,318,
513,378,379,
515,363,392,
521,363,388,
519,446,389,
486,348,360,
468,316,347,
470,336,322,
474,296,352,
449,279,331,
459,341,341,
485,331,358,
516,357,380,
511,353,385,
504,353,359,
516,359,362,
525,362,384,
527,365,398,
528,362,399,
528,363,400,
528,363,399,
528,364,399,
528,363,399,
527,362,399,
527,359,397,
525,358,396,
516,348,389,
476,317,357,
