449,345,460,
450,347,417,
451,347,414,
451,347,412,
452,347,422,
452,347,422,
452,347,430,
452,347,416,
452,348,379,
453,347,358,
451,347,391,
452,348,384,
452,346,387,
453,347,397,
452,347,429,
452,347,422,
452,348,437,
452,350,413,
453,351,473,
454,356,483,
455,362,473,
454,354,379,
455,355,381,
454,357,428,
456,363,358,
456,372,368,
454,388,359,
457,403,441,
456,410,362,
452,413,459,
445,421,425,
452,421,474,
444,447,434,
441,446,477,
443,444,478,
444,437,480,
445,438,479,
447,444,480,
447,442,477,
449,432,479,
447,446,474,
447,422,462,
460,402,460,
462,384,508,
466,360,511,
464,350,443,
465,343,431,
467,339,463,
464,334,429,
461,331,405,
460,332,457,
458,332,346,
459,334,359,
461,336,405,
461,336,406,
461,336,447,
461,337,416,
464,339,333,
473,346,339,
475,348,398,
471,346,384,
471,348,399,
470,350,378,
472,351,416,
473,355,357,
471,357,424,
471,360,436,
472,361,443,
472,364,450,
472,369,445,
474,382,445,
472,392,438,
471,404,404,
466,414,479,
466,421,449,
470,422,482,
465,425,439,
464,425,491,
467,426,494,
467,427,492,
469,429,494,
472,431,493,
472,432,490,
467,430,486,
463,430,485,
457,426,481,
459,421,478,
459,415,473,
458,408,468,
464,396,466,
464,382,475,
465,366,482,
466,355,474,
467,348,492,
468,344,400,
465,338,472,
466,334,439,
464,332,460,
463,332,460,
464,333,410,
463,333,387,
464,333,380,
467,334,424,
466,334,405,
465,335,462,
465,336,459,
466,337,389,
466,339,351,
468,340,450,
467,339,414,
467,339,371,
460,339,389,
457,339,349,
465,339,410,
456,341,382,
463,344,380,
453,346,351,
446,347,369,
447,350,328,
446,351,316,
446,354,394,
446,356,358,
449,363,437,
448,365,325,
443,388,349,
441,435,392,
438,434,360,
436,409,361,
436,433,356,
436,439,349,
435,445,320,
434,443,353,
434,428,331,
433,441,367,
431,440,370,
431,441,323,
431,442,372,
431,442,327,
431,439,304,
429,434,343,
430,412,370,
430,411,364,
427,405,339,
428,436,369,
427,399,365,
427,401,357,
428,402,371,
429,402,377,
430,396,385,
431,394,380,
432,394,337,
