446,448,421,
445,447,421,
447,449,423,
450,453,426,
452,455,427,
453,455,428,
453,455,429,
453,456,429,
453,455,428,
454,457,429,
454,456,429,
454,455,429,
441,442,416,
447,449,423,
456,458,432,
460,463,435,
460,462,435,
448,451,425,
434,439,413,
437,438,413,
436,437,412,
438,437,414,
462,458,437,
481,474,455,
480,465,453,
458,435,434,
481,447,455,
484,442,458,
484,439,458,
484,437,458,
485,434,458,
484,432,458,
484,430,458,
484,429,458,
484,428,458,
484,426,458,
484,424,458,
484,421,458,
483,419,459,
483,417,458,
483,416,458,
483,414,458,
483,411,459,
483,409,458,
484,408,459,
485,408,459,
485,407,459,
486,406,459,
487,405,459,
487,405,459,
487,405,459,
487,405,459,
488,405,460,
488,406,460,
488,406,460,
488,406,460,
489,406,460,
489,407,460,
489,407,460,
489,407,461,
489,407,460,
489,407,460,
489,407,460,
490,408,460,
490,408,460,
490,409,460,
490,410,460,
489,412,460,
487,414,460,
487,419,460,
487,424,460,
487,429,460,
487,433,460,
487,436,460,
488,439,460,
487,441,460,
488,443,461,
487,444,460,
487,446,460,
487,448,461,
487,449,461,
488,450,461,
488,451,461,
488,453,461,
488,454,461,
488,455,461,
488,457,461,
488,456,461,
488,460,461,
488,461,462,
488,464,462,
488,466,462,
489,469,462,
489,471,463,
489,473,463,
456,444,432,
480,469,454,
488,479,462,
484,476,458,
471,465,448,
474,468,450,
488,484,463,
450,446,427,
452,449,429,
452,450,429,
451,449,429,
451,449,428,
455,453,432,
456,454,432,
457,454,433,
487,485,462,
484,482,459,
452,450,429,
449,448,425,
449,448,426,
447,446,424,
