12.3948,14.9561,18.1565,
12.3463,14.9561,18.1565,
12.3463,14.9561,18.1565,
12.3948,15.0149,18.1565,
12.3948,15.0149,18.2293,
12.3948,14.9561,18.1565,
12.3463,14.9561,18.1565,
12.3463,14.9561,18.1565,
12.3948,15.0149,18.0839,
12.3948,15.0739,18.2293,
12.3948,15.0739,18.2293,
12.4434,15.1927,18.2293,
12.4922,15.3126,18.1565,
12.6893,15.5552,18.2293,
12.8894,15.6166,18.2293,
13.1954,15.8021,18.2293,
13.4034,15.9271,18.2293,
13.6147,16.1804,18.3026,
13.8835,16.5032,18.45,
14.0474,16.5686,18.45,
14.3251,16.8331,18.45,
14.6084,17.1024,18.5242,
14.8392,17.2388,18.5242,
14.9561,17.4458,18.5242,
15.0739,17.5854,18.5242,
15.3126,17.7262,18.5242,
15.4334,17.9399,18.5242,
15.5552,18.0839,18.45,
15.6781,18.2293,18.5242,
15.8021,18.3026,18.45,
15.9271,18.45,18.45,
16.0532,18.5988,18.3761,
16.1804,18.6738,18.5242,
16.2444,18.7491,18.5242,
16.2444,18.6738,18.3761,
15.8021,18.3026,17.8683,
15.8021,18.3761,17.7262,
16.3732,19.1309,18.45,
16.5686,19.3644,18.5242,
16.5686,19.443,18.5242,
16.7003,19.6013,18.45,
16.6343,19.681,18.45,
16.7666,19.8416,18.5242,
16.7003,19.8416,18.45,
16.7666,19.9225,18.45,
16.7003,19.9225,18.5242,
16.7003,19.9225,18.45,
16.7003,19.9225,18.5242,
16.7003,19.8416,18.45,
16.6343,19.7611,18.45,
16.6343,19.8416,18.3761,
16.6343,19.8416,18.45,
16.6343,19.8416,18.5242,
16.5686,19.8416,18.5242,
16.438,19.7611,18.45,
16.3086,19.7611,18.45,
16.1804,19.6013,18.45,
16.1804,19.5219,18.45,
16.0532,19.3644,18.3761,
15.8021,19.2084,18.3761,
15.4942,18.7491,18.3761,
15.3126,18.6738,18.3761,
15.1332,18.5242,18.3761,
15.0149,18.5242,18.3761,
14.8975,18.45,18.3761,
14.7233,18.1565,18.3761,
14.4943,17.8683,18.3761,
14.3812,17.7262,18.3761,
14.2133,17.4458,18.3026,
14.1025,17.3765,18.3761,
14.0474,17.2388,18.3761,
13.9379,17.0346,18.3761,
13.8293,16.9,18.3761,
13.7753,16.7003,18.3761,
13.668,16.5686,18.2293,
13.5615,16.438,18.3026,
13.5086,16.3732,18.45,
13.4034,16.1804,18.3026,
13.3511,16.1166,18.3761,
13.299,16.1166,18.3026,
13.2471,15.99,18.3026,
13.1954,15.8645,18.3026,
13.0926,15.8021,18.2293,
13.0415,15.74,18.2293,
12.9906,15.6781,18.2293,
12.9399,15.5552,18.2293,
12.8894,15.4942,18.2293,
12.7889,15.3728,18.2293,
12.7889,15.3126,18.1565,
12.6893,15.1927,18.1565,
12.6893,15.1332,18.1565,
12.6397,15.0739,18.1565,
12.5904,15.0149,18.1565,
12.5904,14.9561,18.0839,
12.5412,14.8975,18.0839,
12.3948,14.7233,18.0117,
12.25,14.5512,17.8683,
12.1544,14.4943,17.7971,
12.0595,14.3251,17.6556,
11.8718,14.1025,17.3765,
11.779,13.9926,17.3075,
11.6869,13.9379,17.2388,
11.6411,13.8835,17.2388,
11.6869,13.8835,17.3075,
11.6869,13.8835,17.2388,
11.779,13.9926,17.3765,
11.7329,13.9926,17.3765,
11.8253,13.9926,17.4458,
11.779,13.9379,17.3765,
11.5954,13.7753,17.2388,
11.6411,13.8293,17.2388,
11.5954,13.7753,17.2388,
11.6411,13.8293,17.2388,
11.6411,13.7753,17.2388,
11.5954,13.7753,17.2388,
11.4595,13.668,17.1024,
11.4145,13.5615,17.1024,
11.3697,13.5615,17.0346,
11.4145,13.5615,17.0346,
11.4145,13.5615,17.0346,
11.4145,13.5615,17.1024,
11.4145,13.5615,16.9672,
11.4145,13.5086,17.0346,
11.3697,13.5086,17.0346,
11.4145,13.5086,17.0346,
11.4145,13.5086,17.0346,
11.3697,13.5086,17.0346,
11.3697,13.5086,17.0346,
11.3697,13.5086,16.9672,
