12.6397,14.3812,15.8021,
12.5904,14.4377,15.8645,
12.6397,14.4377,15.8645,
12.6397,14.3812,15.8021,
12.6397,14.3812,15.8645,
12.6397,14.4377,15.8645,
12.6397,14.4377,15.8645,
12.6397,14.4377,15.8645,
12.6397,14.4943,15.8021,
12.6397,14.4943,15.8645,
12.5904,14.4377,15.8645,
12.6397,14.4943,15.9271,
12.6397,14.4943,15.8645,
12.6397,14.5512,15.9271,
12.6893,14.6084,15.8645,
12.6397,14.6084,15.9271,
12.739,14.6657,15.9271,
12.8894,14.7233,15.9271,
12.9906,14.7233,15.9271,
13.1439,14.8392,15.99,
13.299,14.9561,15.99,
13.4034,15.0149,16.0532,
13.5086,15.1332,16.0532,
13.5615,15.1927,15.99,
13.668,15.3126,15.99,
13.7753,15.4334,16.0532,
13.7753,15.6166,16.0532,
13.8835,15.74,16.0532,
13.9926,15.8645,16.0532,
14.0474,15.9271,16.1166,
14.1578,16.0532,16.1166,
14.2133,16.1804,16.1166,
14.2691,16.3086,16.1804,
14.3251,16.3732,16.1166,
14.4377,16.438,16.1166,
14.4943,16.6343,16.1804,
14.4943,16.6343,16.1166,
14.6084,16.7666,16.1804,
14.6657,16.8331,16.1804,
14.7233,16.9,16.1804,
14.7233,16.9672,16.1804,
14.7811,17.1024,16.1804,
14.8392,17.1024,16.1804,
14.8975,17.1705,16.2444,
14.8975,17.3075,16.2444,
14.9561,17.4458,16.2444,
14.9561,17.4458,16.2444,
15.0149,17.5154,16.2444,
15.0149,17.5854,16.3086,
15.0149,17.6556,16.3086,
15.0739,17.6556,16.2444,
15.1332,17.7262,16.2444,
15.1332,17.7262,16.3086,
15.1332,17.8683,16.3086,
15.1927,17.9399,16.3086,
15.1927,18.0117,16.3732,
15.1927,18.0117,16.3732,
15.2525,18.1565,16.438,
15.2525,18.2293,16.3732,
15.3126,18.3761,16.3732,
15.3126,18.3761,16.3732,
15.3728,18.5988,16.438,
15.3728,18.8247,16.5032,
15.4334,18.8247,16.5032,
15.4334,18.8247,16.5032,
15.4942,18.8247,16.5032,
15.6166,18.9007,16.5032,
15.6166,18.9007,16.5032,
15.6781,18.9007,16.5686,
15.6781,18.9007,16.5686,
15.74,18.9007,16.5686,
15.8021,18.9771,16.5686,
15.8645,18.9771,16.5686,
15.9271,18.9771,16.6343,
15.99,18.9771,16.6343,
15.9271,19.0538,16.5686,
15.99,18.9007,16.6343,
15.9271,18.9771,16.6343,
15.8021,18.9007,16.6343,
15.74,18.9007,16.6343,
15.6781,18.8247,16.6343,
15.5552,18.8247,16.5686,
15.4942,18.7491,16.5686,
15.3728,18.5988,16.5686,
15.1332,18.5988,16.5032,
14.9561,18.5242,16.5032,
14.9561,18.45,16.5032,
14.9561,18.3026,16.5032,
14.8975,18.2293,16.5032,
14.7811,18.0117,16.5032,
14.6657,17.8683,16.5032,
14.6657,17.7971,16.5032,
14.6084,17.6556,16.5032,
14.5512,17.6556,16.5032,
14.4943,17.6556,16.438,
14.4377,17.5854,16.5032,
14.4377,17.6556,16.438,
14.3812,17.5154,16.438,
14.3812,17.5854,16.5032,
14.3812,17.5154,16.5032,
14.3251,17.4458,16.438,
14.3251,17.5154,16.438,
14.2691,17.3765,16.438,
14.2691,17.3765,16.438,
14.2133,17.2388,16.438,
14.1578,17.1705,16.438,
14.0474,17.1024,16.438,
13.9926,17.0346,16.3732,
13.8835,16.9,16.3732,
13.8835,16.9,16.3732,
13.8293,16.8331,16.3732,
13.7753,16.7003,16.3732,
13.668,16.6343,16.438,
13.6147,16.438,16.3732,
13.6147,16.438,16.3732,
13.5086,16.3086,16.3086,
13.5086,16.2444,16.3732,
13.4559,16.1804,16.3732,
13.4034,16.1166,16.3732,
13.4034,16.0532,16.3086,
13.3511,15.99,16.3086,
13.299,15.99,16.3732,
13.2471,15.9271,16.2444,
13.2471,15.9271,16.3086,
13.1954,15.8645,16.3086,
13.1439,15.8021,16.3732,
13.1954,15.74,16.3086,
13.1439,15.6781,16.3086,
13.0926,15.6166,16.3086,
13.0926,15.5552,16.3086,
12.9906,15.3728,16.3086,
12.9906,15.4334,16.3086,
12.9399,15.4334,16.3086,
12.8894,15.3126,16.2444,
12.8391,15.1927,16.3086,
12.739,15.1927,16.3086,
12.6893,15.1332,16.3086,
12.6397,15.1332,16.3086,
12.5904,15.0739,16.3086,
12.5904,15.0149,16.2444,
12.5412,15.0149,16.3086,
12.4922,14.9561,16.2444,
12.4434,14.8975,16.2444,
12.4434,14.8975,16.2444,
12.3948,14.8975,16.1804,
12.4434,14.8975,16.2444,
12.4434,14.8975,16.3086,
12.3948,14.8392,16.1804,
12.3948,14.8392,16.2444,
12.3948,14.8975,16.2444,
12.3948,14.8392,16.2444,
12.3948,14.8392,16.2444,
12.3948,14.8392,16.1804,
12.3948,14.8392,16.2444,
12.3948,14.8392,16.2444,
12.3948,14.7811,16.1804,
12.3463,14.8392,16.2444,
12.3463,14.8392,16.1804,
12.3463,14.8392,16.2444,
12.3463,14.8392,16.2444,
12.3463,14.8392,16.2444,
12.3463,14.8392,16.2444,
12.3463,14.8392,16.1804,
12.3463,14.8392,16.1804,
12.3463,14.8392,16.2444,
