12.9399,15.1927,17.1024,
12.8894,15.2525,17.0346,
12.8391,15.3126,17.1024,
12.8894,15.2525,17.0346,
12.8894,15.2525,17.1024,
12.8894,15.3728,17.1024,
12.9906,15.3728,16.9,
12.9906,15.1927,16.8331,
12.8894,15.1332,17.1024,
12.9906,15.3728,17.1024,
12.8391,15.2525,17.1024,
12.8391,15.2525,17.1024,
12.8894,15.2525,17.1024,
12.8894,15.3126,16.9672,
12.9399,15.3728,17.0346,
12.9399,15.5552,17.1024,
13.0415,15.5552,17.0346,
13.1954,15.6781,16.9,
13.299,15.6781,16.8331,
13.5615,15.8021,16.9,
13.7753,16.0532,16.9,
13.7216,15.9271,17.0346,
13.8835,15.99,16.9672,
13.8293,16.0532,17.0346,
14.1025,16.1166,17.1024,
14.2133,16.5686,17.1024,
14.2133,16.5686,16.9672,
14.3812,16.5686,17.0346,
14.3812,16.8331,16.9672,
14.6084,16.7666,16.8331,
14.6657,16.9672,17.4458,
14.6084,17.0346,17.2388,
14.7811,17.1024,18.2293,
14.8975,17.4458,18.8247,
14.8392,17.3765,17.6556,
15.1332,17.5154,19.1309,
15.0149,17.3765,18.0839,
15.0739,17.5854,20.2501,
15.1332,17.6556,20.4163,
15.1927,17.9399,17.5854,
15.1927,18.0117,19.6013,
15.4334,18.1565,18.9771,
15.3728,18.0839,17.5154,
15.4334,18.45,15.74,
15.4334,18.5988,15.8645,
15.6781,18.5988,15.99,
15.6166,18.5242,16.1166,
15.74,18.5242,15.9271,
15.74,18.5988,16.2444,
15.8021,18.7491,16.2444,
15.9271,18.7491,16.3086,
15.9271,18.5242,16.1804,
15.9271,18.45,17.1705,
15.9271,18.5242,18.1565,
16.0532,18.5242,15.99,
15.99,18.5988,16.1166,
15.9271,18.6738,18.0117,
16.0532,18.5988,16.6343,
15.9271,18.6738,16.1166,
15.8645,18.5242,16.5686,
15.9271,18.5242,16.7666,
15.6166,18.3026,17.0346,
15.3728,18.3761,18.5988,
15.3126,18.45,18.1565,
15.1332,18.3761,18.2293,
15.1927,18.3761,18.0839,
14.9561,18.3761,18.0839,
14.7811,18.2293,17.9399,
14.4943,18.1565,18.0839,
14.3251,18.0117,17.7971,
14.3251,17.9399,17.7262,
14.1578,17.8683,17.7971,
14.1025,17.7262,17.5854,
14.0474,17.5854,17.5854,
13.7753,17.3075,17.6556,
13.7216,17.3075,17.7262,
13.7216,17.4458,17.6556,
13.6147,17.3075,17.7262,
13.6147,17.1024,17.5154,
13.5086,17.0346,17.0346,
13.5615,16.8331,17.3765,
13.5086,16.8331,17.3765,
13.5086,16.5032,17.3765,
13.668,16.6343,17.4458,
13.4034,16.438,16.2444,
13.4559,16.2444,16.0532,
13.6147,16.438,16.0532,
13.4034,16.3086,15.9271,
13.3511,15.99,16.0532,
13.5086,15.99,16.3732,
13.3511,15.9271,17.2388,
13.4034,15.9271,16.6343,
13.4034,15.8645,16.7666,
13.299,15.6781,16.7003,
13.1954,15.4942,16.6343,
13.299,15.4942,16.1166,
13.299,15.4334,16.0532,
13.0926,15.3728,16.3732,
13.0926,15.0739,15.8021,
13.0415,15.0739,15.9271,
12.9906,15.1927,15.9271,
12.9399,15.1927,15.8645,
12.9399,15.1927,16.1804,
12.7889,15.0149,16.3732,
12.7889,15.0739,15.8021,
12.8391,14.8975,15.74,
12.6893,14.8975,15.9271,
12.7889,14.8392,15.74,
12.739,14.8392,15.74,
12.739,14.8392,16.1166,
12.6893,14.8975,18.7491,
12.739,14.9561,17.6556,
12.6893,14.8975,18.8247,
12.7889,14.9561,19.681,
12.7889,14.9561,20.7537,
12.7889,15.0149,18.3761,
12.7889,14.9561,16.7666,
12.739,14.9561,17.4458,
12.739,14.8975,16.5686,
12.739,14.7811,15.99,
12.7889,14.8392,15.8645,
12.6397,14.8392,15.99,
12.739,14.7811,15.8645,
12.6397,14.8975,16.0532,
12.5904,15.0149,16.0532,
12.739,15.0739,15.8645,
