11.6411,13.8293,16.8331,
11.6411,13.8293,16.8331,
11.6411,13.8293,16.8331,
11.6411,13.7753,16.7666,
11.6411,13.8835,16.7666,
11.6411,13.8835,16.7003,
11.6411,13.9379,16.8331,
11.6411,13.9379,16.8331,
11.6869,13.9926,16.7666,
11.779,14.1025,16.9,
11.8253,14.1025,16.8331,
11.9185,14.2133,16.8331,
12.1069,14.3812,16.8331,
12.3463,14.4943,16.9,
12.5412,14.6084,16.8331,
12.8391,14.7233,16.9,
13.0926,14.8975,16.9,
13.3511,15.1332,16.9672,
13.6147,15.3728,17.1024,
13.8293,15.4942,16.9672,
13.9926,15.6166,17.0346,
14.1578,15.74,17.0346,
14.3251,15.99,17.1024,
14.4377,16.1166,17.1024,
14.5512,16.3086,17.1024,
14.6657,16.5686,17.1705,
14.7233,16.6343,17.1705,
14.8392,16.7666,17.1705,
14.8975,16.9,17.1705,
15.0149,17.0346,17.1705,
15.0739,17.1705,17.2388,
15.1332,17.3075,17.1705,
15.1927,17.5154,17.2388,
15.2525,17.5854,17.3075,
15.3728,17.7262,17.3075,
15.3728,17.7262,17.2388,
15.3728,17.7971,17.3075,
15.4334,17.7971,17.3075,
15.4334,17.8683,17.3075,
15.4942,17.9399,17.3075,
15.4942,18.0839,17.3075,
15.5552,18.1565,17.3075,
15.5552,18.2293,17.3075,
15.6166,18.2293,17.3765,
15.6166,18.3026,17.3075,
15.6166,18.45,17.3075,
15.5552,18.5242,17.3765,
15.5552,18.6738,17.3075,
15.5552,18.7491,17.3075,
15.5552,18.7491,17.3075,
15.5552,18.7491,17.3075,
15.6166,18.6738,17.3765,
15.5552,18.7491,17.3075,
15.5552,18.8247,17.3765,
15.4942,18.7491,17.3075,
15.4942,18.7491,17.3075,
15.4942,18.7491,17.3075,
15.4334,18.6738,17.3075,
15.3728,18.5988,17.3075,
15.3126,18.5988,17.3075,
15.1927,18.5988,17.3075,
15.0739,18.45,17.3075,
14.8975,18.3761,17.2388,
14.6084,18.0839,17.2388,
14.3251,17.9399,17.2388,
14.1578,17.6556,17.2388,
14.0474,17.4458,17.2388,
13.9379,17.3075,17.1705,
13.8293,17.1705,17.2388,
13.668,17.0346,17.2388,
13.5086,16.8331,17.1705,
13.4034,16.7666,17.1705,
13.3511,16.7003,17.2388,
13.1954,16.5686,17.2388,
13.1439,16.438,17.2388,
13.0415,16.2444,17.2388,
12.9399,16.0532,17.2388,
12.8894,15.9271,17.2388,
12.7889,15.8021,17.1705,
12.739,15.6166,17.1024,
12.6397,15.4334,17.1705,
12.5904,15.2525,17.1024,
12.4922,15.0739,17.1024,
12.4434,14.9561,17.1024,
12.3948,14.8392,17.1024,
12.2981,14.7233,17.1024,
12.25,14.6084,17.1024,
12.2021,14.5512,17.1024,
12.1544,14.4377,17.1024,
12.1069,14.3812,17.1024,
12.0595,14.3251,17.1024,
12.0123,14.2691,17.0346,
11.9653,14.2133,17.0346,
11.9653,14.1578,17.0346,
11.9185,14.1025,17.1024,
11.8253,14.0474,17.0346,
11.8253,14.0474,17.0346,
11.779,13.9379,17.0346,
11.779,13.9379,17.0346,
11.779,13.9379,17.0346,
11.779,13.9379,17.0346,
11.779,13.9379,16.9,
11.7329,13.8835,16.9672,
11.7329,13.8293,16.9672,
11.7329,13.8835,16.9672,
11.6869,13.8293,16.9672,
11.6411,13.8835,16.9672,
11.6869,13.8293,17.0346,
11.6869,13.8293,17.0346,
11.6411,13.8293,16.9672,
11.6411,13.8293,16.9672,
