12.9906,15.6781,15.99,
12.9906,15.6166,16.0532,
12.9906,15.6781,15.99,
12.9906,15.6781,16.0532,
13.0415,15.6166,15.8021,
13.0415,15.6166,15.9271,
13.0926,15.6166,15.8645,
13.0926,15.6781,15.8645,
12.9906,15.6166,16.0532,
13.0415,15.6166,15.99,
13.0926,15.8645,15.99,
13.0415,15.8021,16.0532,
13.0926,15.8645,16.1166,
13.0926,15.9271,15.99,
13.1439,15.8021,15.9271,
13.1954,15.8645,15.99,
13.3511,16.0532,16.0532,
13.4034,16.1166,16.0532,
13.5086,16.2444,16.0532,
13.5615,16.1166,16.0532,
13.7216,16.3732,16.3086,
13.8835,16.438,16.0532,
14.0474,16.438,16.438,
14.0474,16.438,17.7971,
14.1578,16.6343,17.9399,
14.3812,16.7666,16.3086,
14.6084,16.9,16.1166,
14.8392,17.1024,16.1166,
15.0739,17.5854,16.6343,
15.1332,17.6556,17.3765,
15.4942,17.9399,17.0346,
15.6166,18.2293,19.7611,
15.8645,18.3026,18.6738,
16.7003,19.1309,17.5154,
17.7262,20.4163,18.5988,
16.1166,19.0538,17.1024,
16.6343,19.681,17.5854,
15.99,18.9771,16.9672,
16.1804,18.9771,17.0346,
16.9672,20.0038,17.7971,
18.1565,20.9249,18.5988,
17.6556,20.6687,18.3761,
17.7971,21.0979,18.5242,
17.4458,20.5841,18.3026,
18.2293,21.2727,18.6738,
16.9672,20.1676,17.2388,
16.7003,19.7611,17.1024,
16.7666,19.681,16.9672,
16.9672,19.9225,16.7666,
18.1565,20.8391,17.8683,
18.6738,21.5381,18.2293,
18.3026,21.2727,18.3026,
16.9672,19.6013,16.7666,
17.0346,19.7611,16.8331,
17.1024,19.681,16.8331,
17.3765,20.1676,17.1705,
17.7262,20.5,17.5154,
18.0839,20.5841,17.5854,
17.5154,20.0855,16.9,
17.7971,20.5,17.5854,
19.0538,21.6275,18.5242,
18.3026,21.0112,17.8683,
17.8683,20.5,17.5154,
18.45,21.2727,18.0839,
18.7491,21.6275,18.45,
18.6738,21.4492,18.3026,
18.5988,21.3607,18.45,
18.45,21.3607,18.3026,
18.1565,21.0979,18.3026,
17.9399,21.0979,18.2293,
17.7971,21.1851,18.2293,
17.5854,21.3607,18.3026,
17.5854,21.2727,18.2293,
17.2388,21.0979,18.3761,
17.2388,21.0112,18.2293,
16.9672,20.7537,18.2293,
16.8331,20.6687,18.3761,
16.7003,20.5,18.1565,
16.6343,20.5,18.3761,
16.7003,20.4163,18.1565,
16.438,20.2501,18.2293,
16.5032,20.4163,18.3026,
16.3086,20.333,18.2293,
16.2444,20.2501,18.1565,
16.3086,19.9225,18.0117,
16.1804,19.7611,18.0117,
16.1166,19.8416,18.1565,
16.1166,20.0038,18.1565,
16.1166,19.681,18.1565,
15.99,19.8416,18.1565,
16.0532,19.443,18.0117,
15.9271,19.3644,18.0839,
15.8645,19.2862,18.1565,
15.8645,19.2862,18.2293,
15.6166,19.1309,18.1565,
15.6781,18.9771,18.1565,
15.6781,18.9771,18.1565,
15.74,18.8247,18.2293,
15.9271,19.2084,18.3026,
16.1166,19.443,18.9007,
16.3086,19.2862,18.8247,
16.7003,19.681,19.0538,
16.438,19.5219,19.2862,
16.438,19.3644,19.1309,
16.438,19.2862,19.2084,
15.8645,18.5242,18.5988,
15.8021,18.6738,18.5242,
15.4334,18.3026,18.3761,
15.2525,17.7262,18.2293,
16.0532,18.5988,21.4492,
14.2691,16.438,17.1024,
14.2691,16.5032,17.1705,
14.1578,16.5686,17.1705,
14.2133,16.5686,17.2388,
14.6084,16.9672,17.6556,
14.7811,17.1024,17.7262,
15.3728,17.7262,18.2293,
15.3126,17.5854,18.2293,
14.8975,17.1705,17.7262,
14.4943,16.6343,18.3761,
14.3251,16.438,17.2388,
14.3251,16.5032,17.1024,
14.1578,16.438,17.1705,
14.2133,16.2444,17.0346,
14.1578,16.3086,16.9,
14.1025,16.3732,17.3075,
14.2133,16.3732,17.3075,
14.3251,16.5032,17.1705,
14.5512,16.8331,17.8683,
14.5512,16.8331,17.5854,
14.6657,16.9672,17.7262,
14.8392,17.0346,17.6556,
14.7233,16.9,17.5154,
14.6657,16.7666,17.5854,
14.6657,16.7666,17.5854,
14.5512,16.7666,17.6556,
14.5512,16.7003,17.5154,
14.4943,16.7666,17.3765,
14.4377,16.7003,17.3765,
14.4377,16.5686,17.3075,
14.4377,16.5032,17.3765,
14.3812,16.5032,17.3075,
14.3812,16.5686,17.1705,
14.2133,16.2444,17.0346,
14.1025,16.3732,16.9672,
14.1025,16.2444,17.0346,
14.2133,16.3086,16.9672,
14.1025,16.1804,16.9,
13.9926,16.2444,16.9,
13.8293,16.0532,16.9,
13.8835,15.9271,16.7666,
13.8293,15.99,16.6343,
13.7753,16.0532,16.7666,
13.8293,15.99,16.438,
13.668,15.8021,16.438,
13.5615,15.6166,16.3086,
13.5615,15.6781,16.3086,
13.4034,15.5552,16.3732,
13.299,15.4334,16.1804,
