11.4595,13.7216,16.7003,
11.5046,13.7216,16.6343,
11.4595,13.7216,16.6343,
11.4595,13.7216,16.6343,
11.5046,13.7216,16.7003,
11.5046,13.7216,16.6343,
11.5046,13.7216,16.7003,
11.5046,13.7753,16.7003,
11.4595,13.7216,16.6343,
11.5046,13.7216,16.6343,
11.4595,13.7753,16.7003,
11.5046,13.7753,16.7003,
11.5046,13.8293,16.7003,
11.5046,13.8293,16.7003,
11.5046,13.8835,16.7003,
11.55,13.9379,16.6343,
11.5954,13.9926,16.7003,
11.7329,14.0474,16.6343,
11.9653,14.1578,16.7003,
12.25,14.2691,16.7666,
12.5412,14.3812,16.7003,
12.7889,14.4377,16.7666,
13.0415,14.5512,16.7666,
13.2471,14.6657,16.7003,
13.4559,14.8392,16.7666,
13.6147,15.0149,16.7666,
13.7216,15.1332,16.7666,
13.8835,15.2525,16.8331,
14.0474,15.4942,16.8331,
14.1578,15.6781,16.9,
14.2133,15.8021,16.8331,
14.3251,16.0532,16.9,
14.3251,16.1804,16.9672,
14.4377,16.3086,17.0346,
14.4943,16.438,17.0346,
14.5512,16.5686,17.1024,
14.6084,16.7003,17.1024,
14.6657,16.7666,17.1024,
14.7811,16.8331,17.1705,
14.8392,17.0346,17.1705,
14.8392,17.0346,17.1705,
14.8975,17.1024,17.0346,
14.8975,17.1705,17.1024,
14.9561,17.3075,17.1024,
14.9561,17.3075,17.1024,
15.0739,17.3765,17.1024,
15.0739,17.4458,17.1024,
15.0739,17.5154,17.1705,
15.1927,17.6556,17.1705,
15.1332,17.6556,17.1705,
15.1332,17.7262,17.1705,
15.1927,17.8683,17.1705,
15.1927,17.9399,17.1705,
15.1927,18.0117,17.1705,
15.1927,18.0839,17.1705,
15.1927,18.1565,17.1705,
15.1927,18.2293,17.1705,
15.1927,18.3026,17.2388,
15.2525,18.3761,17.1705,
15.1927,18.45,17.1705,
15.1927,18.5242,17.1705,
15.1927,18.45,17.1705,
15.1927,18.5242,17.1705,
15.1332,18.45,17.1705,
15.1332,18.5242,17.1705,
15.1332,18.5242,17.1705,
15.0739,18.45,17.1705,
15.0739,18.45,17.1705,
15.0739,18.5242,17.1705,
15.0149,18.45,17.1024,
15.0149,18.3026,17.1705,
14.8975,18.3026,17.1024,
14.8392,18.3761,17.1705,
14.7233,18.3026,17.1024,
14.7233,18.3761,17.1705,
14.6084,18.2293,17.0346,
14.5512,18.2293,17.1024,
14.3251,17.9399,17.1024,
14.1025,17.7971,17.0346,
13.9926,17.7971,17.1024,
13.7753,17.6556,17.0346,
13.668,17.5854,17.0346,
13.4559,17.4458,17.0346,
13.3511,17.3075,17.0346,
13.299,17.2388,16.9672,
13.2471,17.2388,17.0346,
13.2471,17.1705,17.1024,
13.1439,17.0346,17.0346,
13.0926,16.9,16.9672,
13.0415,16.7666,16.9672,
12.9906,16.7003,17.0346,
12.9399,16.6343,16.9672,
12.8894,16.5032,16.9672,
12.8391,16.3732,17.0346,
12.7889,16.1166,16.9672,
12.6893,16.0532,16.9,
12.6893,15.9271,16.9,
12.6397,15.8645,16.9,
12.5904,15.6781,16.9,
12.5412,15.5552,16.9,
12.4922,15.3728,16.9,
12.4434,15.3126,16.9,
12.4434,15.2525,16.9,
12.3948,15.1332,16.9672,
12.3948,15.0149,16.9,
12.3463,14.9561,16.9,
12.2981,14.8392,16.9,
12.25,14.7233,16.8331,
12.25,14.7233,16.8331,
12.2021,14.6084,16.9,
12.1544,14.5512,16.8331,
12.1544,14.4377,16.8331,
12.1069,14.3812,16.8331,
12.0595,14.2691,16.7666,
12.0595,14.2691,16.8331,
12.0595,14.1578,16.7666,
12.0123,14.1578,16.7666,
12.0123,14.1025,16.7666,
11.9653,14.0474,16.8331,
11.9653,13.9926,16.8331,
11.9185,13.9379,16.7666,
11.9185,13.8835,16.7666,
11.9185,13.8293,16.7666,
11.9185,13.8293,16.7666,
11.9185,13.8293,16.7666,
11.9185,13.7753,16.7666,
11.9185,13.8293,16.7003,
11.9185,13.7753,16.7666,
11.8718,13.7753,16.7666,
11.9185,13.7753,16.7666,
11.8718,13.7753,16.7666,
11.8718,13.7753,16.7003,
11.8718,13.7753,16.6343,
11.8718,13.7216,16.7003,
11.8718,13.7216,16.7003,
11.8718,13.7216,16.7666,
11.8253,13.7216,16.7003,
11.8253,13.7216,16.7666,
11.8253,13.7216,16.7003,
11.8253,13.7216,16.7666,
11.8253,13.7216,16.7003,
11.8253,13.7216,16.7666,
11.8253,13.7216,16.7666,
11.8253,13.7216,16.7003,
11.8253,13.668,16.7003,
11.8253,13.7216,16.7003,
11.779,13.668,16.7003,
11.779,13.7216,16.7003,
