13.1954,15.9271,16.2444,
13.1954,15.8645,16.3086,
13.1439,15.99,16.2444,
13.1954,16.0532,16.2444,
13.2471,16.0532,16.3732,
13.299,16.0532,16.1166,
13.1439,15.99,16.2444,
13.3511,15.99,16.1166,
13.299,15.8645,16.0532,
13.1954,15.8021,16.2444,
13.299,15.8645,16.1166,
13.2471,15.9271,16.2444,
13.299,15.99,16.3732,
13.3511,16.1804,16.1804,
13.299,16.1166,16.3086,
13.5086,16.1804,16.1804,
13.4559,16.1166,16.2444,
13.7216,16.2444,16.1804,
13.8835,16.2444,16.1166,
13.9379,16.2444,16.2444,
14.1025,16.2444,16.1804,
14.2133,16.5686,16.3086,
14.4377,16.5032,16.3086,
14.5512,16.7666,16.1804,
14.6657,16.7003,16.3086,
14.8392,16.7666,16.3086,
14.9561,17.0346,16.2444,
15.0739,17.1705,16.438,
15.1927,17.3075,16.3732,
15.3126,17.5854,16.5032,
15.4942,17.5854,16.3732,
15.4334,17.5854,16.438,
15.5552,17.9399,16.5032,
15.8021,18.0117,16.3086,
15.74,18.2293,16.5686,
15.9271,18.3761,16.7003,
16.1804,18.6738,16.7003,
16.5032,18.8247,16.7666,
16.6343,18.8247,16.8331,
16.7003,19.0538,17.0346,
17.1024,19.2862,17.1024,
18.0117,20.333,18.0839,
18.5242,20.8391,18.45,
18.45,21.0979,18.3026,
18.6738,21.2727,18.3761,
18.45,20.8391,17.7262,
18.5988,20.9249,17.9399,
19.6013,21.8984,18.7491,
17.5854,19.5219,16.6343,
17.5154,19.8416,16.5032,
17.0346,19.7611,16.1804,
16.9672,19.5219,16.0532,
16.9672,19.2862,15.99,
17.1024,19.2862,15.9271,
17.0346,19.0538,15.8645,
17.1705,19.1309,15.9271,
17.1024,19.2084,15.8021,
17.1024,19.1309,15.8645,
17.1705,19.2862,15.8021,
17.1705,19.3644,15.9271,
17.7262,19.7611,15.99,
17.5154,19.7611,16.1166,
17.8683,19.9225,16.5686,
17.9399,19.9225,16.6343,
17.6556,20.0855,16.5686,
17.5854,19.6013,16.3086,
17.4458,19.7611,16.3732,
17.3075,19.5219,16.3732,
17.2388,19.6013,16.1804,
16.9672,19.5219,16.3086,
16.8331,19.3644,16.3732,
16.8331,19.6013,16.2444,
16.5032,19.443,16.438,
16.2444,19.6013,16.3732,
15.99,19.443,16.3086,
15.8645,19.2862,16.3086,
15.6781,18.9771,16.1804,
15.6166,19.0538,16.2444,
15.3126,18.7491,16.3086,
15.1332,18.8247,16.3086,
15.0149,18.5988,16.3086,
15.0149,18.5988,16.1804,
14.7811,18.45,16.3732,
14.7233,18.6738,16.3086,
14.6657,18.3761,16.2444,
14.6657,18.3026,16.1804,
14.4943,17.8683,16.0532,
14.4377,17.9399,16.2444,
14.0474,17.5854,15.99,
13.8835,17.4458,15.9271,
13.9926,17.5154,15.9271,
13.8835,17.2388,15.99,
13.8835,17.1705,15.8021,
13.8293,16.9672,15.6781,
13.8293,16.7003,15.8021,
13.7753,16.6343,15.8645,
13.8293,16.5686,15.9271,
13.7753,16.5686,15.9271,
13.7753,16.6343,15.9271,
13.9926,16.7003,15.99,
14.8975,17.4458,16.9672,
15.0739,17.7262,17.1024,
14.5512,17.0346,16.8331,
14.9561,17.3765,16.9,
13.8293,16.1166,15.99,
13.6147,15.8645,15.6166,
13.5086,15.74,15.6781,
13.4034,15.6781,15.74,
13.4559,15.74,15.5552,
13.2471,15.4942,15.5552,
13.2471,15.5552,15.74,
13.3511,15.6166,15.6781,
13.3511,15.6166,15.6781,
13.4559,15.4942,15.6166,
13.5086,15.74,15.8021,
13.5086,15.5552,15.9271,
13.5615,15.6781,15.8021,
13.4559,15.6166,15.99,
13.4559,15.6166,15.8645,
13.4559,15.8021,15.9271,
13.4034,15.6166,15.99,
13.5086,15.74,15.8645,
13.4559,15.8645,15.9271,
13.4559,15.6166,15.9271,
13.5086,15.6166,15.8645,
13.4559,15.8645,15.99,
13.4034,15.5552,15.9271,
