12.3463,14.7811,15.2525,
12.3463,14.7811,15.1927,
12.3948,14.9561,15.1927,
12.2981,14.8975,15.2525,
12.3948,14.9561,15.1927,
12.3948,14.9561,15.1927,
12.4434,14.9561,15.0739,
12.4434,14.8975,15.1332,
12.4434,14.8975,15.2525,
12.3463,14.8975,15.1927,
12.3463,15.0739,15.3126,
12.3463,15.1332,15.3126,
12.4922,15.0739,15.3126,
12.5904,15.1927,15.1332,
12.5904,15.2525,15.2525,
12.5412,15.3126,15.2525,
12.6397,15.3126,15.3126,
12.6397,15.5552,15.3728,
12.7889,15.5552,15.3126,
12.8894,15.6166,15.1332,
12.9399,15.8645,15.3126,
13.0926,15.8021,15.2525,
13.0926,15.99,15.3126,
13.1954,15.9271,15.3126,
13.2471,16.1804,15.3728,
13.299,16.2444,15.5552,
13.5086,16.3732,15.4942,
13.5615,16.438,15.3728,
13.5615,16.3732,15.6781,
13.668,16.6343,15.4942,
13.7753,16.7666,15.6166,
13.9379,16.8331,15.3728,
14.0474,16.9672,15.3728,
13.9926,16.9672,15.4942,
14.2133,17.1705,15.3728,
14.3251,17.3075,15.5552,
14.6657,17.4458,15.6166,
14.6084,17.4458,15.3728,
14.6084,17.5154,15.5552,
14.7233,17.4458,15.6166,
14.8975,17.5854,15.4334,
14.8392,17.6556,15.5552,
14.8975,17.8683,15.4334,
14.9561,17.7971,15.5552,
15.0739,17.8683,15.3728,
15.0739,18.0117,15.5552,
15.1927,18.3026,15.5552,
15.2525,18.3761,15.4942,
15.3126,18.3026,15.4334,
15.3728,18.3026,15.5552,
15.3728,18.3026,15.5552,
15.1927,18.3026,15.6166,
15.1332,18.3761,15.5552,
15.2525,18.45,15.6166,
15.2525,18.3761,15.6781,
15.2525,18.5242,15.5552,
15.2525,18.45,15.4334,
15.1927,18.3026,15.4942,
15.2525,18.1565,15.4334,
15.0739,18.2293,15.4942,
14.8975,18.1565,15.4942,
14.7811,18.1565,15.5552,
14.6084,18.0839,15.5552,
14.6084,17.9399,15.3728,
14.2691,17.7262,15.4334,
14.2133,17.5854,15.3728,
13.9379,17.5154,15.3728,
13.8835,17.5154,15.3728,
13.5086,17.5154,15.4334,
13.5086,17.1705,15.3728,
13.3511,16.9672,15.2525,
13.2471,17.1705,15.4942,
13.299,16.9672,15.3126,
13.3511,16.9,15.4334,
13.1439,16.6343,15.3728,
13.0926,16.6343,15.4334,
13.0415,16.7003,15.4334,
13.0415,16.5686,15.4334,
12.9906,16.5032,15.2525,
12.9399,16.3732,15.3728,
12.9906,16.2444,15.2525,
12.8894,15.99,15.3126,
12.9399,15.74,15.2525,
12.8894,15.8645,15.2525,
12.7889,15.4942,15.2525,
12.8894,15.3728,15.1927,
12.739,15.4942,15.2525,
12.739,15.2525,15.1332,
12.7889,15.1927,15.0739,
12.6397,15.1332,15.2525,
12.7889,15.0149,15.0739,
12.6397,15.0739,15.0149,
12.5412,14.8975,15.1332,
12.6893,14.8975,15.1332,
12.6893,15.0149,15.0149,
12.5904,14.9561,15.1332,
12.5904,14.9561,15.1332,
12.6893,14.8392,15.1927,
12.6397,14.8975,15.0739,
12.5412,14.7811,15.0739,
12.5904,14.6084,15.0149,
12.5412,14.5512,15.0739,
12.4922,14.6084,15.0739,
12.5412,14.7811,15.0149,
12.5412,14.6084,15.0739,
12.4922,14.6657,15.1927,
12.5412,14.7811,15.0739,
12.4434,14.6084,15.0739,
12.4434,14.6084,15.1332,
12.4434,14.6657,15.0739,
12.4922,14.7233,15.0149,
12.5412,14.7811,15.0149,
12.4434,14.5512,14.9561,
12.4922,14.5512,15.0739,
12.4434,14.5512,15.0149,
12.4922,14.6084,14.9561,
12.4922,14.4943,14.9561,
12.4434,14.6084,14.9561,
12.4434,14.5512,14.8975,
12.3948,14.6657,15.1332,
12.4434,14.4943,14.9561,
12.3948,14.6657,15.1332,
12.3948,14.5512,14.9561,
12.3948,14.7233,15.0149,
12.3948,14.7233,15.0739,
12.4922,14.6657,14.8975,
12.4434,14.7811,14.9561,
12.4434,14.6084,14.8975,
12.3948,14.7811,15.0149,
12.3948,14.6084,15.0739,
12.4434,14.5512,15.0149,
