15.74,19.2862,20.2501,
15.4942,18.8247,19.5219,
15.4942,18.6738,19.7611,
15.9271,19.3644,20.333,
16.2444,19.5219,20.5841,
14.3812,17.6556,18.5988,
15.3126,18.7491,19.6013,
15.0739,18.1565,19.0538,
14.4377,17.5154,18.5242,
14.3812,17.5154,18.45,
14.4377,17.4458,18.3026,
14.5512,17.7971,18.8247,
14.4943,17.7971,18.7491,
14.6084,17.9399,18.5988,
14.7233,17.9399,18.45,
14.8975,18.0117,18.5988,
15.0739,18.0839,18.45,
15.1927,18.1565,18.6738,
15.3728,18.3761,18.6738,
15.6166,18.45,21.9897,
15.9271,18.5242,19.6013,
16.1804,18.8247,18.5988,
16.3086,18.9771,18.6738,
16.5032,19.0538,18.6738,
16.5032,19.1309,20.8391,
16.7666,19.3644,18.5242,
17.0346,19.2862,18.9771,
16.9,19.5219,18.6738,
17.2388,19.681,18.5988,
17.3765,19.6013,18.6738,
17.3765,19.5219,18.8247,
17.5154,19.8416,18.9007,
16.8331,19.0538,18.3761,
16.7666,18.9007,17.5854,
16.9672,19.0538,17.3765,
18.0117,20.333,18.8247,
18.2293,20.333,18.5988,
18.2293,20.6687,18.3761,
18.1565,20.6687,18.6738,
18.3761,20.7537,18.45,
18.2293,21.0112,20.0855,
17.5854,20.1676,17.8683,
17.1705,19.5219,17.1024,
17.2388,19.6013,17.1024,
17.0346,19.2862,17.1705,
17.2388,19.2862,16.9672,
16.9672,19.2862,16.9,
17.0346,19.1309,16.8331,
17.1705,19.0538,16.7666,
16.9672,19.1309,16.6343,
16.9,18.9771,17.5854,
16.8331,18.8247,16.7666,
16.6343,18.8247,16.9,
16.438,18.9007,18.6738,
16.0532,18.9007,17.7971,
15.9271,18.8247,17.3765,
15.3728,18.7491,16.3732,
15.0149,18.3761,16.3086,
14.7233,18.3026,16.3086,
14.5512,18.3026,16.3732,
14.5512,18.0117,16.3732,
14.3251,18.0117,16.5032,
14.2691,17.7262,16.2444,
14.1578,17.5154,16.3732,
13.9926,17.5154,16.438,
13.9379,17.4458,16.3732,
13.9379,17.2388,16.2444,
13.9926,17.0346,16.1804,
13.8293,16.7666,16.3732,
13.668,16.7003,16.438,
13.6147,16.7003,16.438,
13.6147,16.438,16.3086,
13.5615,16.3732,16.438,
13.4559,16.1804,16.2444,
13.4034,16.0532,16.3732,
13.299,16.1804,16.2444,
13.1954,16.1166,16.3086,
13.1439,16.0532,16.1166,
12.9906,15.99,16.3086,
12.9906,15.9271,16.1804,
12.8894,15.74,16.1804,
12.6397,15.6166,16.3086,
12.6893,15.5552,16.2444,
12.5904,15.5552,16.2444,
12.5412,15.4942,16.2444,
12.6397,15.6781,16.1804,
12.5412,15.6781,16.1166,
12.5412,15.4942,16.1166,
12.4922,15.6781,16.2444,
12.5412,15.5552,16.3732,
12.739,15.74,16.5032,
12.739,16.0532,16.7003,
12.2981,15.3728,16.3732,
12.3948,15.2525,16.1804,
12.2981,15.3728,16.2444,
12.3948,15.3126,16.3086,
12.3463,15.4942,16.3732,
12.3463,15.4334,16.438,
12.4434,15.3126,16.438,
12.3948,15.3126,16.3086,
12.4434,15.3728,16.2444,
12.3948,15.2525,16.3086,
12.2981,15.3126,16.3732,
12.3948,15.3728,16.1804,
12.3463,15.2525,16.3086,
12.25,15.3126,16.3732,
12.3463,15.2525,16.3086,
12.3463,15.2525,16.2444,
12.3463,15.3126,16.3732,
12.2981,15.3728,16.3732,
