11.9185,14.3812,17.7262,
11.9185,14.3812,17.7262,
11.9185,14.3812,17.7262,
11.9185,14.3812,17.7262,
11.9185,14.3812,17.7262,
11.9185,14.3812,17.7262,
11.9185,14.3812,17.7262,
11.9185,14.3812,17.6556,
11.9185,14.4377,17.7262,
11.9653,14.3812,17.6556,
11.9653,14.4377,17.6556,
12.0123,14.4943,17.7262,
12.0595,14.5512,17.7262,
12.1544,14.5512,17.6556,
12.3463,14.6657,17.7262,
12.5412,14.7811,17.7971,
12.7889,14.8392,17.7262,
12.9906,14.9561,17.7971,
13.2471,15.1332,17.7262,
13.5086,15.2525,17.7971,
13.7753,15.3728,17.7971,
13.9926,15.6166,17.9399,
14.2133,15.8021,17.8683,
14.4377,15.9271,17.8683,
14.6084,16.1804,17.8683,
14.7811,16.3086,17.8683,
14.8975,16.5032,17.9399,
15.0739,16.7003,17.9399,
15.1332,16.9,17.8683,
15.3126,16.9672,17.8683,
15.4942,17.1024,17.8683,
15.6166,17.3075,17.9399,
15.6781,17.5154,18.0117,
15.8021,17.7262,18.0839,
15.8021,17.8683,18.0839,
15.8645,18.0117,18.0839,
15.99,18.2293,18.1565,
16.0532,18.3761,18.2293,
16.0532,18.3761,18.1565,
16.1166,18.45,18.2293,
16.1166,18.6738,18.1565,
16.1166,18.7491,18.2293,
16.1166,18.9007,18.1565,
16.1166,18.9771,18.1565,
16.0532,18.9771,18.2293,
16.0532,19.0538,18.2293,
16.0532,19.1309,18.2293,
16.0532,19.1309,18.2293,
16.0532,19.1309,18.2293,
15.99,19.0538,18.2293,
15.99,19.1309,18.1565,
15.99,18.9771,18.1565,
15.99,19.0538,18.2293,
15.99,19.0538,18.1565,
15.9271,19.0538,18.1565,
15.9271,18.9771,18.0839,
15.8645,18.9771,18.1565,
15.8021,18.9007,18.1565,
15.6781,18.9007,18.0839,
15.4942,18.9007,18.2293,
15.3728,18.7491,18.0839,
15.2525,18.7491,18.0839,
15.1927,18.5988,18.0839,
15.0149,18.5242,18.1565,
14.8392,18.3026,18.0117,
14.7233,18.3026,18.0839,
14.6084,18.2293,18.0839,
14.4377,18.1565,18.0839,
14.3251,17.9399,18.0117,
14.0474,17.6556,18.0117,
13.9379,17.5154,18.0117,
13.7753,17.3765,18.0839,
13.668,17.1024,18.0839,
13.5615,16.9,18.0839,
13.5086,16.7003,18.0839,
13.4034,16.5032,18.0117,
13.3511,16.3732,18.0117,
13.2471,16.2444,18.0117,
13.1954,16.0532,18.0839,
13.1439,15.8645,18.0117,
13.0926,15.74,18.0117,
13.0415,15.5552,18.0117,
12.9906,15.3728,18.0117,
12.9399,15.2525,18.0117,
12.8391,15.0739,17.9399,
12.7889,14.9561,18.0117,
12.739,14.7233,17.8683,
12.6893,14.6657,17.9399,
12.6397,14.6084,17.9399,
12.5412,14.4943,17.8683,
12.4922,14.4943,17.8683,
12.4434,14.3251,17.7262,
12.3463,14.2691,17.7971,
12.3463,14.2133,17.7262,
12.2981,14.1578,17.7262,
12.2021,14.1025,17.6556,
12.1544,14.0474,17.6556,
12.1069,14.0474,17.6556,
12.0595,13.9926,17.6556,
12.0595,13.9379,17.5854,
12.0595,13.9379,17.5854,
12.0595,13.9926,17.5854,
12.0123,13.9379,17.5854,
12.0123,13.9926,17.6556,
12.0123,13.9926,17.6556,
12.0595,13.9379,17.5854,
12.0595,13.9926,17.5854,
12.0123,13.9926,17.6556,
12.0123,13.9926,17.5854,
12.0123,13.9926,17.5854,
12.0123,14.0474,17.5854,
12.0123,14.0474,17.6556,
12.0123,14.0474,17.5854,
12.0123,14.0474,17.6556,
