12.1544,14.6657,15.99,
12.2021,14.7233,15.99,
12.2021,14.7233,15.99,
12.2021,14.7233,16.0532,
12.2021,14.7811,15.99,
12.2021,14.8392,16.0532,
12.1544,14.8392,16.0532,
12.1544,14.8975,15.99,
12.2021,14.9561,15.99,
12.1544,15.0149,15.99,
12.1544,15.0149,15.99,
12.1544,15.0739,15.99,
12.1544,15.1332,15.99,
12.1544,15.1927,16.0532,
12.1544,15.2525,16.0532,
12.1544,15.1927,16.0532,
12.1544,15.1927,16.0532,
12.1544,15.3126,16.0532,
12.1544,15.3728,15.99,
12.1544,15.6166,16.0532,
12.1544,15.74,16.0532,
12.1544,15.8645,16.0532,
12.1544,15.8645,16.0532,
12.1544,15.8645,16.0532,
12.1069,15.8645,16.1166,
12.1544,15.8021,16.1166,
12.1069,16.0532,16.0532,
12.1069,16.1804,16.1166,
12.1544,16.3086,16.1166,
12.1544,16.438,16.1166,
12.1544,16.5686,16.1166,
12.1544,16.5686,16.1166,
12.1544,16.6343,16.1166,
12.1544,16.7003,16.1166,
12.1544,16.9,16.1804,
12.1544,16.9672,16.1804,
12.1544,17.0346,16.1166,
12.1544,17.1024,16.1804,
12.2021,17.1705,16.1804,
12.1544,17.1705,16.1166,
12.2021,17.3075,16.1804,
12.2981,17.3765,16.1804,
12.3948,17.5154,16.1804,
12.4434,17.4458,16.1804,
12.4434,17.5154,16.1804,
12.4922,17.4458,16.1804,
12.4434,17.5854,16.1804,
12.5412,17.5854,16.2444,
12.5412,17.6556,16.1804,
12.5904,17.7262,16.2444,
12.6893,17.7971,16.2444,
12.739,17.7971,16.1804,
12.739,17.7971,16.1804,
12.7889,17.8683,16.3086,
12.8391,17.8683,16.2444,
12.8894,17.9399,16.2444,
12.9906,17.8683,16.2444,
13.0926,17.9399,16.2444,
13.0415,17.8683,16.2444,
13.0926,17.9399,16.2444,
13.1439,17.9399,16.2444,
13.1954,17.9399,16.2444,
13.1954,17.9399,16.2444,
13.2471,18.0117,16.2444,
13.2471,17.9399,16.2444,
13.2471,18.0117,16.1804,
13.2471,17.9399,16.1804,
13.1954,17.9399,16.2444,
13.1954,18.0117,16.2444,
13.1439,17.9399,16.1804,
13.1439,17.7971,16.1804,
13.0926,17.8683,16.1804,
13.0415,17.8683,16.2444,
12.9399,17.7262,16.2444,
12.8894,17.5854,16.1804,
12.8391,17.4458,16.1804,
12.739,17.3075,16.1804,
12.739,17.2388,16.1804,
12.6893,17.0346,16.1804,
12.6893,17.0346,16.1804,
12.6893,16.9,16.1166,
12.6397,16.8331,16.1166,
12.5904,16.6343,16.1166,
12.5904,16.6343,16.1166,
12.5904,16.5686,16.1804,
12.5412,16.5032,16.1166,
12.5412,16.438,16.1166,
12.5412,16.3086,16.1166,
12.4922,16.2444,16.1166,
12.4922,16.1166,16.1166,
12.4922,16.0532,16.1166,
12.4434,15.99,16.1166,
12.4434,15.8645,16.1166,
12.3948,15.8021,16.1166,
12.3463,15.74,16.1166,
12.3463,15.6781,16.0532,
12.3463,15.5552,16.1166,
12.2981,15.4942,16.1166,
12.2981,15.4334,16.1166,
12.3463,15.3728,16.1804,
12.2981,15.3126,16.1166,
12.25,15.1927,16.1166,
12.25,15.0739,16.1166,
12.25,15.0739,16.1166,
12.25,15.0149,16.1166,
12.25,14.9561,16.1166,
12.25,14.8392,16.1166,
12.2021,14.7233,16.0532,
12.2021,14.6657,16.0532,
12.2021,14.6084,16.1166,
12.2021,14.6084,16.1166,
12.2021,14.5512,16.1166,
12.2021,14.5512,16.0532,
12.2021,14.4943,16.0532,
12.2021,14.4943,16.0532,
12.1544,14.4377,15.99,
12.1544,14.4377,15.99,
12.1069,14.3812,15.99,
12.1069,14.3812,15.99,
12.1069,14.3812,15.9271,
12.1069,14.3812,15.99,
12.1069,14.3812,15.99,
12.0595,14.3251,15.9271,
12.0595,14.3812,15.9271,
12.0595,14.3812,15.9271,
