557,440,493,
559,439,495,
559,440,495,
559,444,495,
556,440,493,
555,442,497,
554,441,499,
557,442,502,
556,447,506,
556,448,509,
558,450,514,
557,456,521,
559,459,524,
560,465,533,
559,471,537,
560,479,547,
561,492,554,
564,503,564,
561,516,572,
563,528,579,
565,535,585,
565,539,587,
568,545,591,
570,548,591,
570,549,593,
569,551,593,
570,552,595,
572,555,596,
571,555,595,
571,555,596,
574,553,596,
572,556,594,
575,557,595,
574,557,595,
574,552,595,
574,546,592,
574,532,588,
574,519,582,
572,505,573,
572,490,564,
571,480,545,
570,469,537,
568,463,531,
568,457,521,
568,450,514,
567,446,509,
565,442,500,
563,436,496,
561,433,490,
561,433,488,
561,433,489,
561,436,490,
562,435,489,
559,436,488,
561,433,486,
560,436,492,
561,436,488,
562,435,470,
561,437,488,
562,437,488,
561,437,488,
563,437,488,
563,438,487,
561,437,489,
560,437,489,
561,438,488,
