560,448,503,
559,447,503,
559,447,503,
560,448,502,
560,446,502,
561,448,503,
560,447,504,
558,448,503,
558,446,506,
558,448,507,
558,449,510,
558,453,512,
557,453,512,
560,457,520,
559,460,524,
562,465,532,
562,472,541,
561,480,549,
562,491,555,
563,498,562,
564,511,568,
559,522,569,
561,531,575,
560,533,575,
561,539,576,
562,542,584,
562,545,586,
561,548,588,
561,548,588,
563,552,589,
562,555,591,
564,555,584,
563,556,591,
565,559,592,
566,561,592,
564,560,592,
565,560,590,
567,559,592,
567,553,589,
570,541,588,
570,525,581,
567,511,572,
568,496,564,
570,485,557,
569,480,551,
564,474,542,
565,472,538,
565,466,525,
565,464,531,
563,461,527,
561,458,522,
561,454,518,
561,452,514,
561,449,506,
561,447,506,
561,440,500,
560,444,502,
561,441,497,
564,442,497,
564,441,496,
562,437,496,
562,439,494,
563,438,496,
564,441,495,
563,440,495,
563,439,493,
562,441,495,
565,441,495,
565,442,495,
563,439,493,
563,440,491,
564,439,496,
564,441,496,
,
