556,441,492,
555,443,492,
554,442,491,
555,443,491,
555,441,492,
556,443,492,
555,441,491,
555,440,492,
554,441,492,
554,442,492,
554,444,483,
553,442,493,
551,440,493,
551,442,496,
552,443,496,
553,444,497,
551,446,499,
551,447,500,
553,451,506,
554,451,509,
554,454,514,
554,454,515,
553,461,522,
554,467,531,
555,478,547,
557,498,557,
559,509,561,
558,517,567,
560,524,573,
561,529,577,
561,537,582,
561,536,583,
564,538,586,
565,542,586,
563,546,589,
566,545,588,
565,545,589,
566,547,590,
568,548,591,
568,549,591,
570,549,590,
569,550,589,
569,551,590,
571,550,589,
573,550,591,
570,545,588,
573,531,583,
571,515,578,
569,496,568,
569,484,556,
567,474,543,
566,462,533,
565,455,527,
564,453,520,
563,452,514,
560,447,511,
562,445,508,
560,441,504,
563,440,500,
559,437,495,
558,434,491,
559,434,487,
560,434,486,
558,434,485,
560,434,486,
558,434,485,
558,434,484,
558,435,486,
559,435,487,
561,436,486,
558,435,487,
559,433,487,
558,436,488,
560,437,488,
562,438,488,
560,439,486,
