559,441,490,
560,438,491,
558,440,489,
558,439,491,
553,436,487,
547,433,481,
545,431,482,
543,429,481,
541,423,481,
522,414,471,
534,428,479,
534,432,486,
537,433,495,
550,445,505,
556,455,523,
555,460,531,
555,462,536,
553,469,543,
554,476,546,
553,486,551,
561,499,564,
563,509,569,
560,510,565,
559,514,546,
559,519,575,
562,526,580,
560,528,578,
559,530,582,
563,536,586,
565,536,585,
563,540,575,
562,538,586,
564,539,590,
565,542,588,
566,540,589,
567,540,588,
568,537,585,
568,530,581,
570,520,576,
566,503,564,
564,489,551,
565,475,522,
566,462,526,
562,454,518,
560,449,509,
559,444,506,
557,441,498,
556,440,493,
555,437,493,
555,434,489,
552,431,482,
553,431,482,
553,430,482,
562,436,487,
555,432,480,
560,436,485,
562,437,486,
562,438,488,
561,439,488,
562,440,490,
562,440,490,
560,437,488,
560,439,488,
561,439,488,
562,438,491,
561,440,490,
561,441,489,
554,438,484,
555,437,486,
,
