565,436,474,
565,436,475,
563,435,476,
563,436,474,
563,435,474,
565,434,474,
563,435,476,
560,436,475,
564,436,476,
560,436,477,
564,439,481,
559,438,477,
558,438,479,
558,439,483,
558,441,485,
559,443,485,
559,442,487,
555,443,487,
556,447,490,
558,446,493,
558,452,496,
557,453,499,
558,455,502,
559,458,508,
560,462,512,
562,465,518,
562,468,521,
563,473,529,
562,477,535,
562,479,541,
562,480,543,
556,482,546,
554,485,549,
560,495,559,
555,494,559,
552,495,560,
549,495,560,
550,499,563,
548,500,567,
545,501,566,
542,500,564,
522,484,545,
539,502,568,
542,508,572,
536,507,569,
538,509,569,
542,517,577,
552,532,588,
560,539,596,
562,544,598,
563,548,600,
566,553,604,
565,555,603,
564,556,604,
564,556,603,
562,557,604,
564,558,604,
566,556,605,
566,556,606,
565,551,605,
566,543,602,
565,532,596,
567,522,587,
566,513,575,
562,505,564,
562,497,558,
562,488,551,
560,481,541,
560,475,535,
563,470,527,
561,466,522,
562,463,516,
563,462,513,
563,459,510,
561,455,506,
561,454,501,
562,452,500,
562,449,497,
561,448,495,
560,447,491,
562,446,490,
561,447,491,
563,446,489,
561,444,486,
562,445,484,
561,442,483,
561,441,479,
563,441,481,
561,439,478,
561,438,477,
562,437,477,
563,437,475,
563,438,477,
562,436,476,
561,438,474,
563,435,475,
563,435,475,
564,436,476,
561,435,476,
563,436,473,
561,434,474,
563,435,474,
563,437,474,
562,435,473,
563,436,473,
,
