13.1954,19.443,20.1676,
13.1954,18.7491,19.2084,
13.1954,18.6738,19.1309,
13.299,18.3761,19.443,
13.4559,18.5242,19.6013,
13.4034,18.3761,20.0038,
13.4034,18.2293,20.0038,
13.7216,18.3761,21.6275,
15.4942,20.0855,28.618,
15.1332,19.681,28.8777,
15.4942,20.2501,29.4069,
13.9926,18.3761,27.0048,
15.2525,19.5219,28.2344,
16.1166,19.5219,23.3188,
16.7666,19.681,20.7537,
18.1565,19.681,26.4169,
19.6013,19.8416,29.4069,
20.4163,19.3644,21.7174,
21.9897,18.9007,27.1245,
22.7371,17.8683,21.3607,
23.6167,18.45,19.3644,
24.8584,17.1024,22.3595,
26.0723,19.2862,17.7971,
27.1245,18.8247,19.2862,
27.366,15.3126,20.4163,
27.6104,16.3086,17.8683,
27.8577,17.0346,17.0346,
28.3615,27.366,16.0532,
28.3615,27.8577,14.6657,
29.4069,28.2344,15.1927,
29.2734,27.9825,17.1705,
29.4069,28.1081,15.2525,
29.1407,27.366,14.8975,
28.8777,27.7337,15.0149,
28.3615,27.8577,17.3075,
28.2344,27.9825,14.8392,
27.366,27.7337,15.3126,
25.9588,27.2449,20.1676,
25.182,26.7676,17.2388,
23.9195,26.65,16.5032,
23.1228,26.5331,15.2525,
21.8984,26.1865,14.7811,
20.8391,25.8459,17.7262,
19.8416,25.5111,16.5686,
19.0538,25.8459,15.74,
18.45,25.8459,18.5988,
18.0839,25.6221,20.1676,
17.6556,25.7337,20.9249,
17.2388,25.5111,19.5219,
16.9672,25.5111,16.3732,
16.6343,25.4008,15.4334,
16.3732,22.4531,16.7666,
16.1166,21.8077,15.8021,
15.9271,24.7517,14.7811,
15.74,23.818,15.9271,
15.5552,21.7174,15.9271,
15.4334,22.7371,18.8247,
15.3126,20.9249,15.9271,
15.1927,18.7491,15.8021,
15.1332,24.8584,15.9271,
15.0739,24.7517,15.8021,
15.0149,24.5402,15.6166,
14.9561,23.5168,15.5552,
14.8975,24.4353,15.4334,
14.8392,23.5168,15.1927,
14.7811,21.5381,15.0149,
14.8392,22.8328,14.7233,
14.7811,19.2084,14.4377,
14.7233,18.2293,14.3251,
14.7811,24.2273,15.6166,
14.7811,24.1241,17.1024,
14.8392,23.9195,17.1024,
14.8975,23.818,16.7666,
14.8975,23.6167,16.9,
15.1332,23.5168,18.0117,
15.1927,23.7171,18.5988,
15.4334,23.5168,18.5242,
15.4334,22.642,18.0839,
15.4942,22.2663,18.2293,
15.5552,22.0814,22.4531,
15.4942,21.4492,22.8328,
15.3728,20.6687,13.9379,
15.74,21.1851,19.3644,
15.8645,21.9897,18.9771,
15.9271,21.9897,18.7491,
15.9271,21.5381,13.7216,
15.8021,21.5381,14.6084,
15.8645,21.8077,16.5032,
15.74,21.7174,13.299,
15.6166,21.5381,19.9225,
15.6166,21.5381,14.7233,
15.6166,21.4492,14.3251,
15.6781,21.5381,12.6397,
15.8021,21.5381,15.8645,
15.4942,21.4492,14.3812,
15.5552,21.3607,12.8391,
15.3126,21.2727,14.1578,
15.1927,21.0979,15.6781,
14.9561,20.8391,15.8645,
14.9561,21.0112,14.1578,
14.9561,20.9249,12.6893,
14.8392,20.7537,13.4559,
14.7811,20.7537,14.7811,
14.6657,20.333,17.7971,
14.6084,15.3728,15.8021,
14.7233,18.9007,15.4334,
14.8975,19.681,14.4377,
15.1332,17.7971,14.7811,
15.2525,15.74,15.6781,
15.3728,21.1851,11.9653,
15.3126,21.1851,11.7329,
15.2525,21.0112,11.6869,
15.2525,21.0979,11.9185,
15.3126,21.0979,13.9926,
15.3126,21.1851,13.8835,
