13.299,15.4334,19.2084,
13.299,16.9672,19.1309,
13.299,17.1024,19.2084,
13.299,17.6556,19.1309,
13.299,20.1676,19.0538,
13.299,20.2501,18.9771,
13.299,20.0855,18.8247,
13.299,20.0038,18.7491,
13.2471,20.1676,18.7491,
13.2471,20.4163,18.8247,
13.2471,20.333,18.7491,
13.2471,20.4163,18.7491,
13.2471,20.2501,18.7491,
13.2471,20.5841,18.7491,
13.2471,20.5,18.7491,
13.2471,20.5,18.7491,
13.2471,20.5,18.7491,
13.2471,20.4163,18.7491,
13.2471,20.333,18.7491,
13.2471,20.333,18.7491,
12.9906,20.333,18.7491,
13.0415,20.4163,18.7491,
11.325,20.333,18.6738,
13.0415,20.333,18.6738,
14.1025,20.333,18.7491,
15.0149,20.333,18.7491,
16.1804,20.4163,18.7491,
17.3075,20.333,18.7491,
17.9399,20.4163,18.8247,
18.1565,20.333,18.8247,
20.2501,20.1676,18.7491,
21.2727,20.0855,18.6738,
22.2663,20.2501,18.7491,
22.5473,20.6687,18.6738,
24.1241,20.0855,18.5988,
24.6457,18.6738,18.3761,
25.2911,19.2084,18.2293,
25.6221,18.7491,18.2293,
25.8459,18.5988,18.45,
19.1309,19.2084,18.6738,
26.7676,19.1309,19.2862,
21.5381,20.333,20.0038,
17.1024,18.9007,19.5219,
26.4169,19.7611,19.3644,
25.0735,19.5219,19.2862,
24.4353,18.5988,19.2084,
24.6457,18.9771,19.2084,
26.0723,18.7491,19.2084,
23.6167,18.5988,19.2084,
22.3595,18.9007,19.0538,
23.0256,18.9771,18.9771,
21.8984,18.9771,18.9771,
19.5219,18.8247,18.9007,
18.2293,18.45,18.9007,
17.5854,17.9399,18.7491,
16.6343,17.9399,19.2084,
15.8645,17.5154,18.6738,
15.1332,21.0112,18.7491,
13.5086,21.3607,18.5242,
15.5552,21.1851,18.5242,
15.2525,21.3607,18.3761,
15.1927,21.4492,18.3761,
15.0739,21.2727,18.3026,
14.8975,21.3607,18.2293,
14.7233,21.3607,20.0855,
14.5512,21.3607,22.0814,
14.4943,21.4492,18.3761,
14.3812,21.3607,18.3026,
14.3812,21.3607,20.2501,
14.4943,21.4492,18.9771,
14.3251,21.2727,20.1676,
14.2691,21.1851,18.2293,
14.2133,21.3607,19.8416,
14.2133,21.4492,18.5988,
14.1578,21.1851,18.3026,
14.1578,21.1851,19.3644,
14.1025,21.0112,19.443,
14.1025,21.0979,18.45,
14.1025,21.1851,18.3026,
14.1025,20.8391,18.2293,
14.1025,20.2501,20.8391,
14.0474,18.0117,21.4492,
14.0474,18.6738,22.5473,
14.0474,18.2293,20.1676,
14.1025,18.3026,18.3026,
14.1025,16.9672,21.3607,
14.1025,16.438,23.2205,
14.1025,15.6166,26.3014,
14.1025,15.3728,24.0215,
14.2133,16.438,20.5,
14.2133,16.5032,20.5,
14.2691,16.2444,22.3595,
13.7216,16.5032,25.8459,
13.7753,16.438,16.9,
14.1025,16.0532,19.9225,
14.2133,15.8021,15.5552,
14.1025,15.6166,26.0723,
14.1578,15.4942,15.2525,
14.1578,15.4334,15.8645,
13.668,15.4334,19.1309,
13.7216,15.3728,20.1676,
13.8835,15.3728,15.5552,
13.7216,15.4942,16.2444,
13.1954,15.2525,17.5154,
13.3511,15.4942,15.9271,
13.9379,15.6166,18.8247,
13.9379,15.6781,14.8975,
13.8293,15.74,17.5154,
13.1439,15.8021,19.7611,
13.0415,15.8645,17.8683,
13.6147,15.8021,19.2084,
13.2471,16.0532,21.0979,
13.7216,16.2444,20.2501,
13.6147,16.3732,15.2525,
13.668,16.1804,15.0739,
13.668,16.7003,15.8645,
13.4034,16.5686,15.3728,
13.5615,16.7666,15.4942,
13.5615,16.7003,14.8975,
13.5615,16.7666,14.8392,
13.5615,16.7003,14.8975,
13.3511,16.6343,14.6084,
13.2471,16.5686,15.6166,
12.9399,16.7666,16.7003,
12.6893,16.7003,16.2444,
13.3511,16.7003,14.5512,
13.4034,16.6343,14.8392,
13.3511,16.7003,14.3251,
13.3511,16.7666,14.2133,
12.8894,16.7003,14.1578,
12.739,16.8331,14.1578,
13.0415,16.7666,14.0474,
