13.1954,20.0038,21.8077,
13.1954,19.7611,20.7537,
13.1954,19.681,21.2727,
13.1439,19.2862,20.5841,
13.1439,16.1166,20.5,
13.1439,15.1927,20.5841,
13.1439,15.4942,20.6687,
13.1439,17.3765,20.5841,
12.9906,16.438,20.1676,
13.1439,15.1927,20.4163,
13.1439,20.0038,20.0038,
13.0415,19.3644,19.681,
12.9399,20.2501,19.681,
13.1439,19.2862,20.9249,
13.1439,19.681,21.8984,
13.1439,20.1676,18.7491,
13.1439,19.6013,18.7491,
13.1439,19.0538,18.7491,
13.299,17.7262,18.8247,
13.4559,20.5841,22.1736,
14.0474,18.5988,24.5402,
15.5552,23.2205,23.1228,
17.5154,17.1705,21.4492,
19.0538,15.6166,22.4531,
20.5,16.7003,13.7216,
21.4492,16.6343,14.7233,
23.0256,21.8984,16.9,
24.0215,21.0112,17.2388,
24.6457,16.6343,13.7753,
24.9657,17.9399,18.5988,
25.6221,17.5154,19.443,
26.1865,25.182,18.1565,
26.1865,25.2911,13.8835,
26.5331,25.6221,13.299,
26.8858,25.7337,14.6657,
26.8858,25.6221,17.6556,
26.8858,25.4008,16.1166,
26.8858,25.0735,15.3126,
26.65,24.331,18.0839,
26.0723,24.5402,16.2444,
25.7337,25.182,16.5686,
25.2911,25.0735,15.2525,
24.5402,24.9657,14.3812,
23.818,24.4353,14.7811,
22.642,23.818,15.6166,
21.7174,22.0814,18.8247,
20.7537,20.5841,18.5242,
19.6013,23.5168,15.8645,
18.8247,21.3607,14.6084,
17.7971,22.5473,13.1439,
17.1024,21.9897,15.99,
16.6343,22.9289,14.9561,
16.2444,19.443,14.3251,
15.8021,17.5154,19.7611,
15.3728,17.4458,15.6166,
15.0739,16.2444,14.8392,
14.9561,19.2084,14.7811,
14.6084,18.3026,14.8975,
14.5512,18.45,14.7811,
14.4943,23.0256,15.0149,
14.4377,14.8975,15.1927,
14.2691,16.1804,15.1332,
13.7753,16.7666,15.2525,
13.8835,14.7811,15.2525,
13.8293,18.5242,15.3126,
13.7216,18.5242,15.1927,
13.7216,16.7003,15.1927,
13.7216,15.0149,16.6343,
13.668,14.1578,14.5512,
13.668,17.8683,14.2133,
13.6147,17.9399,14.0474,
13.6147,18.5242,14.0474,
13.5086,18.5242,13.8293,
13.5086,15.9271,13.7753,
13.4034,16.0532,13.4559,
13.4559,16.1804,13.3511,
13.1439,16.3732,13.1439,
13.5086,16.5032,16.7003,
13.5086,17.5854,13.4034,
13.5615,17.4458,13.7216,
13.668,17.5154,18.8247,
13.7753,17.3765,14.0474,
13.9379,16.5032,16.6343,
14.1025,15.74,14.8975,
14.2133,16.438,13.2471,
14.2691,16.1166,12.5412,
14.1578,15.0149,12.3948,
14.2133,14.5512,12.6893,
14.3251,14.8392,12.739,
14.3251,14.8975,13.0415,
14.3251,14.8975,14.4943,
14.2691,13.3511,13.2471,
14.2691,14.3812,15.4942,
13.9926,14.9561,11.9185,
13.4559,14.6657,12.739,
14.4377,14.3812,16.3732,
14.4377,14.1025,11.9653,
14.2133,13.8293,12.5412,
13.5086,13.8293,14.6657,
13.4559,13.6147,13.668,
13.9926,13.7216,12.8894,
13.7753,13.7216,12.5904,
13.668,13.7216,13.3511,
14.0474,13.3511,12.3463,
13.9926,13.3511,12.4922,
13.9926,13.3511,12.9906,
13.9379,13.2471,12.5412,
13.7753,13.0926,12.3948,
13.2471,13.1954,12.4434,
13.668,13.2471,12.9399,
13.7216,13.299,13.4559,
13.6147,14.9561,12.4922,
13.4034,14.7811,12.8894,
13.5615,14.7233,12.739,
13.5086,14.4943,12.6893,
13.4559,14.2691,14.2133,
13.4559,14.7233,15.4334,
13.4559,14.7233,15.6166,
13.4034,14.6084,18.1565,
13.4034,15.2525,15.0149,
13.4034,15.3126,14.1578,
13.4034,15.1927,14.2133,
13.3511,15.2525,14.3812,
