13.3511,17.1705,15.5552,
13.3511,16.9,17.7262,
13.3511,17.1705,19.2862,
13.3511,15.8021,20.2501,
13.299,15.1332,20.8391,
13.299,15.8021,19.8416,
13.3511,15.8645,19.681,
13.3511,16.9672,19.7611,
13.3511,18.9771,19.2862,
13.3511,19.2084,19.2862,
13.3511,19.0538,19.2862,
13.3511,17.1024,19.3644,
13.4034,16.7666,19.3644,
13.2471,16.3732,19.1309,
13.6147,16.7666,18.9771,
13.6147,16.7003,18.8247,
14.4377,16.7666,18.9007,
16.3732,17.0346,19.0538,
17.3765,17.2388,18.9007,
15.1927,17.2388,18.9771,
19.9225,17.3075,18.9007,
19.6013,18.1565,18.8247,
22.7371,18.0839,18.9007,
22.7371,18.3761,19.0538,
23.4175,17.3765,19.0538,
24.9657,16.7003,18.9771,
25.8459,16.0532,18.9007,
26.1865,19.1309,19.0538,
26.5331,17.4458,19.0538,
26.65,20.5841,19.2084,
26.8858,17.5154,23.9195,
26.5331,19.8416,24.2273,
26.3014,16.9,23.0256,
25.0735,17.1024,22.2663,
24.9657,14.1025,20.5841,
24.4353,17.9399,21.7174,
22.4531,17.9399,19.6013,
23.1228,18.0117,19.9225,
22.1736,18.2293,25.8459,
21.0112,18.0839,21.0979,
20.333,18.5988,23.2205,
19.5219,18.3026,22.642,
18.7491,18.3026,19.443,
17.8683,18.5988,25.5111,
17.2388,18.3026,23.2205,
16.8331,18.0117,23.9195,
16.3732,17.6556,18.0117,
15.99,15.0739,20.4163,
15.6781,16.3732,17.1024,
15.3728,17.6556,18.5242,
14.8975,19.9225,15.3126,
14.8975,20.0038,20.0038,
14.7811,20.0855,15.5552,
14.6657,20.2501,15.6781,
14.5512,20.2501,15.4334,
14.4943,20.5,15.6166,
14.4377,20.7537,16.1166,
14.3251,20.6687,19.8416,
14.2133,20.2501,18.45,
14.1578,18.9007,17.5154,
14.1025,18.5242,15.9271,
14.0474,16.2444,19.2084,
13.9926,15.6781,16.5032,
13.9379,15.99,19.0538,
13.8835,16.2444,17.6556,
13.7216,16.438,16.6343,
13.5086,16.5686,18.9007,
13.7216,15.8645,16.0532,
13.9379,15.1927,19.1309,
13.8293,14.5512,17.5854,
13.9379,16.5686,16.2444,
14.1578,15.99,14.7811,
14.2691,14.7811,15.2525,
14.3812,12.5412,18.5242,
14.6084,17.4458,18.9771,
13.8293,17.1024,16.3086,
14.7233,15.5552,17.7262,
13.668,13.9926,15.8645,
14.6657,14.2133,13.5615,
14.4943,14.2133,15.2525,
14.4943,14.3812,16.7003,
14.2691,14.2691,13.5086,
14.0474,14.1025,14.0474,
13.9926,13.9926,13.4034,
14.2691,14.2133,13.5615,
14.1578,14.6657,13.6147,
14.0474,14.2691,12.739,
12.9906,13.0926,13.299,
13.5615,13.1439,12.8894,
12.739,13.4559,14.0474,
13.6147,16.3732,13.3511,
12.7889,16.1166,13.299,
12.8894,15.0739,12.4434,
12.739,13.4034,13.5086,
12.8894,12.25,13.3511,
12.9399,18.9771,13.8293,
13.4559,18.7491,12.8391,
13.3511,13.668,12.4922,
13.4559,13.6147,11.5954,
13.5615,12.9906,15.1927,
13.6147,12.9399,13.5615,
13.5086,14.3812,12.2981,
13.4559,16.3086,12.3948,
13.5086,16.3732,12.5412,
13.5086,15.99,12.0595,
13.5615,16.3732,13.4559,
13.5615,16.3732,13.299,
13.4559,16.3732,13.4034,
13.4559,16.438,13.3511,
13.5086,16.3732,13.3511,
