14.8975,22.9289,24.1241,
14.8392,22.9289,24.1241,
14.8392,22.7371,22.8328,
14.9561,22.642,22.7371,
15.3126,22.2663,23.7171,
15.99,22.9289,24.6457,
15.9271,22.4531,24.6457,
14.6657,20.9249,23.1228,
14.7811,20.8391,23.2205,
14.6657,15.8645,23.4175,
14.4943,19.8416,23.4175,
13.1439,17.6556,21.7174,
13.668,16.9672,22.642,
14.2691,18.45,23.5168,
14.2691,18.0117,23.6167,
14.3812,17.6556,20.1676,
14.2133,18.0117,21.6275,
13.7753,17.7971,20.0038,
14.3812,17.6556,24.5402,
16.5686,18.5988,21.6275,
18.8247,19.681,28.2344,
20.0855,19.2862,20.6687,
21.0979,18.5988,21.4492,
22.5473,15.3728,29.5413,
24.6457,17.5154,25.5111,
24.5402,18.45,21.6275,
25.4008,18.6738,27.0048,
25.8459,20.0855,30.226,
25.9588,21.0112,25.5111,
26.1865,22.9289,30.5061,
27.1245,22.3595,27.7337,
28.3615,24.8584,21.9897,
29.8126,22.642,21.5381,
27.8577,20.1676,20.4163,
27.1245,20.5841,19.8416,
26.8858,21.0112,19.6013,
26.65,21.3607,19.5219,
26.3014,20.7537,19.5219,
26.1865,21.0979,19.6013,
25.7337,20.5,19.443,
25.0735,19.443,19.2862,
24.331,19.2862,19.1309,
23.4175,17.0346,19.0538,
22.5473,17.1024,19.0538,
21.9897,18.3761,19.0538,
21.1851,19.2084,19.0538,
20.333,19.2862,18.9007,
19.6013,19.2862,18.9007,
18.9007,19.1309,20.5,
18.3026,19.2084,22.0814,
17.7971,18.8247,21.7174,
17.5854,19.2862,21.0112,
17.5154,19.9225,19.1309,
17.7262,20.2501,19.7611,
17.5154,20.5,19.7611,
16.9672,20.4163,26.5331,
17.0346,20.8391,26.4169,
16.8331,20.7537,20.0855,
16.5686,20.6687,22.4531,
16.3732,20.5,22.1736,
16.1166,20.5841,21.1851,
15.9271,20.2501,19.9225,
15.1927,17.1705,22.3595,
15.0149,15.8645,19.2862,
14.7811,16.3732,19.9225,
14.6084,16.3086,21.7174,
14.6084,16.8331,23.3188,
14.3251,16.7666,18.9771,
14.2691,17.5854,18.9771,
14.2133,15.99,18.8247,
14.1578,15.6166,18.8247,
14.2133,16.3732,18.9771,
14.1578,16.2444,21.1851,
14.1578,16.7666,21.6275,
14.1578,18.2293,19.2084,
14.1025,16.7003,19.8416,
14.0474,14.6084,19.1309,
13.9926,14.1578,21.3607,
13.9926,13.8835,19.5219,
13.9379,13.1439,18.6738,
13.9379,12.5904,18.7491,
13.8835,13.4034,19.9225,
13.9926,13.7216,22.2663,
14.0474,11.2806,25.182,
13.9379,15.0739,18.0839,
14.5512,15.99,21.0979,
14.8975,16.5032,23.3188,
14.2133,14.3812,22.0814,
15.4334,16.0532,18.3026,
15.4942,14.3812,24.5402,
15.4334,10.9303,17.6556,
15.5552,13.6147,19.8416,
15.3728,13.668,20.0855,
15.0149,17.0346,17.0346,
15.2525,17.0346,21.5381,
15.1927,16.7003,16.7003,
15.1332,15.4942,16.5686,
14.9561,14.4377,16.5032,
14.8975,14.3251,16.5686,
14.7811,14.0474,16.7666,
14.9561,14.4943,17.0346,
15.2525,15.9271,17.4458,
15.6166,17.4458,16.3732,
16.1166,14.5512,18.5988,
15.0739,19.2862,17.7262,
15.1332,14.2691,17.8683,
16.3086,18.0117,18.9771,
15.9271,17.7262,18.5988,
15.4942,17.0346,18.0839,
15.0739,17.0346,17.6556,
14.7811,16.9,17.4458,
14.6084,16.6343,17.1705,
14.4377,16.5032,16.9672,
13.7216,16.1166,16.1804,
14.2133,16.7003,16.7666,
14.1025,16.7666,16.5686,
14.0474,16.8331,16.5686,
14.0474,16.6343,16.5032,
13.9926,16.6343,16.5032,
13.9926,16.7666,16.438,
13.9926,16.7003,16.438,
13.9379,16.7666,16.3732,
13.8835,16.7666,16.3086,
13.8293,16.6343,16.2444,
13.8293,16.7003,16.1804,
13.8293,16.5686,16.1804,
13.8293,16.5686,16.1804,
13.8293,16.5032,16.1166,
13.8293,16.5686,16.1166,
13.7753,16.5032,16.0532,
13.7753,16.5686,16.0532,
13.7753,16.438,16.0532,
13.7753,16.6343,15.99,
13.7753,16.7003,15.99,
13.7753,16.5032,15.99,
