12.8391,20.0855,19.7611,
12.7889,16.9672,21.0979,
12.7889,17.1024,17.7262,
12.739,16.5032,15.9271,
12.739,16.1804,14.7811,
12.6893,16.5032,14.4943,
12.6893,19.1309,14.7811,
12.739,18.5988,14.8392,
12.6397,18.3026,14.8392,
12.6397,17.5854,14.8975,
12.6893,17.1705,15.1332,
12.739,17.7262,15.3126,
12.7889,20.7537,15.6781,
12.7889,20.5,16.2444,
12.5904,20.6687,16.9,
12.7889,20.7537,17.1024,
12.7889,20.5841,17.5154,
12.7889,20.1676,17.7262,
12.8391,18.9771,17.7971,
12.7889,22.7371,17.7971,
12.8894,22.7371,17.7971,
13.0415,22.642,17.7971,
13.2471,22.8328,17.7971,
13.7216,22.8328,17.7971,
14.8975,23.2205,18.0839,
18.2293,25.9588,20.5,
19.7611,26.4169,20.8391,
20.5,25.9588,20.0855,
21.4492,25.6221,20.333,
21.0979,24.1241,18.8247,
23.6167,25.9588,18.9007,
23.0256,24.0215,17.9399,
23.4175,20.6687,17.6556,
24.8584,19.2084,18.3761,
24.1241,16.8331,17.6556,
24.4353,24.7517,17.5854,
24.5402,22.8328,17.3765,
24.7517,20.7537,17.0346,
24.6457,16.2444,16.2444,
24.8584,15.5552,18.2293,
25.2911,24.8584,19.8416,
25.5111,24.6457,17.8683,
25.7337,21.8077,21.5381,
26.1865,18.0839,21.1851,
25.6221,16.2444,19.1309,
26.0723,16.438,21.1851,
26.5331,16.3732,21.3607,
26.3014,14.6657,20.6687,
26.0723,15.8645,20.1676,
25.6221,14.7233,20.333,
25.6221,14.3251,20.5841,
25.2911,14.0474,21.0979,
24.4353,15.4334,19.2084,
23.818,15.3728,21.3607,
23.3188,15.4942,20.0855,
22.5473,15.6166,19.1309,
21.6275,15.4942,19.0538,
20.5,15.5552,20.1676,
19.6013,15.74,19.3644,
18.5988,15.6166,18.3026,
17.6556,14.6657,19.5219,
17.1024,17.5154,19.2862,
16.5686,20.0855,19.7611,
16.1166,20.7537,21.7174,
15.74,20.9249,19.1309,
15.3126,17.5854,19.9225,
14.7233,19.7611,21.0979,
14.8392,21.7174,20.9249,
14.7233,19.2862,19.0538,
14.6084,19.681,19.5219,
14.5512,20.8391,19.7611,
14.1025,20.7537,17.3765,
14.3251,23.7171,22.642,
14.1025,22.7371,18.3026,
14.0474,16.0532,21.9897,
14.0474,16.8331,17.6556,
13.7753,16.8331,17.9399,
13.9926,16.2444,17.7971,
13.8293,16.3732,20.5,
13.8293,17.8683,17.8683,
13.7753,18.2293,20.0038,
13.7216,18.0117,17.7262,
13.668,17.9399,17.7262,
13.668,18.0839,17.7262,
13.6147,17.9399,17.5854,
13.6147,18.45,17.5154,
13.6147,18.3761,17.3765,
13.5615,17.7971,17.3075,
13.5615,17.5854,16.9672,
13.5615,17.3765,15.6166,
13.6147,16.438,15.1927,
13.7216,16.1804,15.2525,
13.7753,13.8293,16.1804,
13.8835,14.6084,15.2525,
14.0474,14.6657,15.3126,
14.2133,13.8835,15.9271,
14.4377,15.6166,18.9771,
14.5512,15.5552,16.2444,
14.6657,15.3126,14.6657,
14.7811,13.9926,14.1578,
14.8392,14.0474,13.8293,
14.8975,14.0474,16.3086,
14.8975,13.7753,20.4163,
14.8392,13.7753,13.299,
14.7233,13.9926,16.1804,
14.6657,13.7753,19.7611,
14.6084,13.9926,12.9906,
14.4943,13.9379,14.2133,
14.3812,13.668,14.2133,
14.3251,14.2691,13.5615,
14.2691,13.8293,16.438,
14.2133,13.4559,16.5032,
14.1578,13.7753,16.5032,
14.1578,13.1954,16.6343,
15.0739,13.2471,17.7971,
15.5552,13.299,18.1565,
15.8021,18.2293,18.1565,
15.6781,17.3075,16.7003,
15.99,16.7003,16.5686,
15.6166,15.1927,15.99,
15.4334,14.7233,15.0739,
15.6166,14.7233,14.7233,
15.74,21.2727,15.4334,
15.6781,20.7537,17.3765,
15.5552,18.8247,15.5552,
15.5552,17.4458,16.5686,
15.4942,17.6556,13.5615,
15.3728,17.5854,16.1804,
15.4942,19.681,15.4334,
15.5552,20.5841,18.0117,
15.4942,20.1676,19.8416,
15.4942,19.6013,21.3607,
15.4334,18.45,21.6275,
15.3126,20.333,21.3607,
