12.739,23.5168,15.8645,
12.739,23.6167,15.8645,
12.6893,23.6167,15.9271,
12.6893,23.4175,15.9271,
12.6893,23.3188,15.9271,
12.6893,22.8328,15.9271,
12.6893,22.0814,15.8645,
12.6893,19.9225,15.9271,
12.6893,21.0979,15.9271,
12.6893,20.1676,15.9271,
12.6893,23.1228,15.8645,
12.6397,21.8984,16.1166,
12.6397,18.3761,16.1804,
12.739,22.5473,15.9271,
12.9906,19.2084,15.8645,
13.6147,20.2501,15.8645,
15.0739,21.0112,15.9271,
16.5032,21.2727,16.1166,
18.3761,22.2663,16.3732,
20.0038,16.5686,16.1166,
21.5381,24.8584,16.0532,
23.0256,24.4353,16.6343,
24.2273,16.438,15.1332,
25.182,25.182,14.3812,
25.7337,22.3595,15.1927,
26.1865,21.5381,15.0739,
26.3014,25.5111,13.1439,
26.4169,19.7611,13.5086,
26.7676,16.8331,13.9379,
27.0048,21.0979,13.7216,
27.1245,25.2911,13.8835,
27.2449,26.1865,13.9926,
27.0048,25.9588,13.9926,
26.65,26.0723,13.9926,
26.1865,25.7337,13.9926,
25.9588,25.5111,13.8293,
25.5111,25.6221,14.1025,
24.9657,25.6221,16.9,
24.2273,25.4008,15.74,
23.6167,25.4008,15.1927,
23.0256,25.182,15.0149,
22.1736,20.1676,15.0149,
21.1851,18.6738,15.0149,
20.1676,19.6013,14.3251,
19.443,20.6687,15.4334,
18.5988,20.5841,16.3732,
17.6556,20.5841,15.3126,
17.0346,20.4163,15.99,
16.5686,21.0979,15.9271,
16.0532,21.1851,14.6657,
15.5552,23.818,14.3251,
15.1332,23.9195,13.9379,
14.8392,21.4492,13.6147,
14.6084,21.9897,13.8293,
14.4377,20.7537,13.5615,
14.2691,23.1228,13.5615,
14.1025,22.8328,14.1025,
13.9926,20.6687,14.4943,
13.8293,16.438,15.2525,
13.8293,15.99,17.5154,
13.7216,19.8416,14.3812,
13.668,21.6275,18.8247,
13.6147,24.331,15.5552,
13.5615,24.4353,13.9926,
13.5615,24.5402,14.2691,
13.5086,24.5402,14.2133,
13.4559,24.5402,14.2133,
13.4559,24.4353,14.1578,
13.4559,24.331,14.1578,
13.4559,19.443,14.1578,
13.4034,16.9,14.0474,
13.4034,19.443,14.1025,
13.4034,24.0215,14.1025,
13.3511,24.331,15.9271,
13.4034,24.2273,14.2133,
13.4559,22.9289,16.3086,
13.5615,23.7171,14.8392,
13.668,23.5168,13.7753,
13.7216,23.2205,13.8835,
13.8293,23.1228,13.8293,
13.9379,22.7371,13.7216,
13.9926,22.5473,15.8645,
14.1025,22.1736,14.7233,
14.1578,21.9897,13.3511,
14.2691,21.8077,13.3511,
14.3251,21.7174,13.299,
14.3251,21.3607,13.0926,
14.3812,21.0979,13.0926,
14.4377,20.8391,14.6084,
14.4377,20.6687,18.9771,
14.4377,20.4163,15.4942,
14.3812,20.2501,16.438,
14.3251,20.0855,16.0532,
14.2691,19.8416,22.8328,
14.1578,20.0038,15.6781,
14.0474,19.9225,15.6166,
13.9926,18.9771,15.4942,
13.8835,17.4458,12.3463,
13.7216,19.5219,10.8872,
13.7216,19.681,14.3812,
13.5615,15.4334,15.4942,
12.9906,16.1804,14.3812,
13.5086,14.4943,11.325,
13.5086,19.2084,13.0415,
13.4034,18.9007,13.7216,
13.299,18.0117,14.8392,
13.3511,16.8331,14.6084,
12.5904,16.7666,13.668,
12.9906,15.3728,15.6166,
13.0926,12.1069,16.1804,
13.2471,13.6147,15.8021,
13.2471,12.8391,15.9271,
12.4922,14.3251,16.2444,
12.8391,14.6657,16.2444,
12.9906,14.4377,16.3086,
13.0926,13.4559,16.2444,
13.0415,13.0926,16.1804,
13.0926,13.1439,16.1166,
