12.9399,19.2862,21.0112,
12.9399,19.5219,24.331,
12.9399,19.9225,21.1851,
12.8894,16.1804,21.0979,
12.8894,18.8247,21.2727,
12.8894,17.7262,20.5,
12.8894,17.6556,20.9249,
12.8894,17.3075,20.5841,
12.8894,19.7611,20.0855,
12.8894,15.6166,19.8416,
12.9399,14.4377,19.3644,
12.9399,14.7233,19.0538,
12.9399,14.8975,15.3126,
12.9399,19.8416,15.4942,
12.9399,19.7611,15.6781,
12.9906,18.9007,15.8645,
12.9906,18.3761,15.8021,
13.0415,17.1705,14.5512,
13.1954,21.6275,14.7811,
13.3511,21.5381,16.2444,
13.7216,21.4492,15.1927,
14.2691,21.5381,15.6166,
15.3728,21.5381,16.7003,
16.438,21.6275,12.8894,
17.6556,21.5381,11.9653,
18.8247,21.5381,14.3251,
20.0038,21.6275,14.4943,
21.2727,21.6275,14.3812,
22.2663,21.6275,11.9185,
23.3188,20.8391,14.3812,
24.0215,20.5841,14.2133,
24.5402,20.0855,16.0532,
25.0735,19.5219,17.6556,
25.5111,19.0538,19.9225,
25.9588,18.3026,13.3511,
25.9588,19.0538,11.8253,
25.9588,17.6556,11.7329,
25.9588,20.4163,14.2133,
25.7337,19.3644,11.55,
25.8459,17.4458,11.3697,
25.9588,15.0739,11.4145,
25.7337,25.0735,11.4595,
25.5111,24.9657,11.4145,
25.182,24.6457,11.4595,
24.6457,24.5402,11.4595,
24.0215,23.9195,11.9653,
23.4175,23.3188,13.5086,
22.9289,23.2205,15.0739,
22.2663,23.3188,15.3126,
21.5381,23.2205,14.8392,
20.7537,23.2205,14.8392,
20.0855,23.4175,14.4943,
19.3644,23.4175,16.6343,
18.6738,23.4175,21.0979,
17.8683,23.3188,20.0038,
17.3075,23.1228,14.3251,
16.9672,23.2205,13.5086,
16.6343,21.2727,16.7666,
16.3086,18.5242,17.3075,
16.1166,18.5242,11.6869,
15.8021,18.5988,11.192,
15.5552,15.1332,16.1804,
15.3126,15.5552,12.2021,
15.0149,18.7491,11.4145,
14.8392,20.0855,15.5552,
14.6084,21.1851,11.5954,
14.4943,23.1228,13.0415,
14.3251,20.8391,13.0415,
14.2691,19.8416,11.325,
14.1025,20.7537,15.0149,
13.9926,23.818,11.3697,
13.9379,23.7171,11.4595,
13.8293,23.6167,13.5615,
13.7753,22.642,12.8894,
13.7216,22.7371,14.6084,
13.668,16.2444,14.6084,
13.668,18.5988,15.99,
13.668,16.9672,15.1332,
13.5615,18.3761,16.9,
13.5615,15.9271,13.1954,
13.5615,18.2293,13.7753,
13.6147,17.7971,15.0739,
13.668,17.7262,14.2691,
13.668,17.7262,16.5032,
13.668,17.0346,11.2362,
13.668,16.9672,11.2362,
13.6147,16.9672,16.5686,
13.8293,17.1024,18.5988,
13.9379,14.7233,10.4232,
14.0474,14.5512,12.8894,
14.0474,13.9926,13.6147,
13.7216,13.9926,13.0926,
12.8894,21.0979,12.0595,
13.7216,20.2501,13.5615,
14.2133,17.7262,15.8021,
14.1025,17.9399,16.6343,
14.1025,15.4942,13.6147,
14.0474,14.2133,15.99,
14.1025,19.2862,20.9249,
14.0474,19.2084,20.6687,
13.9926,19.1309,13.8835,
13.9379,19.0538,13.8293,
13.8835,18.9771,9.3563,
13.8293,18.9007,9.1692,
13.7753,18.7491,12.1544,
13.7216,16.6343,11.8253,
13.668,14.2691,12.739,
13.6147,14.7811,12.1069,
13.5615,14.1578,10.9735,
13.5086,14.2133,10.9303,
13.5086,14.1578,11.4595,
13.4034,14.5512,13.4034,
13.4034,14.4943,12.9399,
13.299,16.7003,9.9369,
13.3511,17.5854,8.5554,
13.299,17.7262,8.5203,
