13.0926,20.2501,17.4458,
13.0926,20.2501,18.5242,
13.0926,20.1676,18.3761,
13.0926,20.2501,20.333,
13.0926,20.2501,20.9249,
13.0926,20.0855,21.7174,
13.0926,20.1676,18.5988,
13.0926,20.4163,18.45,
13.0926,20.2501,19.1309,
13.0926,20.4163,18.6738,
13.0926,20.1676,18.5242,
13.1439,20.1676,17.7971,
13.1439,20.333,18.3026,
13.2471,20.5,18.2293,
13.5086,20.333,18.2293,
13.9926,19.9225,18.0117,
15.3126,20.333,17.2388,
17.0346,20.6687,17.7971,
18.2293,20.333,17.7971,
19.5219,22.9289,18.45,
20.7537,22.2663,17.3075,
21.9897,19.7611,15.3728,
23.2205,19.9225,18.5988,
24.2273,20.0038,21.8984,
24.9657,18.6738,18.5988,
25.5111,17.6556,15.74,
25.8459,18.45,12.9399,
26.0723,17.2388,17.2388,
26.5331,23.2205,15.5552,
26.7676,23.0256,16.5686,
26.65,22.5473,18.3761,
26.65,24.1241,18.9007,
26.4169,23.6167,16.9,
26.0723,20.333,17.4458,
25.8459,16.3732,18.0839,
25.7337,15.4334,14.8975,
25.182,14.0474,14.7233,
24.6457,20.4163,14.8975,
24.0215,21.0979,15.3728,
23.4175,16.9672,15.8021,
23.3188,17.0346,16.3732,
22.9289,17.0346,16.9,
22.3595,17.1024,16.1804,
21.4492,16.7003,14.3812,
20.5,17.1705,15.0149,
19.5219,19.443,17.1024,
18.6738,19.6013,20.333,
17.8683,20.0038,16.9672,
17.3075,20.0855,16.1804,
16.9,20.0038,16.3086,
16.5032,19.8416,15.6166,
16.1804,19.8416,16.0532,
15.74,19.7611,17.8683,
15.4942,19.681,15.8021,
15.1927,19.681,15.4334,
15.0149,19.9225,13.8835,
14.8392,19.9225,15.1332,
14.6084,15.8645,13.5086,
14.4943,17.5154,19.2084,
14.3812,16.5032,16.7666,
14.2691,11.8253,15.1927,
14.1578,13.668,13.9379,
14.1025,14.2691,16.8331,
14.2133,14.7233,14.2133,
14.1025,14.3251,16.438,
14.0474,15.1927,14.6657,
13.9379,14.8975,16.7003,
13.8835,14.3812,16.3732,
13.8293,15.1332,17.3075,
13.7753,15.3126,15.4942,
13.7216,13.4559,15.6166,
13.7216,22.5473,17.6556,
13.7216,22.3595,14.8975,
13.668,19.5219,17.9399,
13.6147,20.0038,17.6556,
13.6147,17.7262,16.1804,
13.6147,16.8331,15.4942,
13.5615,17.9399,19.2084,
13.5615,17.7262,17.5154,
13.6147,17.6556,17.1024,
13.668,17.9399,16.438,
13.7753,17.2388,17.3075,
13.8835,17.7262,14.7811,
13.9379,17.1024,16.0532,
13.9926,17.1705,18.0117,
14.1025,16.438,14.6084,
14.1578,16.5686,14.1025,
14.1578,15.99,17.0346,
14.2691,16.0532,19.1309,
14.3251,14.1025,13.7216,
14.2691,13.668,19.1309,
14.3251,12.3948,16.7666,
14.2133,16.9672,17.3075,
14.3812,16.3732,13.1439,
14.2691,15.5552,13.3511,
14.3251,15.1927,13.3511,
14.2691,13.5086,12.8391,
14.2133,13.6147,13.6147,
14.1578,14.2133,15.4942,
14.1578,14.1025,14.0474,
14.1025,13.9926,14.7233,
14.0474,14.5512,12.5904,
14.0474,14.4943,13.4034,
13.9926,14.4943,14.9561,
13.9926,14.4943,14.3251,
13.9379,14.6084,12.9399,
13.8835,14.4377,13.2471,
13.8293,14.6657,14.2691,
13.7753,13.5086,14.8975,
13.7753,14.2133,14.8975,
13.7216,15.4334,15.0739,
13.668,16.9672,15.6166,
13.668,16.8331,14.8975,
13.6147,16.6343,13.9379,
13.6147,16.0532,13.0415,
13.5615,14.1025,14.3812,
13.5615,13.8293,13.0415,
