12.8894,24.1241,14.8975,
12.8894,24.1241,16.5686,
12.8894,24.0215,16.0532,
12.8894,24.0215,16.438,
12.8391,23.9195,16.9672,
12.8391,23.9195,18.8247,
12.8391,23.818,17.8683,
12.8391,23.6167,20.5,
12.8391,23.5168,17.1705,
12.8391,23.4175,16.3732,
12.8391,23.4175,16.1166,
12.7889,23.4175,15.6781,
12.7889,23.4175,15.74,
12.7889,23.3188,15.0739,
12.7889,23.3188,15.0149,
12.7889,23.2205,15.3126,
12.7889,23.2205,16.438,
12.7889,23.1228,16.9,
12.8391,22.8328,15.6166,
12.8894,22.5473,17.4458,
13.0415,22.642,17.3765,
13.5086,21.8077,17.2388,
14.7811,21.8984,14.6084,
16.3732,22.642,14.6657,
17.6556,22.1736,21.1851,
18.9771,20.6687,18.6738,
20.0855,18.5988,18.8247,
21.0979,23.2205,15.0739,
22.1736,22.7371,22.0814,
23.0256,22.3595,19.443,
23.5168,21.0979,17.1705,
24.2273,19.443,17.5854,
24.7517,19.3644,19.2084,
24.9657,20.2501,16.438,
25.4008,20.5,15.8021,
25.6221,20.9249,16.5032,
25.5111,17.4458,14.8392,
25.0735,16.9,21.5381,
26.4169,17.0346,20.5841,
26.1865,17.9399,18.3026,
26.4169,18.8247,18.7491,
25.9588,19.2084,26.1865,
25.9588,18.5988,21.8077,
25.5111,18.1565,18.5242,
24.9657,18.3026,18.45,
24.4353,18.45,18.45,
23.5168,18.5242,18.3761,
22.2663,19.681,18.3761,
21.4492,20.9249,18.1565,
20.4163,21.1851,18.1565,
19.443,22.0814,18.0117,
18.45,21.9897,17.9399,
17.3765,21.8984,17.9399,
16.7666,18.0117,18.0117,
16.9,15.74,17.9399,
16.5686,16.8331,17.8683,
16.3086,16.5686,17.8683,
15.6781,16.6343,17.8683,
15.2525,16.3732,17.8683,
15.1332,16.7003,17.8683,
14.8975,16.5032,22.642,
14.7233,16.438,24.1241,
14.4377,16.3732,17.9399,
14.2133,16.8331,18.9007,
14.0474,17.9399,16.2444,
13.9379,17.7971,14.9561,
13.7753,18.0839,19.3644,
13.7216,18.0117,14.3251,
13.6147,17.7971,15.0149,
13.5615,18.0839,17.5854,
13.5086,18.0117,23.4175,
13.4559,18.0117,19.7611,
13.3511,18.0117,16.6343,
13.3511,17.9399,15.1332,
13.3511,17.7971,16.6343,
13.299,17.7262,18.0839,
13.2471,17.7262,16.6343,
13.299,17.5154,20.333,
13.299,17.7262,18.6738,
13.2471,17.5154,17.3765,
13.299,17.3075,15.99,
13.3511,17.2388,21.5381,
13.4034,17.0346,19.9225,
13.4034,17.0346,18.9007,
13.3511,16.7003,17.4458,
13.5086,16.6343,18.2293,
13.7216,16.3086,14.1025,
13.8293,16.0532,13.668,
13.9926,15.99,12.2021,
14.0474,15.8021,12.8391,
14.1578,15.6166,13.5086,
14.2133,15.4334,12.2021,
14.2133,15.2525,13.0415,
14.2133,15.1927,15.4942,
14.1025,15.3728,11.9653,
14.0474,15.0739,12.8391,
13.9926,15.0149,12.6397,
13.9926,14.9561,15.8645,
13.9379,15.2525,15.74,
13.8835,15.3126,13.1439,
13.8293,15.2525,13.0926,
13.8293,15.3728,12.3463,
13.7753,15.0739,13.1954,
13.668,15.1927,14.8392,
13.668,15.1332,14.4377,
13.6147,14.7233,17.0346,
13.5615,14.9561,17.3075,
13.5086,14.8975,12.3948,
13.5086,15.1332,12.6893,
13.5086,15.2525,11.6869,
13.4559,15.0149,12.1069,
13.4559,15.1927,11.55,
13.4034,15.3126,10.1775,
13.4034,15.2525,12.6893,
13.3511,15.3728,10.0166,
13.3511,15.2525,12.9399,
13.299,15.2525,12.2021,
13.299,15.2525,11.6869,
13.2471,15.3126,11.9653,
13.2471,15.5552,15.0149,
13.2471,16.3732,13.0415,
