561,390,447,
562,390,447,
562,390,447,
562,390,447,
562,391,447,
562,391,447,
563,391,448,
563,392,448,
563,392,448,
563,391,448,
563,392,448,
563,393,448,
563,392,448,
563,391,448,
563,393,448,
563,391,448,
563,392,448,
563,391,448,
563,392,448,
563,392,448,
562,392,448,
561,392,448,
560,392,448,
559,393,448,
558,392,449,
556,392,449,
554,394,448,
547,392,448,
540,392,448,
533,392,448,
525,392,448,
518,392,449,
509,392,448,
500,391,448,
491,390,447,
484,391,447,
477,391,446,
471,391,446,
465,391,446,
460,390,446,
456,390,447,
451,391,446,
445,391,447,
441,394,451,
436,394,451,
432,395,451,
429,393,451,
422,388,447,
415,386,447,
406,382,442,
400,381,440,
401,387,446,
397,387,446,
395,387,448,
394,388,449,
392,388,448,
391,389,450,
390,389,450,
391,390,450,
391,389,449,
392,389,450,
392,390,450,
394,390,451,
395,390,449,
397,390,450,
398,390,449,
397,386,443,
405,390,448,
408,390,448,
410,389,447,
416,392,450,
422,393,450,
426,391,448,
433,392,450,
445,393,451,
456,394,451,
469,394,451,
477,393,450,
484,393,450,
491,393,451,
497,393,451,
502,392,450,
509,393,450,
514,393,451,
519,393,451,
525,393,451,
529,393,451,
534,393,451,
537,394,451,
543,393,451,
548,394,452,
553,395,453,
556,397,453,
558,395,453,
560,395,453,
561,396,453,
563,395,453,
563,395,453,
564,395,453,
564,396,453,
564,395,452,
564,395,452,
564,395,452,
564,395,452,
564,395,452,
565,394,452,
565,394,452,
565,395,452,
565,395,452,
565,395,452,
565,395,452,
