505,450,519,
504,449,520,
505,449,520,
505,450,521,
505,450,523,
505,451,524,
505,450,520,
505,451,522,
505,450,523,
506,450,520,
504,451,525,
505,450,522,
505,448,525,
505,449,525,
505,448,524,
504,448,528,
503,447,527,
503,446,526,
499,445,525,
495,442,523,
491,440,533,
487,440,532,
482,438,526,
478,434,529,
472,432,528,
467,430,529,
462,424,528,
459,422,523,
453,417,529,
448,412,533,
444,409,534,
440,408,454,
435,404,535,
433,402,473,
431,398,536,
425,396,528,
422,396,533,
419,395,531,
418,394,537,
415,393,533,
414,393,511,
413,395,521,
414,395,518,
413,392,471,
415,391,511,
413,392,519,
416,393,555,
419,394,486,
419,395,516,
421,395,529,
425,397,499,
428,398,504,
431,398,503,
435,400,505,
439,403,508,
444,403,509,
450,405,435,
456,409,475,
460,410,464,
465,413,447,
468,418,447,
471,421,448,
474,425,448,
477,426,449,
479,426,451,
481,428,453,
481,431,462,
484,433,502,
485,435,500,
487,437,494,
489,437,497,
490,438,500,
492,441,498,
493,442,495,
495,442,480,
496,443,500,
496,442,494,
498,441,485,
500,443,485,
501,444,485,
502,443,486,
503,443,487,
504,445,486,
504,444,492,
505,443,494,
504,443,497,
504,443,502,
504,444,510,
504,443,514,
505,444,514,
507,445,512,
506,445,512,
505,444,514,
507,444,515,
507,445,510,
507,446,514,
505,445,517,
502,445,513,
500,446,519,
494,445,519,
488,446,510,
481,447,496,
476,449,527,
471,449,520,
467,450,516,
462,452,498,
458,454,513,
454,456,487,
448,457,518,
445,459,488,
442,461,480,
441,463,474,
439,464,472,
438,467,486,
436,468,498,
437,471,486,
436,473,480,
435,475,468,
435,477,477,
433,477,478,
433,478,482,
434,480,473,
434,482,481,
434,481,467,
433,483,470,
432,485,451,
431,486,421,
432,486,419,
433,487,420,
432,487,425,
433,487,422,
434,489,423,
434,490,423,
433,489,423,
435,489,423,
435,490,424,
436,490,424,
436,490,422,
436,489,423,
435,490,425,
437,491,426,
436,491,424,
436,492,425,
438,491,423,
438,490,422,
437,490,423,
437,491,422,
437,492,422,
438,490,421,
437,491,424,
437,491,426,
