496,436,538,
497,435,541,
496,437,547,
497,438,548,
497,437,545,
497,437,540,
496,437,538,
497,436,539,
498,438,540,
497,437,546,
496,437,549,
496,438,549,
496,438,550,
494,437,552,
494,437,551,
491,437,552,
489,434,550,
484,433,551,
480,432,552,
474,431,551,
467,429,551,
462,427,550,
456,424,550,
452,422,549,
447,420,549,
441,417,549,
439,416,549,
435,412,549,
433,409,548,
430,405,547,
427,402,547,
426,400,544,
425,396,536,
422,393,494,
420,395,514,
418,394,520,
416,395,526,
416,395,525,
415,395,524,
414,395,523,
415,395,521,
416,395,520,
416,394,521,
417,395,516,
417,395,522,
419,397,523,
422,399,519,
424,398,517,
427,400,523,
429,400,522,
433,404,522,
437,404,523,
440,405,522,
444,405,522,
447,407,518,
451,408,519,
455,410,519,
457,411,520,
459,411,519,
460,413,519,
463,414,518,
466,416,517,
468,418,517,
473,419,505,
473,421,508,
477,424,502,
480,424,504,
482,428,504,
483,429,503,
483,431,505,
485,430,505,
486,431,503,
487,432,502,
486,431,502,
485,430,497,
492,438,502,
495,441,503,
495,440,502,
497,443,500,
497,446,509,
499,450,511,
501,451,510,
501,454,511,
502,455,514,
503,456,515,
505,458,515,
504,459,513,
505,458,475,
505,458,463,
505,459,462,
505,460,460,
507,461,456,
507,460,456,
508,461,456,
508,462,457,
508,463,457,
510,462,458,
508,461,458,
510,461,458,
510,463,458,
510,462,458,
511,462,458,
510,461,456,
510,463,457,
511,461,456,
510,462,456,
510,462,458,
510,463,457,
509,462,457,
505,462,460,
499,463,456,
493,465,526,
486,464,533,
482,464,535,
475,465,501,
471,467,508,
466,469,509,
463,468,496,
460,468,501,
458,470,503,
456,472,495,
453,473,504,
450,472,474,
446,471,491,
435,463,497,
435,465,512,
433,465,507,
425,461,475,
422,459,428,
418,458,473,
406,449,462,
416,460,481,
410,455,443,
403,449,388,
402,448,429,
404,448,387,
401,446,451,
401,448,399,
401,449,441,
404,453,377,
406,456,379,
406,458,439,
406,459,441,
406,458,450,
408,459,436,
410,462,383,
413,467,382,
422,476,455,
429,482,479,
430,484,470,
432,485,478,
431,486,416,
434,487,431,
434,488,478,
435,489,451,
437,490,453,
437,490,432,
436,490,437,
436,490,478,
436,491,447,
436,490,481,
436,489,469,
437,490,470,
437,491,476,
438,492,479,
437,490,476,
437,491,481,
437,490,476,
437,491,482,
436,490,484,
436,490,484,
435,490,483,
436,491,482,
436,491,471,
436,492,472,
436,491,467,
436,491,467,
437,493,466,
438,494,480,
439,492,477,
439,493,482,
438,494,487,
439,495,490,
440,494,490,
440,496,489,
439,495,490,
439,495,489,
