489,411,403,
489,412,402,
490,411,401,
489,413,402,
490,412,403,
488,413,404,
489,413,402,
487,412,403,
490,413,403,
488,411,402,
489,413,403,
488,409,401,
485,409,404,
482,406,402,
474,405,403,
464,400,399,
452,400,400,
444,396,400,
431,387,399,
420,376,401,
413,370,396,
402,372,398,
395,372,388,
387,354,377,
382,366,376,
380,333,358,
376,326,341,
372,344,346,
369,342,350,
366,340,383,
368,335,401,
367,339,369,
367,323,372,
368,327,398,
372,328,386,
376,330,356,
382,333,375,
390,336,374,
398,338,348,
405,342,335,
418,346,380,
421,351,380,
430,383,384,
437,369,383,
441,370,381,
446,372,347,
448,375,360,
451,379,360,
454,380,364,
456,375,354,
457,394,349,
459,415,360,
463,420,370,
464,424,373,
467,426,371,
468,428,370,
470,431,368,
471,431,366,
472,432,367,
472,431,373,
471,434,373,
472,434,374,
473,433,376,
473,432,375,
473,431,377,
475,426,375,
474,423,402,
473,420,416,
476,417,358,
476,414,421,
476,408,378,
476,406,344,
476,404,389,
477,402,437,
478,403,437,
477,399,441,
478,399,447,
478,396,446,
478,394,447,
477,391,453,
477,390,452,
479,390,454,
479,388,451,
480,388,452,
481,386,449,
482,384,452,
483,383,450,
483,384,449,
485,386,451,
483,384,451,
485,385,449,
485,386,450,
483,386,453,
485,384,452,
484,382,450,
486,385,451,
487,385,451,
484,388,453,
485,386,451,
485,387,453,
486,387,452,
487,387,454,
487,388,453,
486,385,452,
