488,420,354,
487,418,356,
490,420,350,
487,418,354,
487,414,353,
489,419,351,
488,417,351,
488,416,353,
487,418,353,
488,415,353,
486,417,353,
488,415,351,
486,413,353,
483,413,354,
479,412,332,
469,407,366,
462,407,356,
445,400,377,
435,414,360,
424,392,370,
412,388,384,
404,381,383,
397,375,388,
391,367,368,
386,336,376,
383,323,402,
376,351,408,
372,348,408,
371,347,409,
370,347,409,
370,345,410,
370,345,406,
375,353,393,
379,349,395,
381,349,391,
383,351,393,
387,354,392,
396,371,394,
403,363,395,
413,367,395,
421,368,396,
427,373,398,
434,375,402,
442,380,366,
448,382,372,
451,387,352,
455,388,339,
458,395,340,
459,394,402,
462,394,387,
464,402,364,
465,402,371,
467,393,352,
469,396,352,
471,398,328,
470,393,332,
473,391,332,
473,389,333,
474,403,331,
474,401,335,
475,402,333,
475,391,334,
475,401,339,
476,411,335,
476,406,335,
477,390,335,
477,386,373,
478,388,375,
479,393,397,
478,394,405,
479,398,375,
478,395,349,
479,393,420,
480,388,432,
479,381,407,
480,377,437,
481,372,438,
480,367,401,
481,371,392,
480,381,405,
481,365,448,
481,365,452,
483,361,413,
483,362,454,
484,358,454,
487,363,417,
487,362,394,
487,359,430,
487,359,456,
486,353,454,
487,356,440,
488,358,389,
488,359,440,
489,364,424,
489,360,453,
490,364,454,
490,364,446,
490,372,449,
490,381,448,
490,381,450,
490,379,450,
491,387,452,
490,389,449,
