490,419,355,
489,420,360,
490,420,356,
490,418,360,
489,419,362,
490,418,355,
490,421,350,
491,419,352,
489,419,363,
492,420,359,
491,419,361,
491,419,387,
490,417,380,
490,419,349,
490,418,342,
487,417,371,
487,416,360,
482,413,386,
477,410,380,
468,407,385,
455,402,366,
442,397,380,
431,392,398,
419,386,391,
410,383,368,
401,377,356,
394,372,359,
388,366,385,
383,361,403,
379,360,401,
374,354,401,
374,353,363,
374,353,395,
370,350,391,
368,352,341,
367,349,399,
370,354,358,
371,352,396,
373,353,410,
381,355,408,
385,357,412,
389,360,409,
395,362,412,
404,368,409,
410,374,413,
418,381,412,
426,381,412,
433,387,415,
436,389,413,
442,393,412,
444,396,412,
448,397,413,
450,398,414,
454,400,413,
455,404,415,
458,408,416,
460,411,415,
461,412,415,
466,418,413,
465,419,417,
468,423,414,
468,422,415,
470,426,414,
472,427,414,
470,427,415,
472,430,416,
472,430,415,
474,431,416,
474,430,417,
475,431,416,
474,431,417,
477,430,417,
475,430,418,
478,430,417,
476,426,420,
477,427,421,
478,422,419,
479,420,392,
479,420,382,
480,417,418,
478,417,365,
480,414,361,
481,413,417,
481,409,433,
480,409,435,
481,407,438,
482,409,396,
481,406,438,
481,404,446,
481,404,449,
482,399,450,
481,402,453,
481,396,448,
481,399,449,
484,396,448,
482,393,451,
484,393,454,
482,392,457,
484,391,454,
485,391,452,
483,391,453,
484,390,453,
484,389,455,
483,389,456,
485,390,454,
483,390,456,
484,390,455,
486,389,453,
484,389,456,
486,390,454,
485,390,457,
486,389,455,
486,389,455,
486,391,455,
488,390,454,
486,391,456,
486,390,456,
485,392,457,
