489,427,398,
487,430,398,
487,442,401,
489,432,400,
488,429,400,
489,428,397,
488,427,398,
490,428,398,
489,426,397,
489,427,398,
490,425,399,
489,424,396,
488,419,400,
484,415,396,
474,410,399,
458,407,399,
444,399,397,
436,388,395,
424,376,394,
416,373,396,
410,370,395,
405,359,394,
399,355,395,
393,351,393,
388,351,394,
382,345,395,
380,346,409,
377,343,397,
373,341,392,
370,343,394,
369,345,393,
366,342,393,
370,345,392,
371,344,394,
373,346,396,
377,348,393,
380,347,397,
387,351,395,
393,352,396,
404,359,396,
413,362,396,
419,367,396,
426,368,396,
431,376,396,
440,382,397,
440,385,397,
445,393,398,
447,398,397,
451,403,397,
454,408,397,
457,410,396,
457,415,399,
460,417,398,
460,419,397,
465,424,397,
465,427,400,
469,427,398,
468,426,397,
469,429,399,
471,432,397,
472,431,398,
473,430,400,
473,432,400,
474,432,402,
475,433,402,
474,430,401,
474,433,401,
476,432,400,
476,430,404,
477,424,404,
478,423,402,
478,420,406,
479,418,404,
479,418,402,
479,413,407,
476,411,412,
478,408,410,
478,407,341,
477,405,410,
475,402,421,
478,401,425,
476,401,426,
478,396,414,
477,396,400,
480,396,396,
479,402,399,
480,417,398,
484,386,399,
481,383,403,
478,380,398,
480,380,399,
482,381,390,
480,380,432,
479,374,430,
478,374,434,
479,380,435,
479,375,440,
480,377,439,
480,377,434,
482,390,431,
481,381,433,
480,377,431,
481,378,433,
481,377,431,
481,377,431,
482,379,430,
482,377,430,
481,380,432,
