487,403,414,
487,405,414,
488,405,414,
487,405,416,
488,404,414,
488,409,414,
488,411,415,
489,409,413,
488,410,413,
486,409,414,
484,411,413,
484,406,412,
478,408,412,
474,404,410,
466,400,411,
452,399,410,
440,387,409,
427,383,409,
414,376,407,
401,374,409,
396,364,406,
389,356,407,
384,354,405,
381,352,398,
378,348,403,
376,346,355,
374,348,385,
372,346,401,
371,347,373,
372,348,340,
376,349,358,
380,351,391,
386,350,358,
395,354,363,
407,359,364,
413,364,370,
423,370,367,
432,398,369,
438,399,375,
444,386,378,
449,393,370,
451,390,371,
455,403,376,
458,369,379,
460,397,376,
463,382,374,
466,414,358,
466,416,356,
470,415,361,
469,416,366,
472,417,371,
474,418,370,
472,418,367,
473,416,368,
474,418,367,
475,416,368,
474,417,364,
474,416,362,
476,416,360,
476,414,356,
476,415,378,
477,411,366,
476,413,391,
479,410,367,
477,405,387,
477,402,395,
478,399,369,
477,398,426,
479,395,373,
477,397,425,
478,397,384,
479,397,427,
479,394,440,
480,403,443,
481,406,447,
482,402,447,
479,400,451,
480,402,453,
483,398,451,
483,395,450,
481,395,428,
484,392,430,
484,392,394,
483,393,444,
484,392,408,
483,392,408,
486,393,410,
484,391,451,
484,390,451,
487,392,397,
487,390,404,
488,393,450,
489,393,450,
488,392,446,
489,393,434,
489,393,426,
490,393,441,
489,395,444,
490,394,449,
489,393,451,
490,393,454,
491,394,452,
491,393,447,
491,394,438,
492,393,404,
491,394,399,
491,394,398,
