498,425,362,
497,425,363,
499,427,362,
498,428,361,
498,426,363,
497,427,362,
498,427,360,
498,428,362,
499,427,361,
497,426,362,
496,427,364,
495,426,362,
492,426,360,
488,425,359,
479,424,357,
468,420,359,
454,415,325,
442,409,328,
429,402,334,
418,395,336,
407,385,338,
399,377,333,
391,373,391,
387,365,372,
382,363,350,
381,357,342,
379,352,389,
378,357,365,
376,354,294,
376,355,341,
376,353,370,
377,354,341,
378,355,390,
382,358,390,
385,358,392,
392,359,396,
399,362,395,
412,368,392,
421,369,387,
428,374,378,
437,382,392,
442,386,386,
449,391,395,
452,393,395,
457,395,386,
459,401,395,
461,408,369,
465,412,321,
465,417,351,
469,424,341,
470,424,355,
473,430,367,
473,427,401,
476,438,380,
476,436,374,
478,436,381,
477,421,354,
478,434,359,
480,438,358,
480,443,355,
481,440,360,
480,442,373,
482,440,374,
481,440,370,
482,438,360,
483,408,365,
483,403,392,
483,426,366,
484,421,374,
484,422,384,
484,411,402,
485,379,406,
486,409,337,
486,405,421,
486,405,397,
485,411,428,
486,400,414,
487,371,399,
487,391,387,
487,368,389,
488,380,387,
486,380,382,
488,382,445,
487,375,448,
486,391,448,
487,373,449,
488,381,446,
487,384,407,
489,383,412,
489,380,428,
489,381,411,
490,382,386,
490,383,382,
492,382,424,
490,382,429,
492,384,376,
492,383,372,
493,390,395,
493,385,446,
492,384,444,
495,384,442,
494,385,438,
494,386,418,
494,386,415,
