469,396,394,
468,393,395,
474,399,399,
475,399,403,
479,401,401,
477,400,401,
476,390,403,
478,405,404,
479,411,406,
481,396,409,
480,398,408,
482,403,408,
481,403,409,
479,407,407,
478,409,405,
475,403,405,
467,396,400,
460,391,398,
449,381,399,
438,376,396,
425,386,396,
417,364,394,
405,369,397,
396,370,394,
386,343,392,
374,333,388,
370,321,384,
361,298,382,
351,316,376,
347,313,371,
350,320,374,
343,313,371,
343,315,372,
342,293,375,
343,315,375,
342,311,374,
342,308,374,
342,318,376,
348,319,378,
349,312,380,
355,316,380,
359,320,381,
363,323,385,
370,322,383,
378,323,385,
387,327,383,
394,329,387,
401,332,381,
406,305,383,
409,348,383,
413,347,380,
420,355,386,
424,358,385,
428,368,387,
432,340,391,
438,345,388,
433,361,387,
437,360,387,
453,395,402,
458,375,404,
457,373,401,
457,408,402,
454,401,394,
460,414,400,
463,398,402,
464,412,404,
465,407,405,
468,384,403,
467,412,406,
471,421,404,
469,420,407,
472,421,405,
471,420,406,
472,420,406,
473,416,407,
474,372,408,
475,424,408,
476,425,410,
475,404,411,
475,367,409,
475,414,408,
475,411,388,
477,392,417,
478,383,408,
479,384,368,
477,380,402,
482,369,417,
480,391,437,
481,370,441,
480,357,445,
482,381,447,
481,373,452,
485,357,453,
488,360,458,
488,359,462,
491,378,461,
491,381,461,
490,356,461,
493,356,459,
492,373,460,
493,379,457,
492,382,458,
494,380,458,
493,377,460,
493,382,455,
494,380,459,
495,381,453,
494,380,455,
495,381,456,
495,380,459,
495,382,458,
495,382,456,
498,381,459,
496,383,459,
497,382,460,
496,384,461,
498,384,461,
497,381,464,
