492,412,386,
491,413,385,
491,414,394,
490,414,405,
490,412,398,
490,412,409,
489,413,396,
490,413,403,
490,413,437,
488,412,438,
488,415,436,
486,412,435,
484,413,436,
478,409,434,
469,409,437,
456,407,437,
444,403,436,
433,400,438,
423,397,435,
411,390,435,
404,386,437,
398,383,445,
391,376,448,
386,370,441,
383,362,386,
380,361,414,
380,357,410,
378,355,417,
376,358,375,
376,358,402,
379,360,408,
384,361,365,
389,363,393,
396,365,380,
406,368,393,
417,372,377,
427,379,378,
434,384,369,
442,389,367,
447,394,358,
451,396,390,
455,402,398,
456,404,355,
459,409,392,
461,409,402,
465,405,429,
467,416,439,
470,420,440,
470,414,441,
472,422,442,
473,418,442,
473,422,441,
475,422,442,
477,424,441,
477,424,443,
477,422,446,
478,424,446,
479,419,456,
479,420,452,
480,418,460,
481,412,464,
480,410,459,
480,405,480,
479,399,481,
480,400,480,
480,398,446,
480,398,415,
479,396,479,
478,395,482,
478,398,488,
480,396,490,
478,392,484,
479,392,476,
480,390,478,
481,390,480,
482,391,485,
483,388,489,
486,390,480,
485,389,485,
484,391,495,
485,387,474,
485,396,475,
487,394,486,
487,418,478,
488,426,483,
488,390,484,
489,394,482,
490,390,484,
490,387,484,
491,388,483,
491,386,483,
491,389,485,
492,387,482,
