488,418,359,
488,419,385,
489,417,388,
489,417,387,
488,417,387,
486,417,386,
489,418,384,
488,416,385,
490,418,386,
489,417,378,
489,416,367,
488,417,378,
488,418,383,
488,418,375,
487,416,348,
484,415,411,
483,412,378,
476,410,368,
471,409,367,
461,405,363,
448,403,341,
438,400,342,
424,394,394,
416,389,360,
407,384,363,
399,380,354,
394,376,354,
388,370,349,
383,363,368,
380,359,374,
379,356,397,
375,353,408,
374,352,405,
371,352,367,
372,353,351,
371,352,401,
374,355,377,
379,355,394,
381,360,380,
392,361,355,
398,365,352,
408,367,388,
414,372,364,
421,376,398,
428,380,411,
434,384,411,
437,390,412,
442,393,404,
446,396,387,
448,398,394,
452,399,361,
453,403,372,
456,407,372,
457,408,380,
460,411,381,
464,417,379,
465,420,382,
466,423,376,
468,424,380,
469,427,381,
468,428,382,
471,431,384,
472,433,387,
471,432,392,
472,433,394,
475,433,391,
473,433,392,
475,437,390,
476,432,389,
475,433,384,
478,433,383,
476,432,394,
478,431,392,
476,426,393,
477,424,397,
478,422,378,
478,420,378,
477,415,376,
478,416,369,
480,413,412,
480,411,377,
480,410,374,
480,410,394,
481,409,384,
479,406,425,
479,406,443,
481,404,445,
480,404,448,
480,403,448,
478,401,445,
480,400,417,
482,397,447,
481,397,389,
484,397,391,
482,395,396,
484,394,389,
484,391,395,
486,392,392,
485,392,356,
485,390,389,
485,390,447,
484,389,449,
486,391,448,
485,391,450,
484,390,452,
484,392,452,
486,390,452,
485,392,452,
485,390,452,
486,392,453,
487,390,451,
488,390,455,
487,390,451,
488,391,454,
487,391,451,
485,392,455,
488,392,452,
489,394,453,
486,391,455,
486,392,456,
487,391,453,
