495,424,371,
495,425,371,
495,424,379,
493,425,375,
494,422,371,
492,426,377,
494,424,377,
493,427,378,
494,423,378,
493,425,379,
494,422,377,
492,425,381,
492,423,379,
492,419,378,
494,423,381,
490,417,380,
486,417,378,
477,410,375,
464,406,377,
455,400,379,
441,393,387,
433,385,364,
425,379,369,
418,374,382,
409,368,347,
399,365,398,
395,361,413,
389,355,384,
383,354,377,
379,356,368,
376,352,375,
377,356,372,
380,354,367,
387,359,334,
391,359,381,
397,363,346,
405,362,366,
413,364,377,
423,369,391,
431,374,370,
437,379,375,
443,386,389,
448,391,371,
453,392,403,
457,398,345,
460,402,401,
463,407,348,
465,413,371,
467,414,373,
467,421,382,
471,424,379,
473,426,383,
474,429,381,
476,431,377,
476,431,371,
479,432,371,
479,431,377,
478,433,365,
479,431,360,
477,433,382,
481,429,393,
481,427,393,
479,425,397,
482,421,397,
483,420,399,
483,413,394,
482,408,412,
482,410,364,
482,407,382,
482,408,432,
483,405,382,
483,408,439,
484,405,441,
485,405,391,
483,405,399,
484,402,451,
484,398,456,
487,401,459,
487,398,459,
484,399,462,
488,400,462,
486,396,464,
489,398,462,
487,393,461,
488,394,462,
488,392,461,
489,392,456,
489,392,437,
490,392,444,
492,390,433,
492,391,408,
492,393,386,
492,392,440,
494,393,447,
493,391,403,
494,392,395,
495,394,394,
493,394,393,
492,392,399,
494,392,399,
494,394,398,
495,394,398,
496,395,399,
494,394,401,
495,393,402,
496,395,400,
495,395,402,
