488,385,397,
488,387,397,
488,391,398,
489,389,398,
489,390,399,
489,392,398,
489,393,396,
489,395,396,
488,395,397,
488,392,396,
485,391,394,
481,391,385,
474,389,376,
467,388,372,
456,384,406,
444,381,409,
432,382,362,
422,372,338,
412,385,357,
403,379,377,
396,363,377,
392,362,396,
393,358,380,
383,353,382,
381,352,382,
382,352,410,
377,351,356,
378,354,393,
384,360,400,
386,363,359,
395,365,395,
401,367,402,
409,370,372,
419,376,377,
428,381,383,
436,386,402,
445,385,407,
449,390,398,
453,398,384,
455,396,379,
459,402,378,
460,409,402,
464,397,403,
466,386,373,
466,386,380,
469,389,387,
471,391,377,
472,387,385,
473,389,385,
473,394,389,
474,394,388,
476,395,388,
476,396,389,
478,392,391,
476,393,394,
478,418,395,
478,416,393,
479,392,396,
479,371,396,
479,407,398,
479,395,392,
480,403,427,
479,403,428,
480,398,416,
480,394,433,
481,392,400,
482,392,421,
481,392,394,
482,394,436,
481,389,445,
482,392,450,
482,388,423,
482,392,433,
483,389,449,
482,391,400,
481,397,445,
483,391,456,
483,389,458,
485,388,457,
484,387,456,
484,389,458,
484,390,375,
485,389,440,
486,390,455,
486,391,422,
487,388,386,
491,390,436,
491,389,416,
492,391,407,
494,394,378,
492,395,418,
493,410,390,
492,407,414,
493,395,403,
494,395,411,
493,396,415,
495,394,451,
