476,404,398,
477,405,400,
478,405,397,
477,406,395,
479,408,397,
476,408,395,
480,408,391,
478,405,392,
478,407,389,
479,405,391,
477,406,391,
478,405,388,
477,404,389,
475,403,389,
470,401,388,
462,393,383,
447,387,386,
432,377,385,
421,373,384,
409,366,393,
402,358,377,
395,352,375,
386,349,403,
382,343,410,
378,343,448,
374,339,437,
372,339,364,
366,337,367,
364,339,395,
363,339,399,
363,339,367,
364,340,387,
370,344,348,
375,346,357,
383,350,356,
391,352,402,
403,357,399,
415,361,399,
423,372,404,
429,372,407,
433,378,405,
439,382,409,
441,384,421,
445,386,416,
447,391,420,
450,396,417,
451,400,413,
451,402,416,
454,406,419,
456,412,418,
457,414,415,
459,417,417,
461,419,420,
464,425,448,
464,425,450,
465,426,450,
464,426,444,
467,427,448,
467,425,456,
468,427,469,
467,427,474,
469,427,472,
472,429,477,
471,423,480,
472,421,483,
475,424,420,
473,418,458,
476,418,471,
474,411,452,
478,410,464,
477,405,469,
475,404,430,
478,404,449,
476,402,410,
477,400,447,
474,398,459,
478,395,462,
477,394,466,
480,393,467,
483,391,467,
485,392,472,
486,395,468,
487,391,452,
487,393,459,
491,393,461,
492,393,443,
491,394,426,
491,394,452,
492,397,430,
493,393,444,
493,394,396,
493,393,384,
494,393,429,
494,390,424,
494,393,451,
494,392,459,
494,391,450,
495,394,453,
494,394,452,
495,395,459,
494,394,461,
