495,440,412,
495,439,411,
495,439,412,
495,438,412,
495,437,411,
496,435,412,
495,437,411,
496,438,411,
495,436,411,
496,436,411,
495,436,411,
497,434,411,
496,434,408,
496,433,408,
495,432,407,
492,430,408,
489,426,405,
479,419,407,
469,415,404,
454,408,406,
443,397,403,
433,391,403,
425,385,402,
417,378,402,
404,376,403,
399,366,402,
393,358,400,
389,353,400,
383,351,384,
381,345,335,
376,346,342,
377,345,399,
375,348,402,
375,349,400,
371,349,365,
375,349,375,
378,349,365,
381,351,328,
387,354,323,
391,353,365,
399,352,368,
411,358,362,
417,362,369,
428,368,361,
431,373,336,
439,378,347,
442,384,363,
446,389,362,
451,392,366,
453,400,368,
457,404,367,
459,410,367,
461,420,367,
464,425,376,
467,427,370,
468,429,379,
471,433,376,
471,435,379,
471,435,386,
472,435,379,
475,436,376,
474,436,376,
475,436,378,
475,437,377,
477,437,380,
477,434,383,
478,435,385,
477,433,381,
477,431,386,
480,430,368,
477,425,374,
479,425,413,
480,422,377,
478,418,419,
481,416,358,
479,415,420,
481,412,347,
480,409,374,
479,409,386,
479,402,373,
480,405,424,
480,401,400,
480,400,395,
481,394,376,
480,393,442,
481,392,443,
481,388,440,
477,388,435,
469,376,409,
468,377,418,
471,380,384,
473,381,401,
478,382,432,
483,386,433,
483,387,409,
483,390,390,
482,389,430,
481,387,413,
481,384,420,
482,385,427,
481,384,439,
484,387,398,
483,381,438,
479,385,401,
478,379,428,
