486,427,444,
485,427,445,
486,427,444,
484,427,444,
484,426,443,
484,427,445,
484,427,443,
485,428,443,
486,430,444,
487,428,445,
488,429,445,
488,430,447,
488,431,447,
489,430,445,
489,429,445,
488,429,447,
488,430,447,
487,429,445,
484,429,445,
482,427,445,
481,427,444,
478,427,444,
474,425,442,
470,422,448,
464,419,448,
457,418,447,
451,416,448,
445,414,446,
441,411,445,
436,407,448,
430,404,448,
425,401,446,
421,398,443,
417,395,443,
415,395,432,
414,392,415,
411,390,443,
409,387,444,
410,388,438,
409,390,445,
407,390,431,
408,389,446,
408,389,443,
408,390,446,
413,390,444,
413,391,446,
413,391,447,
416,393,448,
421,396,449,
424,397,450,
427,399,450,
430,399,450,
432,402,451,
436,400,449,
440,405,450,
445,406,449,
449,407,448,
453,409,419,
455,409,438,
457,410,442,
460,413,441,
463,414,439,
465,415,443,
467,416,428,
466,416,443,
464,415,437,
461,410,435,
458,407,395,
457,405,402,
459,406,392,
459,408,407,
456,405,421,
463,410,438,
470,415,443,
463,411,435,
462,410,436,
463,409,434,
472,417,442,
475,420,446,
476,423,447,
478,422,446,
479,423,446,
479,422,446,
478,422,446,
478,422,447,
479,421,446,
479,422,445,
478,422,444,
477,421,445,
478,420,445,
482,424,448,
482,425,447,
481,423,447,
482,424,447,
482,424,447,
482,422,445,
481,422,446,
480,422,446,
480,422,447,
481,420,446,
481,420,447,
481,418,448,
481,416,449,
478,407,443,
476,402,443,
478,399,446,
473,389,439,
463,377,433,
466,374,434,
457,365,426,
469,369,439,
462,363,435,
472,368,442,
495,381,464,
456,349,429,
469,358,438,
470,356,438,
481,358,442,
486,360,413,
475,348,421,
473,343,423,
468,339,377,
470,336,323,
482,342,353,
487,342,431,
510,356,404,
512,356,442,
511,354,440,
509,351,435,
520,358,452,
491,337,397,
488,331,416,
505,341,375,
516,350,381,
524,354,426,
533,360,450,
536,362,451,
537,359,451,
537,360,449,
538,361,397,
543,364,450,
540,360,446,
537,358,448,
538,359,446,
539,359,447,
540,359,446,
540,361,443,
540,360,433,
541,359,446,
541,360,447,
540,360,433,
540,360,439,
541,360,441,
540,361,448,
541,362,449,
541,362,447,
541,363,448,
540,361,448,
541,363,448,
