503,446,452,
503,445,451,
498,440,445,
496,439,446,
496,440,446,
497,439,444,
496,440,445,
496,438,445,
497,439,444,
496,438,446,
496,438,445,
496,438,446,
496,440,446,
496,439,445,
496,439,446,
496,439,444,
497,438,444,
496,437,445,
496,439,444,
496,438,445,
497,438,443,
497,437,444,
496,435,444,
495,434,442,
491,433,443,
487,429,441,
482,427,440,
474,424,440,
467,422,440,
459,417,440,
451,413,438,
444,408,437,
438,404,435,
432,400,433,
427,396,434,
422,394,432,
419,389,429,
417,390,434,
417,391,436,
415,391,437,
412,387,437,
411,388,437,
409,387,436,
406,385,434,
401,382,393,
401,383,419,
399,380,424,
400,382,388,
400,382,410,
400,382,429,
401,385,430,
402,383,431,
402,384,432,
403,385,432,
409,386,433,
413,387,433,
414,386,433,
418,387,434,
420,389,436,
423,392,436,
428,394,438,
434,398,437,
440,399,438,
447,399,437,
451,400,437,
456,403,438,
458,405,438,
460,410,440,
463,412,439,
466,413,438,
467,415,438,
468,416,439,
470,418,439,
471,420,440,
471,419,438,
473,422,439,
474,423,439,
475,423,439,
475,423,439,
476,425,438,
477,427,439,
478,426,437,
478,427,437,
479,428,438,
481,429,439,
481,428,437,
482,430,436,
481,428,436,
481,430,434,
480,428,433,
478,428,431,
478,427,428,
474,425,427,
475,425,425,
475,424,425,
478,425,427,
476,423,426,
476,425,425,
476,425,426,
477,425,426,
478,425,427,
476,423,426,
475,423,426,
478,425,426,
478,425,424,
478,424,426,
479,423,426,
479,424,425,
480,423,426,
480,422,426,
480,422,428,
482,422,429,
482,418,428,
481,414,428,
482,406,431,
483,400,432,
481,395,433,
481,390,435,
481,385,435,
480,381,437,
480,376,441,
481,372,442,
481,370,443,
480,369,446,
480,366,446,
480,365,448,
500,376,467,
503,376,469,
506,376,473,
487,361,457,
489,355,457,
497,362,465,
502,362,466,
502,358,464,
502,354,459,
498,349,450,
470,326,422,
468,325,415,
496,343,441,
489,335,431,
487,332,422,
508,342,429,
501,337,429,
481,324,409,
510,342,427,
509,338,427,
497,333,418,
500,334,412,
494,328,412,
482,321,402,
481,318,396,
487,323,405,
487,325,406,
486,322,402,
478,316,396,
475,313,393,
468,309,388,
535,355,443,
538,355,443,
537,355,442,
536,351,439,
515,337,423,
511,335,420,
501,327,411,
511,336,416,
516,340,397,
511,337,418,
511,338,403,
506,335,415,
509,335,400,
508,336,416,
509,338,415,
509,337,418,
511,338,408,
511,338,408,
511,338,387,
511,338,410,
510,339,418,
511,338,417,
