522,455,441,
522,454,441,
521,456,441,
521,453,441,
520,453,442,
521,454,440,
520,452,441,
519,452,440,
519,453,439,
520,453,438,
519,452,440,
519,452,439,
518,453,440,
519,452,440,
519,452,438,
518,453,439,
518,450,439,
518,451,438,
517,450,438,
514,449,439,
513,449,438,
511,448,438,
507,446,439,
503,443,439,
497,442,438,
489,439,438,
482,436,437,
474,432,435,
469,430,435,
459,427,435,
450,423,433,
440,416,432,
431,409,428,
420,401,422,
406,391,412,
404,389,412,
400,385,410,
395,383,411,
395,381,410,
393,378,411,
393,377,407,
391,375,409,
390,373,408,
391,371,375,
389,369,403,
386,368,407,
397,379,370,
397,380,419,
399,382,420,
404,386,395,
402,386,424,
403,386,389,
403,386,423,
403,387,383,
402,385,423,
405,387,425,
407,387,417,
413,387,424,
417,387,426,
416,388,426,
418,389,427,
424,391,426,
429,394,427,
436,396,429,
442,396,427,
449,401,428,
453,403,428,
458,407,427,
461,410,428,
462,412,428,
464,414,429,
467,417,428,
467,421,428,
468,421,428,
470,424,428,
470,425,427,
471,428,427,
471,428,428,
472,429,427,
473,432,426,
476,431,427,
476,433,428,
479,436,428,
480,435,428,
483,437,428,
485,439,428,
488,440,428,
491,445,428,
495,447,427,
497,448,427,
499,448,425,
500,447,425,
501,446,425,
502,448,425,
503,448,424,
504,448,425,
505,448,426,
506,449,425,
507,450,426,
508,449,425,
507,450,426,
509,450,426,
510,449,425,
510,450,425,
509,449,426,
510,449,427,
510,449,426,
510,448,426,
511,448,427,
511,447,426,
510,445,429,
511,443,428,
512,442,426,
511,439,426,
512,437,428,
512,432,427,
511,427,428,
511,423,428,
511,415,428,
510,408,428,
507,400,429,
507,393,429,
511,392,434,
509,387,435,
508,383,435,
506,379,434,
502,374,431,
497,370,429,
499,369,430,
497,368,432,
500,368,433,
500,369,434,
499,367,434,
502,368,436,
503,368,437,
503,365,438,
503,365,439,
503,364,441,
505,362,440,
506,360,440,
507,358,440,
509,358,440,
509,355,440,
511,354,438,
513,354,439,
514,353,438,
517,353,410,
519,355,433,
524,359,426,
528,360,441,
525,356,437,
513,347,416,
506,342,421,
521,350,371,
466,313,384,
504,339,413,
489,328,402,
500,331,400,
481,321,391,
511,337,414,
508,336,413,
487,322,398,
501,333,407,
504,335,394,
505,335,407,
507,335,398,
506,336,399,
506,336,408,
506,337,397,
507,337,410,
506,338,412,
507,337,412,
508,339,411,
508,341,410,
507,341,412,
509,341,412,
509,343,412,
508,342,413,
510,342,413,
510,341,412,
509,344,412,
509,343,414,
508,342,413,
