506,438,451,
507,437,450,
506,438,451,
506,438,450,
508,439,450,
508,438,449,
506,438,451,
506,439,451,
507,439,450,
507,439,451,
507,439,451,
507,439,451,
508,439,450,
507,438,450,
507,439,450,
507,439,452,
506,438,451,
507,439,450,
508,438,450,
507,438,452,
507,438,451,
506,438,451,
506,437,450,
506,437,450,
503,437,450,
499,437,451,
497,436,450,
494,437,450,
491,436,451,
487,434,451,
482,433,450,
476,433,449,
469,431,450,
465,429,449,
459,429,449,
455,426,449,
450,424,450,
445,421,449,
437,414,444,
431,411,442,
417,397,428,
405,388,421,
412,395,430,
408,389,427,
369,353,386,
357,341,362,
390,372,412,
399,382,422,
404,383,427,
386,364,401,
399,377,423,
404,382,428,
404,384,426,
407,387,428,
412,391,434,
415,391,429,
416,394,383,
417,394,417,
419,394,420,
421,396,418,
425,396,420,
428,398,418,
432,398,419,
431,399,426,
427,394,425,
434,399,421,
440,403,411,
442,402,402,
447,403,419,
451,405,414,
454,408,418,
455,409,427,
458,412,428,
461,412,425,
461,415,424,
463,414,435,
469,420,436,
466,419,433,
466,417,427,
468,419,424,
471,424,422,
475,428,421,
471,421,413,
478,430,413,
474,426,412,
475,425,423,
467,417,404,
485,432,412,
485,433,414,
488,434,413,
488,436,415,
488,434,415,
489,435,413,
487,431,412,
485,430,414,
484,431,414,
484,428,419,
485,429,424,
483,429,429,
485,430,429,
486,430,427,
486,429,414,
482,424,413,
491,430,440,
495,432,432,
499,430,448,
498,423,450,
496,416,445,
499,416,447,
497,410,448,
499,402,412,
494,391,453,
495,388,458,
496,384,459,
494,382,461,
490,376,459,
484,371,455,
480,363,448,
481,361,450,
479,357,446,
480,356,447,
477,351,446,
479,349,444,
481,346,442,
477,341,435,
444,314,402,
481,339,433,
474,335,424,
497,346,442,
480,330,412,
506,349,443,
489,335,426,
483,329,411,
486,332,412,
477,323,359,
509,347,433,
526,356,418,
526,356,411,
527,355,432,
527,355,446,
529,355,416,
530,357,442,
531,358,448,
533,360,451,
531,356,448,
527,355,444,
519,349,437,
512,346,431,
506,341,426,
490,331,412,
498,339,419,
500,337,419,
500,338,422,
521,353,437,
523,353,442,
523,354,441,
524,355,441,
525,354,442,
525,355,443,
526,356,443,
