15.0739,28.1081,17.9399,
15.0739,28.2344,17.4458,
14.9561,27.9825,15.1332,
14.8975,27.9825,14.8975,
14.9561,28.1081,14.7233,
15.0149,28.2344,14.6084,
15.0739,28.2344,14.7811,
15.1332,28.2344,14.7811,
15.1332,28.1081,14.8975,
15.0739,27.9825,14.7811,
15.0739,27.8577,14.8975,
15.1332,28.1081,15.0739,
15.1927,28.1081,15.3126,
15.3728,28.3615,15.4942,
15.5552,28.3615,15.5552,
15.4942,28.2344,15.3728,
16.8331,29.6765,16.2444,
17.3765,29.9495,16.3086,
18.0839,29.9495,16.3732,
17.9399,28.618,15.5552,
17.5154,26.1865,13.9926,
18.9007,26.0723,13.8835,
20.8391,27.0048,15.2525,
21.8077,27.1245,15.0739,
22.642,26.8858,15.3126,
23.4175,26.4169,16.9,
24.4353,27.0048,16.7003,
25.2911,27.6104,16.7666,
26.3014,27.7337,16.1804,
26.8858,27.9825,15.0739,
27.7337,28.4893,15.6781,
29.0088,29.1407,19.5219,
26.4169,26.5331,15.6781,
26.4169,26.4169,16.0532,
27.8577,27.7337,16.5032,
27.8577,27.4878,19.6013,
28.4893,27.7337,15.5552,
28.2344,27.366,20.7537,
28.4893,27.366,15.0739,
27.8577,26.7676,14.4943,
27.7337,26.65,14.2691,
27.6104,26.8858,13.8835,
27.4878,26.8858,14.0474,
27.6104,26.8858,16.1166,
27.1245,26.8858,14.2691,
26.8858,26.8858,13.7216,
27.0048,27.2449,17.7971,
25.9588,27.6104,17.7262,
24.4353,27.8577,17.6556,
23.4175,27.9825,17.9399,
21.8984,27.8577,17.9399,
19.3644,26.1865,16.7003,
18.2293,25.9588,16.5686,
17.3075,25.9588,16.5686,
16.6343,25.6221,16.438,
16.0532,25.4008,16.3086,
15.5552,25.4008,16.438,
15.3728,25.6221,16.3086,
14.7811,25.0735,16.1166,
14.6657,25.2911,16.3732,
15.3728,26.5331,17.1024,
15.6166,27.1245,16.5032,
15.4334,27.0048,15.1927,
15.1927,27.1245,14.1025,
14.7811,26.5331,14.7811,
14.8975,26.8858,14.3251,
15.1927,27.4878,17.0346,
14.9561,27.1245,17.5154,
14.7233,27.0048,15.0149,
14.6084,26.8858,16.3732,
15.9271,29.1407,17.6556,
13.7753,25.8459,14.1025,
13.9379,26.3014,14.1025,
13.8293,25.9588,14.6657,
13.8293,26.0723,14.4377,
13.7753,25.8459,14.4377,
13.7216,25.8459,15.3126,
13.7753,25.6221,14.2691,
13.8835,25.7337,13.8293,
14.2133,25.7337,15.8645,
16.5032,28.618,17.9399,
16.5032,28.4893,17.9399,
16.7003,28.1081,18.0839,
16.9672,27.8577,21.2727,
15.4942,25.5111,16.7666,
15.4942,25.2911,15.2525,
15.6781,25.0735,14.7233,
15.74,25.0735,14.7811,
15.8645,25.0735,14.3812,
16.0532,25.0735,13.9379,
16.0532,24.7517,15.4942,
16.1804,24.9657,16.7666,
15.99,24.5402,17.1024,
15.0739,23.1228,15.8645,
15.0739,23.0256,12.1544,
16.9672,25.182,14.0474,
18.45,26.8858,15.5552,
16.0532,24.0215,17.2388,
17.2388,24.9657,14.2691,
17.1705,24.7517,17.1024,
17.4458,24.8584,18.3761,
16.6343,23.6167,18.0117,
16.6343,23.5168,17.1705,
16.7003,23.5168,17.3075,
17.1705,23.6167,15.9271,
16.9,23.3188,14.2691,
14.9561,20.7537,19.2862,
16.1166,21.9897,16.5032,
15.0739,20.5,15.4942,
18.3761,24.2273,19.6013,
18.3026,23.9195,18.45,
17.9399,23.7171,23.7171,
18.0839,23.818,19.0538,
17.8683,23.7171,18.9007,
17.7262,23.7171,18.45,
17.1705,23.4175,23.7171,
17.1024,23.5168,17.9399,
16.9672,23.5168,19.2862,
16.7666,23.4175,17.5154,
16.7666,23.6167,19.1309,
16.2444,23.2205,19.0538,
16.1166,23.1228,17.7971,
16.3732,23.5168,19.7611,
16.1804,23.3188,19.3644,
16.3086,23.6167,19.9225,
16.1804,23.5168,20.333,
16.1804,23.5168,20.2501,
15.9271,23.3188,21.0112,
15.99,23.3188,17.5854,
15.8021,23.2205,21.0979,
15.6781,23.0256,23.5168,
15.6781,22.9289,22.7371,
15.8645,23.1228,19.9225,
15.6166,22.9289,19.5219,
12.7889,19.3644,17.5854,
13.5086,20.2501,19.3644,
13.8293,20.7537,20.333,
14.1025,21.0112,20.9249,
14.2133,21.2727,20.5,
14.1025,21.0112,20.4163,
14.3251,21.3607,20.333,
15.1332,22.3595,20.0855,
14.9561,22.1736,17.8683,
13.9379,20.8391,17.4458,
13.6147,20.4163,16.8331,
13.668,20.4163,17.9399,
