13.0926,23.818,17.9399,
13.0926,23.818,17.9399,
13.0926,23.9195,17.9399,
13.0926,23.9195,17.9399,
13.0926,23.9195,17.9399,
13.1439,23.818,17.9399,
13.0926,23.9195,17.9399,
13.1439,23.9195,17.9399,
13.1439,23.818,17.9399,
13.2471,23.818,17.9399,
13.4034,23.818,17.9399,
13.7216,23.818,17.9399,
14.5512,23.818,17.8683,
15.6166,23.818,17.8683,
16.9,23.7171,17.8683,
17.9399,23.818,17.8683,
18.9771,23.818,17.8683,
20.0038,23.818,17.8683,
21.0112,23.818,17.8683,
21.8077,23.818,17.8683,
22.642,23.9195,17.9399,
23.0256,23.818,18.0117,
23.5168,23.9195,18.0839,
23.7171,23.9195,18.0839,
24.2273,24.0215,18.0117,
24.2273,24.1241,18.1565,
22.8328,22.4531,16.8331,
22.8328,22.4531,16.7003,
27.0048,26.4169,19.7611,
25.5111,24.9657,18.6738,
24.8584,24.0215,17.7971,
24.6457,23.9195,17.5154,
24.6457,23.818,17.4458,
24.6457,23.818,17.3765,
25.0735,24.0215,17.5154,
24.7517,23.6167,17.1705,
24.6457,23.5168,17.1705,
24.6457,23.5168,17.1705,
24.5402,23.5168,17.1705,
24.2273,23.5168,17.1024,
24.0215,23.4175,17.0346,
23.818,23.3188,17.0346,
23.5168,23.3188,16.9672,
22.8328,23.2205,16.9672,
21.8077,23.1228,16.9,
20.4163,23.1228,16.9672,
19.443,23.1228,16.9672,
18.7491,23.0256,16.9672,
17.9399,23.1228,16.9672,
17.0346,23.1228,16.9672,
16.2444,23.0256,16.9,
15.74,23.0256,16.9,
15.3126,23.0256,16.9672,
14.9561,23.0256,16.9672,
14.6084,23.1228,17.0346,
14.3251,23.0256,17.0346,
14.0474,23.1228,17.0346,
13.7216,23.1228,17.0346,
13.5615,23.0256,17.1024,
13.4034,23.2205,17.1024,
13.299,23.1228,17.0346,
13.1439,23.3188,17.0346,
13.0415,23.3188,17.1024,
12.9399,22.8328,17.1024,
12.7889,23.0256,17.1024,
12.5904,23.0256,17.1024,
12.4434,23.0256,16.9,
12.2021,22.642,16.6343,
12.1544,22.7371,16.6343,
12.25,23.0256,16.9,
12.2021,23.0256,16.9,
12.1544,22.9289,16.8331,
12.1544,22.9289,16.7666,
12.1069,22.7371,16.7666,
12.1069,22.7371,16.7666,
12.1069,22.642,16.6343,
12.1544,22.642,16.5686,
12.2021,22.3595,16.6343,
12.2981,22.3595,16.5686,
12.3948,22.2663,16.5032,
12.5904,22.1736,16.5032,
12.9399,22.0814,16.5032,
13.7216,22.3595,16.9,
15.99,24.6457,18.8247,
16.9672,25.182,19.3644,
17.4458,25.4008,22.1736,
17.7971,25.182,22.4531,
18.0117,24.8584,19.8416,
16.9,23.0256,17.6556,
16.3086,21.8984,16.6343,
15.8021,21.0112,15.8645,
15.6781,20.5841,15.3126,
15.8021,20.333,14.4943,
16.7003,21.2727,14.4377,
18.8247,23.5168,16.0532,
18.9771,23.6167,19.2084,
18.5242,22.9289,23.9195,
17.5854,21.8077,20.9249,
17.4458,21.8077,16.3732,
17.2388,21.5381,17.1705,
16.9672,21.3607,15.9271,
16.6343,21.1851,14.8392,
16.1166,21.0112,17.1705,
15.8645,20.9249,16.5032,
15.3728,20.6687,16.3732,
15.1332,20.7537,16.1804,
14.7811,20.5841,21.1851,
14.6657,20.5,18.3761,
14.5512,20.4163,17.7262,
14.4377,20.4163,20.7537,
14.4943,20.5,16.7003,
14.3251,20.4163,19.443,
14.2691,20.333,16.5032,
14.3251,20.5,16.3732,
14.2691,20.4163,24.6457,
14.2691,20.5841,16.1804,
14.2691,20.5841,17.7262,
14.3251,20.6687,17.1705,
14.1578,20.5,18.6738,
14.1578,20.5,17.5854,
14.2133,20.5841,16.5686,
14.1025,20.4163,20.7537,
14.1025,20.5,18.9771,
14.1025,20.4163,18.9771,
14.1025,20.5,19.0538,
14.1025,20.5,18.5242,
13.9379,20.1676,18.5988,
14.0474,20.4163,18.8247,
13.9379,20.2501,18.8247,
13.9926,20.333,18.7491,
13.9379,20.1676,18.7491,
