13.8835,21.2727,17.1024,
13.8835,21.1851,17.1024,
13.7753,21.1851,17.0346,
13.4559,20.6687,16.6343,
13.1439,20.2501,16.3086,
13.1439,20.2501,16.1804,
13.0415,20.0855,16.1166,
13.0415,20.0855,16.0532,
12.9906,20.0038,15.99,
12.9399,20.0038,15.8645,
12.9399,19.9225,15.74,
12.9399,19.9225,15.74,
12.9399,19.8416,15.74,
12.9399,19.8416,15.6781,
12.8894,19.7611,15.5552,
12.8391,19.7611,15.3126,
12.8391,19.9225,15.3126,
12.8391,19.8416,15.1927,
12.8894,19.9225,15.0149,
13.1439,20.1676,14.9561,
12.9906,19.8416,14.6084,
12.8894,19.3644,14.2133,
12.6893,18.3761,13.5615,
12.6397,17.2388,13.0926,
12.6893,16.438,12.7889,
12.6893,15.6781,12.3948,
12.5412,15.1332,12.0123,
12.4922,14.7233,11.779,
12.4434,14.3812,11.55,
12.3948,14.1578,11.4595,
12.4434,14.0474,11.4145,
12.4434,13.9926,11.325,
12.4434,13.8835,11.325,
12.5412,13.9926,11.325,
12.9399,14.3812,11.6869,
13.0926,14.4943,11.8253,
13.299,14.6657,11.9653,
13.299,14.6084,11.9653,
13.3511,14.6657,12.0123,
13.2471,14.5512,11.9185,
13.8835,15.2525,12.5904,
12.5412,14.0474,11.3697,
14.1578,15.99,13.2471,
13.5615,15.8021,12.8894,
14.3251,16.9672,13.9926,
12.9399,16.1166,13.0926,
12.8391,16.9,13.0926,
12.3463,17.5154,12.7889,
12.2021,18.2293,12.4922,
12.25,18.9771,13.3511,
12.3463,19.5219,17.3075,
12.3948,19.8416,14.5512,
12.5412,20.1676,14.8975,
12.8894,20.7537,15.5552,
13.7753,22.0814,16.7666,
13.1439,21.2727,16.2444,
12.9906,21.1851,18.9007,
13.1954,21.6275,16.5686,
14.0474,22.642,17.1705,
14.1578,22.8328,18.5988,
13.4034,21.8984,16.5032,
13.5615,22.1736,16.9,
13.8293,22.4531,16.8331,
14.3251,23.2205,17.2388,
13.9926,22.5473,17.0346,
13.8835,22.4531,17.4458,
13.9926,22.642,17.6556,
13.9379,22.5473,17.5154,
13.8835,22.4531,17.4458,
14.0474,22.5473,17.5154,
14.1578,22.7371,17.6556,
14.1025,22.7371,17.5854,
13.8835,22.3595,17.1705,
13.8835,22.2663,17.0346,
14.4377,22.8328,17.3075,
14.3251,22.642,16.7666,
14.4377,22.8328,16.9672,
15.3126,24.1241,18.0117,
14.4377,22.9289,17.1024,
13.668,22.1736,16.438,
14.4943,23.1228,17.5154,
14.7233,23.5168,17.6556,
14.4377,23.3188,17.5854,
13.8293,22.8328,18.2293,
13.9379,23.3188,17.7971,
13.5086,23.0256,17.6556,
14.1578,24.1241,17.9399,
13.0926,22.9289,16.7666,
14.6084,25.0735,19.2084,
12.2981,21.9897,16.5032,
12.2981,22.1736,16.6343,
12.3463,22.3595,16.8331,
12.2981,22.5473,17.5154,
12.3463,22.7371,16.6343,
12.2021,22.4531,15.99,
12.1544,22.5473,16.7666,
12.9906,23.818,17.6556,
14.3812,25.8459,19.5219,
14.7233,26.65,19.681,
13.0926,24.331,17.4458,
12.25,23.3188,16.8331,
12.9906,24.4353,19.0538,
14.5512,26.8858,19.3644,
12.0595,23.6167,21.2727,
12.1069,23.7171,16.6343,
13.1439,25.4008,17.1705,
13.0926,25.4008,18.5988,
13.0415,25.6221,17.8683,
12.9906,25.5111,18.0117,
13.0926,25.8459,19.5219,
13.3511,26.3014,18.5988,
14.3812,28.2344,19.8416,
14.7233,28.8777,20.5841,
14.9561,29.0088,20.8391,
13.7753,27.2449,19.443,
13.0926,26.4169,18.8247,
13.7216,27.1245,19.6013,
13.9926,27.6104,19.9225,
13.9379,27.8577,19.8416,
13.9379,27.6104,20.5,
14.2133,27.8577,20.5841,
14.8392,29.1407,20.9249,
14.9561,29.2734,21.0112,
14.8975,29.1407,21.0979,
14.9561,29.1407,20.9249,
14.5512,28.3615,20.4163,
14.3812,27.9825,20.1676,
14.3812,27.9825,20.0038,
13.4034,26.5331,18.8247,
13.299,26.4169,18.8247,
13.3511,26.4169,18.9007,
13.3511,26.3014,18.9771,
13.3511,26.4169,19.1309,
13.4559,26.5331,19.6013,
13.5086,26.65,19.1309,
13.6147,26.7676,19.2084,
13.6147,26.7676,19.0538,
13.6147,26.7676,19.0538,
13.4034,26.3014,18.9007,
13.5086,26.5331,18.9771,
13.4034,26.3014,18.8247,
13.4034,26.3014,18.9007,
13.4034,26.3014,18.9007,
13.4559,26.4169,18.9771,
13.4559,26.3014,18.9771,
13.4034,26.4169,18.9007,
13.4034,26.3014,18.9007,
13.4559,26.4169,18.9007,
13.5086,26.3014,18.8247,
13.5086,26.1865,18.9007,
13.5615,26.4169,18.9007,
13.6147,26.4169,18.9771,
