445,523,431,
445,524,447,
445,533,436,
447,535,447,
446,535,405,
447,533,444,
448,533,435,
448,540,436,
448,503,428,
448,502,426,
450,503,455,
452,503,444,
499,502,445,
441,438,447,
439,412,446,
437,391,446,
434,431,439,
432,434,475,
431,474,432,
429,441,401,
428,434,434,
428,373,452,
427,371,462,
424,368,455,
424,370,446,
425,378,486,
427,396,455,
429,401,434,
430,409,444,
433,424,455,
435,430,450,
435,445,451,
436,474,450,
438,480,450,
457,496,450,
438,408,455,
442,426,484,
443,461,406,
441,489,412,
441,475,437,
441,513,437,
442,515,444,
446,501,404,
447,506,394,
458,470,481,
450,474,440,
447,478,498,
447,455,485,
446,472,432,
447,484,467,
448,487,502,
448,488,499,
449,490,495,
450,490,495,
452,490,491,
449,491,463,
449,491,461,
450,489,434,
450,487,432,
450,481,447,
452,464,439,
455,472,431,
457,440,485,
465,418,480,
469,400,492,
475,383,400,
476,365,490,
480,348,431,
485,349,436,
490,335,482,
494,361,478,
497,363,434,
500,340,417,
501,340,377,
504,383,380,
505,330,424,
508,369,422,
510,355,420,
511,373,402,
512,421,412,
514,383,415,
518,435,421,
518,428,419,
519,440,419,
520,418,417,
518,431,418,
518,427,416,
519,426,416,
520,434,416,
520,439,417,
520,440,416,
520,442,393,
521,444,416,
520,344,419,
520,344,418,
521,345,421,
522,346,422,
522,350,422,
