450,474,436,
451,475,435,
451,474,436,
451,467,436,
451,466,436,
451,466,436,
452,466,436,
452,465,436,
451,464,436,
451,460,437,
450,459,436,
450,458,436,
448,456,436,
448,453,436,
446,444,436,
446,418,435,
443,408,435,
441,412,435,
438,398,435,
436,376,434,
435,374,379,
434,374,440,
434,368,382,
434,367,471,
435,368,442,
435,371,494,
435,371,417,
438,373,405,
438,373,434,
439,375,431,
440,374,426,
441,377,436,
443,378,407,
445,380,394,
445,384,381,
446,376,411,
445,388,415,
447,394,432,
447,393,393,
446,397,436,
447,408,439,
447,409,438,
447,422,403,
446,430,431,
447,450,435,
447,455,386,
447,456,421,
447,460,382,
447,462,424,
447,463,429,
447,464,436,
448,466,364,
448,466,422,
448,467,433,
449,467,375,
449,468,422,
453,462,421,
456,450,391,
462,447,386,
464,426,407,
467,411,424,
469,408,399,
471,406,417,
474,386,465,
478,427,424,
480,388,446,
484,374,518,
487,345,411,
490,362,509,
492,371,487,
495,369,488,
499,357,485,
502,341,488,
505,337,495,
508,333,488,
510,327,488,
512,324,480,
512,323,448,
511,323,445,
507,318,450,
472,298,434,
504,323,463,
501,337,437,
507,331,445,
517,325,453,
519,325,453,
520,327,443,
521,328,469,
521,333,455,
522,330,452,
523,330,463,
524,332,464,
524,334,436,
524,333,434,
