448,427,391,
462,428,381,
450,428,358,
450,428,356,
436,428,388,
433,429,388,
427,427,387,
426,428,389,
421,429,389,
419,429,389,
417,429,389,
416,430,386,
415,430,383,
408,426,391,
406,416,391,
404,405,392,
408,389,391,
437,364,391,
406,355,391,
400,342,389,
396,335,381,
399,388,389,
392,339,359,
390,337,384,
401,322,366,
388,309,346,
393,342,333,
396,331,338,
394,321,342,
398,319,362,
399,323,367,
400,337,345,
398,319,337,
398,336,342,
399,326,359,
397,334,361,
394,337,360,
391,378,334,
387,332,342,
415,366,397,
416,379,395,
417,470,348,
416,410,343,
415,446,401,
416,438,402,
416,460,395,
416,441,363,
416,442,399,
417,462,401,
418,451,392,
417,449,400,
419,460,399,
418,444,403,
420,445,403,
423,437,403,
427,427,403,
432,408,405,
438,403,407,
444,345,377,
448,319,406,
452,350,334,
457,328,404,
461,311,410,
463,313,412,
466,320,379,
470,317,411,
472,314,371,
477,304,403,
477,303,371,
484,305,360,
485,304,397,
482,299,392,
483,309,382,
483,301,388,
484,300,385,
484,299,385,
485,303,387,
486,304,378,
486,308,386,
487,310,386,
487,316,385,
488,321,387,
488,331,386,
489,324,387,
489,330,387,
489,333,386,
490,337,387,
490,330,387,
490,326,387,
491,329,387,
