440,466,429,
440,468,429,
439,468,429,
439,463,429,
437,465,427,
437,459,427,
438,461,428,
437,460,427,
439,460,428,
439,460,429,
440,462,429,
441,461,430,
441,463,431,
442,461,431,
441,451,431,
443,444,431,
443,432,417,
440,420,428,
438,409,375,
438,400,359,
442,382,418,
433,378,404,
430,373,418,
432,373,419,
429,374,425,
429,380,424,
430,374,425,
430,382,425,
431,397,425,
432,401,426,
434,406,426,
436,428,426,
437,424,427,
437,425,428,
439,422,429,
439,428,429,
440,431,430,
439,432,431,
441,437,431,
440,443,393,
441,460,361,
441,467,359,
441,483,451,
440,466,519,
439,462,537,
438,459,547,
437,462,469,
437,465,411,
436,464,524,
432,461,503,
426,456,495,
408,440,514,
407,439,477,
407,436,482,
407,435,486,
408,437,489,
410,435,491,
411,432,485,
416,428,500,
421,419,505,
426,399,503,
432,379,521,
436,356,492,
439,340,486,
444,334,490,
447,326,507,
450,320,518,
453,319,517,
457,318,475,
459,314,501,
460,311,454,
450,296,401,
480,329,349,
477,317,402,
488,310,406,
496,314,382,
477,299,392,
479,299,389,
472,294,384,
470,295,382,
474,301,384,
482,306,396,
459,355,468,
421,274,390,
432,285,429,
455,303,455,
473,308,416,
475,310,444,
474,309,453,
482,318,458,
480,323,430,
482,332,409,
493,341,435,
