453,455,521,
453,456,464,
454,457,491,
454,459,515,
455,459,519,
455,458,520,
455,457,523,
455,457,522,
456,457,517,
456,457,520,
456,457,521,
457,458,524,
457,458,509,
457,459,499,
458,460,470,
458,461,472,
458,460,497,
457,454,506,
456,447,492,
454,438,490,
454,418,490,
454,407,491,
449,409,495,
448,390,513,
475,382,519,
449,376,509,
459,375,491,
453,375,480,
441,371,500,
440,371,510,
441,371,462,
443,372,472,
444,373,477,
445,376,468,
448,377,470,
450,380,469,
449,383,499,
459,384,493,
453,388,505,
464,393,478,
455,398,487,
470,403,467,
463,414,459,
458,425,470,
460,436,462,
457,447,452,
456,454,518,
457,462,500,
457,469,431,
457,469,492,
457,472,458,
457,472,468,
459,474,423,
459,475,425,
459,476,462,
461,477,441,
462,478,469,
464,478,454,
462,479,429,
463,479,452,
462,478,444,
462,478,457,
465,476,431,
465,473,429,
464,472,425,
465,460,425,
468,456,448,
470,453,435,
473,470,395,
476,450,431,
484,430,485,
485,426,475,
488,451,479,
490,439,452,
494,440,457,
496,439,483,
498,432,463,
501,334,495,
504,329,445,
505,327,450,
508,329,457,
509,333,465,
511,433,414,
512,437,436,
514,460,385,
515,330,376,
517,342,389,
519,433,486,
520,425,428,
521,435,376,
521,437,371,
522,415,382,
523,417,412,
524,410,418,
524,411,440,
525,459,457,
525,445,458,
525,421,459,
525,410,464,
526,448,460,
527,439,459,
526,453,460,
526,437,459,
527,469,450,
527,467,446,
527,456,421,
528,445,416,
528,466,418,
528,469,404,
528,465,416,
528,423,416,
528,427,418,
529,430,404,
529,432,395,
529,463,416,
