457,476,457,
458,476,459,
458,477,461,
457,477,464,
457,477,466,
458,478,461,
458,479,472,
458,483,459,
458,482,454,
457,482,458,
457,483,460,
456,482,447,
456,484,447,
455,483,434,
454,481,439,
453,477,474,
453,475,479,
451,474,475,
450,472,471,
449,469,456,
449,465,463,
448,455,460,
446,445,475,
444,434,423,
442,418,415,
440,408,419,
438,397,430,
437,388,378,
435,381,427,
435,377,410,
434,372,361,
434,373,420,
432,374,373,
432,372,435,
432,369,407,
432,369,369,
433,369,395,
435,370,407,
435,373,386,
437,374,381,
439,375,389,
440,378,365,
441,382,400,
442,384,403,
443,388,381,
444,391,426,
445,395,419,
446,398,378,
447,403,388,
448,409,438,
448,418,425,
449,426,428,
451,437,427,
451,446,431,
452,456,477,
453,463,438,
454,464,441,
454,473,444,
454,491,438,
455,481,421,
455,483,441,
455,484,354,
455,486,448,
456,488,445,
456,490,369,
457,491,447,
456,492,442,
457,495,401,
457,494,420,
457,494,444,
457,495,384,
457,494,422,
457,494,433,
458,494,412,
458,493,409,
459,492,408,
460,508,410,
464,514,437,
466,479,389,
470,468,459,
473,446,481,
477,422,485,
481,401,431,
485,384,479,
489,355,478,
492,340,486,
495,335,501,
499,391,507,
502,344,445,
505,344,498,
507,343,507,
509,340,472,
510,348,425,
511,358,476,
512,337,434,
514,328,387,
515,390,470,
517,440,494,
517,450,459,
519,447,505,
520,403,503,
521,330,464,
521,321,387,
522,322,475,
522,324,493,
523,322,462,
524,326,484,
524,323,472,
524,326,459,
524,325,496,
525,325,503,
525,326,497,
526,328,497,
526,329,498,
526,331,496,
526,336,503,
527,366,505,
527,356,506,
527,357,509,
527,357,507,
