416,414,471,
414,414,464,
419,416,438,
416,414,419,
419,417,423,
423,420,434,
424,421,445,
420,417,448,
419,416,449,
419,418,450,
422,419,451,
423,419,451,
429,425,466,
427,423,466,
419,414,458,
420,413,457,
447,438,480,
443,424,476,
422,396,459,
421,393,419,
434,402,409,
431,394,427,
428,389,423,
426,379,382,
423,373,387,
428,370,416,
423,358,476,
425,356,436,
422,353,424,
420,349,465,
427,357,445,
432,365,490,
429,360,485,
406,338,442,
386,321,395,
435,351,396,
432,358,402,
423,353,397,
418,351,393,
415,350,390,
413,351,387,
410,353,384,
409,355,383,
406,358,449,
408,357,392,
412,363,454,
428,369,472,
432,372,459,
419,380,442,
415,372,465,
414,376,466,
414,380,471,
417,387,471,
416,393,398,
412,405,405,
413,402,416,
414,408,483,
415,420,440,
436,436,524,
426,424,516,
428,435,512,
431,444,477,
431,421,515,
424,454,518,
417,445,471,
419,455,434,
418,456,433,
409,448,423,
419,469,447,
419,468,386,
418,460,395,
418,475,423,
418,443,441,
421,440,430,
427,477,463,
432,411,544,
425,389,400,
429,361,386,
433,347,388,
436,332,411,
439,343,339,
445,334,411,
454,331,418,
461,315,420,
476,316,416,
481,307,435,
486,305,437,
493,321,427,
491,334,369,
484,327,374,
486,329,420,
479,316,410,
453,295,381,
450,292,388,
478,309,410,
451,294,340,
458,306,386,
487,346,416,
448,295,316,
460,275,386,
459,325,387,
453,326,380,
457,308,384,
507,351,426,
513,367,430,
510,345,428,
506,348,423,
471,297,394,
510,325,427,
518,336,434,
520,333,435,
520,335,436,
520,330,436,
520,331,435,
505,334,422,
460,278,384,
460,289,385,
462,280,387,
462,312,387,
464,286,387,
464,285,388,
465,287,389,
