443,506,436,
443,506,434,
444,506,436,
444,505,433,
444,504,426,
444,502,423,
443,496,421,
442,490,420,
441,485,418,
440,478,413,
438,462,415,
437,493,425,
435,492,402,
433,471,421,
431,428,422,
429,414,421,
427,408,416,
427,413,423,
426,448,423,
426,457,422,
427,402,421,
428,401,422,
431,403,423,
432,408,424,
434,409,424,
434,393,424,
433,397,425,
434,419,423,
434,414,390,
434,454,385,
435,472,394,
435,479,402,
435,487,415,
436,496,425,
436,505,383,
437,521,439,
436,532,439,
436,517,398,
437,519,427,
437,488,416,
437,484,386,
437,482,386,
437,481,417,
437,482,379,
437,491,425,
437,484,392,
438,484,406,
438,482,380,
439,474,395,
440,554,385,
444,571,387,
451,592,393,
456,511,349,
461,474,370,
466,478,387,
471,463,404,
475,426,435,
478,469,436,
481,384,412,
484,383,377,
486,373,434,
490,417,437,
491,379,406,
494,438,400,
496,447,420,
498,455,416,
499,481,420,
501,475,405,
504,494,449,
506,468,426,
507,518,404,
509,501,396,
510,502,419,
511,498,416,
512,530,389,
513,393,425,
514,415,383,
514,417,426,
515,416,429,
515,419,427,
516,424,424,
517,429,417,
517,431,421,
517,433,400,
518,485,402,
518,441,400,
519,439,385,
519,424,420,
519,404,423,
520,397,424,
