446,430,394,
447,430,419,
446,432,436,
447,443,435,
447,454,406,
448,456,389,
448,459,431,
448,461,436,
448,460,436,
448,461,431,
448,477,388,
448,454,401,
448,444,376,
447,432,387,
446,414,406,
445,411,405,
445,405,433,
442,390,432,
441,376,425,
466,359,391,
438,351,430,
449,347,431,
435,384,417,
444,350,428,
436,396,427,
438,395,409,
450,344,413,
438,344,411,
435,349,428,
437,371,429,
439,382,429,
440,341,430,
443,342,430,
448,345,430,
456,348,431,
440,354,429,
445,357,433,
445,363,434,
445,370,436,
446,369,434,
445,372,435,
446,394,436,
447,414,436,
447,459,418,
448,468,437,
451,430,435,
456,474,377,
457,498,437,
459,479,438,
455,476,433,
459,488,408,
467,477,438,
462,452,437,
462,488,378,
485,542,439,
484,533,438,
477,518,439,
475,510,440,
476,549,440,
478,536,440,
474,514,440,
468,516,441,
463,510,441,
462,503,442,
465,492,442,
467,481,442,
470,459,405,
475,416,418,
476,381,437,
480,354,444,
484,336,425,
488,327,443,
498,357,441,
497,350,412,
500,317,384,
503,314,440,
505,325,375,
508,312,435,
511,306,432,
512,331,431,
510,330,424,
512,351,425,
516,367,426,
515,344,423,
519,391,414,
517,406,419,
518,353,399,
518,362,401,
518,359,418,
517,391,418,
515,439,418,
513,400,421,
522,381,431,
522,399,420,
522,362,414,
507,324,429,
482,299,419,
485,297,434,
496,301,405,
500,302,404,
500,301,405,
503,298,427,
505,301,460,
506,306,445,
507,314,437,
509,313,438,
508,315,439,
509,317,435,
511,313,431,
511,313,431,
511,313,424,
510,313,427,
