439,462,422,
439,463,422,
440,463,421,
440,463,401,
441,464,420,
439,462,423,
433,455,417,
429,452,413,
430,453,415,
430,453,414,
428,449,411,
402,422,386,
403,422,387,
410,431,395,
409,426,393,
413,428,398,
421,429,405,
422,416,405,
409,393,335,
398,373,375,
408,373,373,
411,362,386,
418,362,305,
414,355,309,
412,350,382,
411,347,343,
410,347,394,
408,347,375,
406,344,359,
405,346,358,
405,346,358,
408,346,358,
409,349,359,
408,350,358,
407,350,353,
406,353,306,
403,353,373,
405,357,358,
401,357,386,
394,357,358,
414,384,399,
416,391,401,
416,402,403,
416,410,403,
419,419,399,
414,421,398,
416,428,402,
415,430,390,
416,433,401,
410,430,358,
414,437,400,
418,440,410,
426,451,427,
422,448,418,
399,425,397,
402,429,396,
431,461,428,
430,460,428,
425,454,422,
404,430,402,
417,439,408,
436,448,422,
404,403,388,
402,384,375,
410,376,384,
416,344,406,
468,378,367,
470,357,450,
478,347,411,
480,342,468,
484,339,442,
488,339,463,
485,331,456,
475,319,403,
483,320,337,
495,321,425,
458,303,369,
501,324,417,
460,292,333,
457,295,377,
502,317,508,
503,319,463,
509,321,434,
505,321,416,
499,323,394,
492,318,443,
483,314,389,
480,317,390,
479,313,389,
479,313,390,
480,315,388,
510,322,396,
496,324,399,
499,327,405,
495,328,404,
496,336,405,
523,334,404,
511,330,404,
507,325,402,
504,325,393,
500,333,403,
502,336,404,
