447,535,361,
448,534,369,
448,535,359,
449,535,356,
449,535,404,
450,536,400,
450,536,385,
451,540,366,
451,541,394,
451,541,400,
451,543,391,
450,540,395,
451,539,393,
450,539,372,
450,538,389,
450,535,395,
450,528,397,
450,523,395,
449,515,379,
449,500,377,
448,507,397,
449,496,402,
448,478,424,
450,516,395,
448,455,378,
452,444,365,
447,440,410,
443,439,398,
440,440,412,
439,461,446,
439,444,419,
438,441,469,
439,440,439,
441,441,425,
443,444,413,
445,447,389,
445,452,393,
446,453,407,
447,458,410,
448,464,410,
448,479,416,
450,480,418,
450,488,384,
451,489,435,
452,504,423,
453,498,494,
453,499,425,
453,509,419,
454,518,429,
455,522,413,
456,528,377,
456,551,374,
456,582,353,
457,574,332,
457,580,372,
457,562,407,
457,536,410,
458,548,357,
458,548,412,
459,544,378,
459,529,363,
459,530,370,
460,531,355,
460,529,365,
460,529,403,
461,528,402,
462,525,400,
463,527,386,
465,529,386,
468,526,388,
471,514,373,
474,444,416,
494,435,322,
480,429,374,
482,453,357,
485,488,416,
488,460,414,
490,422,415,
493,425,407,
495,423,433,
496,403,476,
497,337,464,
499,423,365,
501,410,417,
501,409,403,
503,423,416,
504,420,416,
505,410,416,
508,392,416,
508,384,416,
509,383,412,
510,382,403,
511,382,415,
511,384,414,
512,380,414,
513,384,414,
513,405,412,
514,401,414,
515,382,413,
515,398,412,
516,401,407,
516,391,393,
516,392,404,
516,394,385,
517,391,413,
517,391,414,
518,387,415,
518,386,417,
519,390,418,
519,390,418,
519,387,419,
519,386,420,
520,387,420,
520,390,420,
