445,423,397,
446,423,393,
447,425,383,
447,426,422,
447,423,390,
447,422,370,
447,421,388,
447,423,389,
447,453,430,
447,420,381,
446,419,403,
445,417,396,
443,408,420,
441,429,407,
439,398,378,
436,371,382,
450,360,428,
485,359,426,
438,341,364,
430,333,430,
428,332,431,
453,332,421,
426,332,423,
438,332,425,
430,333,426,
433,333,422,
431,334,409,
434,335,368,
436,337,400,
437,336,412,
439,338,384,
444,340,372,
445,360,404,
439,354,399,
472,347,349,
493,351,425,
443,354,433,
441,357,415,
441,359,412,
443,364,426,
446,388,431,
450,382,432,
456,409,409,
497,435,334,
492,442,412,
471,417,420,
466,441,391,
462,443,431,
460,429,360,
460,424,372,
454,444,403,
452,460,401,
452,466,438,
452,467,412,
452,462,377,
459,465,384,
454,453,399,
461,451,377,
462,436,393,
456,432,377,
475,425,385,
478,404,443,
468,384,444,
468,385,446,
472,361,404,
486,356,446,
482,320,446,
482,319,445,
484,333,356,
486,342,376,
490,345,403,
492,341,439,
497,341,433,
501,337,409,
508,331,426,
518,332,430,
523,330,430,
526,302,429,
527,299,427,
527,298,426,
530,300,412,
531,299,424,
532,300,423,
535,301,424,
537,302,425,
537,303,426,
534,301,425,
540,301,426,
538,302,425,
539,303,428,
533,305,428,
540,304,429,
540,305,429,
541,309,430,
