420,472,285,
421,471,320,
425,471,323,
423,473,325,
420,478,326,
422,502,326,
423,470,324,
421,470,322,
422,469,323,
421,467,327,
423,466,326,
423,465,328,
423,463,329,
434,460,328,
437,456,330,
423,442,330,
422,429,328,
418,409,328,
411,390,299,
400,369,326,
417,356,348,
386,349,279,
393,346,301,
370,337,320,
421,348,331,
376,345,294,
379,344,291,
388,346,286,
377,346,285,
419,353,286,
383,356,282,
385,361,278,
384,367,290,
382,374,313,
385,398,308,
434,394,317,
394,408,301,
455,436,309,
435,400,308,
387,404,309,
454,410,325,
412,412,340,
397,430,341,
406,434,338,
434,437,334,
435,443,345,
437,442,338,
440,445,272,
438,440,335,
417,452,298,
440,446,340,
437,449,345,
413,450,354,
430,452,368,
440,434,373,
443,418,373,
444,403,374,
449,392,385,
445,386,387,
446,381,387,
450,381,336,
456,394,397,
462,416,402,
466,422,382,
467,457,357,
454,364,388,
442,352,366,
431,355,361,
450,361,335,
464,383,382,
465,406,349,
463,402,372,
459,367,350,
481,409,378,
484,392,383,
485,423,385,
486,407,382,
486,420,382,
486,416,390,
484,376,388,
482,377,387,
487,378,390,
493,383,397,
495,382,394,
495,382,392,
497,383,379,
498,384,382,
499,389,382,
499,389,385,
500,391,385,
501,384,388,
503,382,391,
505,384,391,
508,392,397,
509,389,397,
510,406,396,
