451,502,493,
452,503,423,
452,508,452,
453,505,444,
452,536,472,
453,511,450,
454,512,454,
454,519,464,
454,515,442,
454,518,496,
455,516,475,
454,515,494,
454,522,494,
453,526,468,
452,566,474,
451,553,475,
450,505,473,
449,500,456,
449,487,452,
447,481,488,
445,467,471,
451,449,433,
449,428,421,
445,437,423,
443,429,445,
443,432,480,
442,424,500,
443,422,498,
440,382,498,
440,367,501,
440,363,511,
441,364,497,
442,366,468,
444,370,466,
445,375,476,
447,372,492,
448,379,494,
451,388,495,
450,392,489,
449,393,492,
452,393,498,
450,402,509,
453,405,506,
451,417,428,
453,415,467,
453,414,478,
451,430,482,
451,425,486,
450,443,464,
451,451,469,
451,448,439,
452,453,457,
452,457,474,
452,456,390,
452,461,488,
453,468,461,
453,466,425,
453,463,511,
453,469,489,
453,477,511,
453,476,512,
453,471,451,
453,471,505,
454,481,514,
453,474,462,
454,476,480,
453,485,454,
454,489,513,
454,493,446,
454,492,515,
454,491,516,
455,486,488,
458,522,504,
462,510,504,
466,502,510,
470,476,467,
475,460,441,
479,438,407,
482,420,457,
487,403,439,
490,398,458,
493,393,518,
497,393,468,
500,345,477,
502,341,428,
505,331,413,
507,342,437,
509,363,434,
511,428,407,
512,439,433,
514,454,430,
516,457,430,
517,468,390,
518,465,433,
520,444,425,
521,464,463,
523,490,487,
525,487,486,
527,410,486,
529,485,481,
527,384,460,
529,392,451,
527,388,476,
527,391,462,
527,388,464,
527,390,432,
528,397,444,
528,399,435,
528,400,429,
529,395,422,
529,392,428,
529,392,420,
529,391,446,
530,391,422,
530,391,423,
530,393,447,
