457,457,490,
458,457,485,
458,458,439,
458,459,453,
458,457,467,
458,458,426,
459,458,407,
459,458,473,
459,458,427,
459,458,438,
460,458,434,
460,459,431,
460,458,448,
460,460,410,
460,461,396,
460,462,439,
460,468,439,
460,484,429,
459,486,415,
458,475,443,
458,469,425,
456,453,417,
454,435,427,
453,424,417,
452,417,455,
451,413,486,
449,426,480,
445,429,463,
498,416,476,
447,425,401,
473,383,425,
466,385,474,
464,390,467,
464,391,455,
465,391,450,
503,391,456,
462,392,458,
454,395,485,
474,401,491,
472,404,492,
510,408,493,
517,410,490,
479,413,493,
460,417,491,
470,425,463,
470,435,483,
470,440,488,
470,451,488,
469,459,469,
469,465,498,
469,472,449,
468,476,427,
468,482,470,
470,488,376,
470,491,496,
471,492,493,
471,493,410,
470,493,453,
471,482,492,
471,481,492,
472,482,477,
472,482,438,
472,482,465,
471,483,439,
472,480,445,
473,476,447,
473,470,432,
474,465,453,
467,455,441,
470,438,457,
479,426,460,
471,459,462,
476,401,464,
477,384,481,
480,375,459,
482,369,503,
486,361,427,
490,351,513,
493,344,522,
496,394,525,
499,332,480,
502,320,422,
507,318,415,
510,356,472,
514,368,449,
517,387,469,
520,390,433,
519,380,436,
521,394,436,
521,390,432,
523,411,429,
524,438,400,
525,413,429,
524,425,428,
523,360,419,
523,367,420,
524,369,425,
524,381,425,
524,385,425,
524,378,426,
524,365,426,
524,374,426,
525,380,426,
525,384,425,
525,386,426,
526,387,426,
526,376,426,
526,392,427,
523,342,426,
523,342,427,
523,343,427,
