512,357,428,
509,357,427,
507,356,425,
507,355,427,
508,357,426,
508,357,426,
509,359,427,
507,358,428,
514,358,428,
513,359,429,
507,361,431,
513,361,433,
578,366,439,
520,366,440,
525,390,444,
519,421,447,
531,427,432,
518,447,454,
535,482,477,
526,386,475,
537,396,440,
533,505,460,
510,382,479,
514,390,418,
515,405,458,
516,435,481,
517,448,480,
515,471,410,
514,499,456,
521,489,453,
525,497,464,
521,479,449,
504,460,418,
503,463,486,
502,480,448,
503,480,491,
506,468,443,
497,461,497,
510,475,505,
504,474,495,
505,469,500,
509,489,442,
510,509,368,
509,526,478,
438,408,382,
440,401,403,
497,433,374,
512,450,413,
493,423,432,
519,439,446,
508,444,392,
497,439,411,
489,435,391,
517,363,398,
497,375,357,
508,424,336,
504,429,407,
525,441,368,
472,430,377,
486,434,339,
484,409,391,
473,395,331,
477,395,324,
500,412,357,
487,405,321,
469,390,315,
