521,443,426,
519,442,424,
518,442,419,
516,437,407,
513,438,392,
508,432,411,
518,441,389,
526,448,402,
527,450,403,
528,450,387,
526,454,412,
524,456,393,
527,451,388,
526,485,393,
524,488,405,
521,489,458,
525,515,364,
521,481,401,
495,485,376,
511,492,462,
501,459,409,
505,459,446,
494,457,402,
452,435,344,
416,393,343,
415,394,392,
444,426,355,
526,499,501,
526,490,502,
527,488,401,
527,490,433,
527,495,444,
529,522,511,
528,524,519,
528,540,523,
530,566,404,
530,572,442,
529,562,503,
528,542,525,
529,508,479,
529,509,489,
528,508,527,
529,510,528,
529,509,527,
529,511,525,
529,519,523,
530,519,434,
529,511,503,
529,503,480,
525,495,410,
510,464,422,
513,458,375,
510,451,396,
511,441,415,
510,433,454,
510,428,455,
536,448,466,
537,450,464,
538,467,468,
513,456,365,
510,377,405,
512,378,410,
510,374,413,
518,383,394,
516,414,391,
511,383,430,
512,410,426,
512,411,394,
512,417,408,
517,492,420,
518,455,420,
518,467,423,
517,451,433,
517,475,429,
516,498,432,
517,533,432,
516,448,434,
516,384,434,
516,385,431,
516,391,431,
516,403,432,
516,443,432,
515,423,432,
515,455,432,
514,421,430,
515,492,431,
