532,495,439,
532,496,444,
533,485,447,
533,482,438,
533,487,439,
533,484,430,
533,480,431,
533,481,421,
533,481,419,
533,484,418,
533,484,414,
533,490,409,
534,495,411,
533,481,408,
534,481,412,
534,486,412,
532,478,406,
532,478,401,
534,477,419,
533,485,409,
534,486,420,
533,488,421,
533,484,404,
533,487,421,
538,486,423,
531,415,395,
532,513,406,
533,523,409,
532,444,455,
533,477,435,
533,482,472,
581,512,500,
533,535,504,
532,504,459,
538,519,427,
534,523,518,
542,520,517,
534,513,510,
525,495,481,
534,511,523,
539,511,532,
531,534,532,
529,497,452,
532,473,521,
528,473,534,
506,495,511,
519,495,525,
524,511,524,
527,522,534,
530,529,496,
530,546,541,
525,492,527,
517,501,522,
514,488,516,
516,512,495,
535,545,544,
530,516,518,
514,518,498,
526,517,507,
534,455,490,
536,476,503,
530,456,483,
535,479,484,
526,485,460,
521,501,423,
504,475,391,
490,459,347,
486,457,368,
502,455,365,
495,410,360,
503,510,396,
496,370,358,
511,381,383,
502,376,379,
475,369,357,
463,365,357,
503,415,405,
504,454,373,
502,465,378,
501,468,385,
496,463,369,
489,465,369,
512,471,385,
511,482,386,
510,418,380,
510,418,370,
510,417,385,
