543,427,437,
543,414,435,
543,412,436,
543,412,438,
543,409,438,
543,408,438,
543,407,438,
543,406,438,
543,406,439,
543,405,440,
543,405,439,
543,406,441,
541,406,442,
543,406,443,
543,405,443,
541,406,437,
556,423,447,
548,395,449,
549,394,453,
540,394,453,
540,394,383,
539,446,457,
540,397,467,
543,401,408,
543,405,492,
549,412,499,
544,456,506,
550,490,451,
542,488,495,
542,459,505,
543,437,528,
541,429,451,
540,456,537,
541,514,537,
542,512,515,
542,535,545,
543,555,545,
543,511,545,
546,520,548,
546,520,548,
542,515,548,
545,520,546,
545,510,544,
545,504,540,
545,511,536,
545,506,528,
545,500,514,
545,454,503,
545,462,488,
547,431,477,
547,413,470,
545,419,463,
545,417,455,
546,378,448,
545,372,393,
543,370,438,
546,353,413,
547,345,431,
546,345,430,
546,345,430,
546,346,427,
550,347,393,
554,348,400,
556,351,383,
557,371,410,
557,378,393,
557,371,406,
557,363,383,
557,394,368,
557,410,426,
