490,428,418,
486,418,415,
487,419,416,
487,418,416,
486,417,413,
486,417,414,
490,421,417,
494,421,420,
499,409,415,
486,410,411,
474,404,405,
484,440,412,
483,444,414,
483,432,413,
480,442,416,
480,414,391,
481,422,361,
512,459,425,
485,408,352,
517,432,471,
526,477,396,
522,483,460,
511,452,472,
511,462,450,
512,473,430,
513,473,441,
515,477,491,
511,489,424,
514,497,508,
516,508,461,
515,510,421,
518,519,452,
516,463,517,
519,463,520,
504,451,505,
481,429,478,
507,451,466,
510,457,494,
487,449,457,
505,470,424,
491,407,448,
488,498,432,
462,353,405,
443,349,322,
448,432,363,
444,412,321,
440,332,372,
473,341,387,
430,308,294,
496,394,407,
487,444,383,
468,434,322,
504,459,374,
501,454,379,
500,464,345,
499,470,348,
494,455,386,
495,446,341,
493,438,356,
453,415,343,
480,430,321,
479,432,335,
494,442,356,
493,439,362,
491,440,369,
491,439,367,
