524,422,396,
522,415,392,
521,427,390,
519,410,388,
519,417,389,
521,411,389,
518,422,423,
519,416,417,
519,416,403,
519,419,401,
519,414,367,
521,413,368,
523,409,392,
513,392,389,
468,350,393,
506,379,424,
501,378,425,
491,403,356,
489,393,413,
504,405,436,
517,448,450,
513,477,452,
518,469,462,
500,429,449,
513,436,470,
515,456,480,
526,455,483,
494,444,400,
523,480,499,
554,489,510,
547,468,467,
516,453,493,
491,461,451,
475,427,460,
480,430,450,
510,469,448,
501,456,429,
480,437,508,
502,460,466,
478,449,477,
522,491,522,
520,488,518,
518,488,501,
516,479,483,
536,493,463,
522,475,511,
542,481,486,
537,460,435,
534,444,481,
533,467,418,
525,466,414,
521,461,342,
493,427,432,
516,463,436,
518,450,445,
520,410,445,
494,410,416,
522,429,389,
466,384,360,
471,400,394,
501,427,356,
496,418,409,
512,426,380,
531,443,390,
539,445,412,
538,463,400,
524,464,373,
509,463,363,
510,464,362,
509,458,344,
507,456,376,
497,450,375,
513,445,379,
522,394,411,
500,393,405,
499,396,367,
