540,432,389,
540,432,389,
540,429,390,
540,422,383,
539,422,366,
539,421,370,
539,423,439,
539,425,352,
539,426,380,
538,435,371,
538,492,393,
538,494,408,
538,505,423,
539,511,412,
541,487,405,
539,425,418,
519,418,379,
500,436,396,
501,449,390,
502,437,416,
500,461,429,
501,475,409,
501,486,386,
505,494,479,
503,503,432,
502,532,493,
505,524,412,
504,547,493,
505,569,452,
502,502,452,
505,500,496,
517,505,514,
515,497,512,
509,496,450,
519,503,365,
517,485,461,
517,471,491,
533,475,424,
518,438,462,
520,423,400,
522,411,391,
525,414,429,
520,409,413,
532,418,376,
532,415,439,
529,411,391,
528,408,397,
525,408,434,
517,402,424,
517,403,342,
516,402,391,
516,403,396,
516,403,371,
517,404,336,
518,404,307,
516,404,390,
517,405,365,
518,407,386,
528,415,411,
516,405,406,
519,408,407,
516,406,386,
518,407,321,
516,406,371,
489,385,354,
