511,424,440,
511,425,441,
512,426,441,
511,423,442,
511,426,442,
510,429,442,
510,429,441,
509,424,441,
509,425,441,
509,426,442,
509,424,444,
509,416,445,
508,420,446,
495,417,435,
495,404,441,
496,413,398,
469,394,427,
522,420,382,
504,485,434,
457,418,331,
480,454,423,
506,464,328,
530,504,504,
532,513,476,
537,421,399,
535,475,445,
535,476,516,
534,453,495,
534,450,525,
534,514,468,
534,547,530,
534,498,528,
535,441,527,
536,458,527,
536,439,519,
537,437,455,
537,449,458,
538,445,484,
538,428,510,
539,433,502,
536,400,494,
478,338,435,
490,358,443,
508,373,457,
508,421,452,
514,414,453,
505,372,445,
506,363,428,
508,366,426,
505,361,436,
504,362,436,
505,373,427,
504,367,436,
504,369,393,
503,375,406,
503,378,405,
503,382,395,
503,377,415,
503,376,408,
503,383,426,
503,383,401,
503,400,406,
