493,413,391,
484,406,401,
481,403,396,
470,395,388,
503,422,416,
506,422,421,
503,424,409,
495,413,406,
490,411,404,
494,413,381,
488,396,368,
486,406,375,
495,417,378,
510,427,395,
550,434,422,
525,428,383,
489,420,409,
501,426,359,
516,438,431,
521,448,415,
492,435,440,
492,473,443,
532,450,485,
501,432,469,
536,428,494,
511,431,477,
529,473,440,
530,469,417,
529,485,395,
494,453,480,
485,449,468,
526,498,415,
493,488,442,
510,519,499,
505,510,429,
516,539,478,
504,517,388,
532,536,533,
522,491,526,
519,490,520,
510,504,491,
531,502,528,
528,502,507,
511,483,496,
508,482,455,
495,470,451,
478,444,371,
491,449,456,
507,448,430,
496,431,394,
500,424,367,
531,390,455,
507,375,435,
528,425,452,
494,364,423,
497,390,371,
468,380,384,
533,438,438,
498,429,357,
525,436,417,
493,445,389,
494,446,399,
483,455,385,
490,399,395,
483,442,389,
503,455,407,
473,447,380,
502,481,405,
497,473,402,
494,363,399,
493,363,399,
490,391,396,
446,396,360,
475,440,384,
451,421,365,
447,394,362,
