527,503,439,
529,505,435,
536,507,438,
527,495,438,
527,488,439,
527,487,440,
526,481,440,
525,479,435,
515,411,427,
489,385,405,
493,391,408,
492,394,408,
515,408,428,
501,396,418,
504,396,419,
483,379,407,
490,440,419,
485,419,423,
462,428,407,
532,492,468,
507,427,437,
528,418,411,
468,396,382,
516,379,469,
525,398,421,
500,386,459,
521,415,487,
523,429,431,
516,417,509,
507,433,493,
483,451,431,
495,461,399,
485,466,446,
482,466,409,
517,504,492,
523,479,514,
520,475,521,
526,496,513,
524,502,520,
536,484,430,
543,499,513,
540,497,484,
512,455,437,
541,461,464,
542,449,483,
532,427,461,
513,383,439,
503,390,428,
532,450,449,
532,417,436,
541,420,436,
540,442,424,
539,433,445,
536,400,441,
534,413,439,
535,416,436,
536,431,393,
538,444,415,
539,437,416,
538,467,440,
538,470,442,
539,488,442,
539,455,442,
539,452,442,
548,483,442,
541,482,443,
542,490,442,
539,488,409,
539,494,414,
539,495,432,
