522,513,500,
522,502,500,
523,483,500,
522,507,500,
522,509,500,
522,512,500,
522,509,500,
522,510,500,
522,511,500,
522,513,500,
522,514,501,
522,512,500,
522,513,500,
521,493,500,
521,486,500,
521,489,500,
521,487,500,
521,487,499,
520,486,499,
520,499,498,
523,503,501,
520,489,499,
517,487,497,
515,486,475,
513,516,491,
500,504,480,
502,532,479,
499,503,478,
492,497,474,
522,506,508,
517,494,507,
516,419,503,
491,390,481,
524,489,525,
535,512,534,
500,505,443,
481,502,468,
488,434,488,
478,381,416,
478,439,494,
476,374,493,
483,393,433,
476,414,493,
471,415,443,
471,401,438,
464,402,427,
479,398,466,
471,444,479,
515,447,451,
488,441,485,
522,431,505,
489,404,465,
486,381,460,
516,450,487,
501,408,489,
505,409,487,
471,404,443,
491,418,410,
472,411,383,
468,410,416,
473,412,410,
487,402,427,
475,392,405,
477,405,415,
478,404,409,
476,397,415,
470,388,397,
480,391,415,
487,398,419,
502,408,435,
506,412,435,
509,413,441,
510,413,441,
511,414,442,
511,414,443,
511,413,444,
512,417,445,
