514,428,446,
514,431,446,
515,431,447,
515,431,447,
515,432,447,
515,430,447,
516,431,448,
516,431,448,
515,431,448,
515,431,448,
516,428,448,
516,426,449,
518,431,451,
517,429,450,
505,418,441,
528,437,431,
528,448,442,
528,442,465,
529,445,470,
530,441,452,
530,442,475,
530,444,464,
531,434,462,
532,449,440,
535,449,448,
519,444,501,
522,450,461,
522,477,507,
527,469,465,
529,521,470,
526,584,464,
523,567,466,
523,596,527,
518,603,524,
501,432,496,
515,446,523,
520,448,527,
520,446,527,
520,448,527,
525,452,530,
525,434,489,
525,393,522,
523,433,511,
524,368,499,
518,344,490,
526,345,488,
529,388,436,
527,358,475,
524,466,466,
523,460,459,
517,455,448,
513,456,441,
512,448,415,
509,432,433,
506,420,425,
503,408,411,
501,445,400,
501,434,394,
498,421,422,
495,425,417,
488,415,415,
508,439,433,
509,455,423,
506,452,413,
504,454,397,
491,435,349,
483,323,368,
484,325,334,
482,324,333,
