536,429,444,
536,437,446,
536,432,447,
536,434,447,
536,445,440,
536,440,442,
536,443,432,
536,439,453,
536,438,433,
537,438,427,
537,438,460,
536,438,464,
536,441,465,
536,441,465,
535,439,466,
533,440,469,
536,426,472,
539,412,472,
535,447,474,
535,437,478,
535,453,482,
540,452,428,
544,454,418,
537,472,392,
558,432,508,
485,522,414,
518,391,448,
511,470,515,
543,469,493,
519,439,524,
507,437,514,
543,468,542,
529,462,539,
529,447,532,
499,419,474,
521,418,509,
521,449,509,
511,450,515,
501,442,488,
501,429,503,
505,371,504,
506,378,467,
497,367,446,
522,353,486,
529,355,493,
534,353,484,
534,355,491,
523,349,475,
520,345,439,
524,399,455,
530,413,464,
532,413,466,
531,415,465,
539,406,463,
532,400,461,
537,402,456,
563,405,455,
556,414,454,
533,419,454,
534,425,454,
535,427,455,
533,432,453,
533,431,453,
530,434,454,
532,433,453,
532,407,454,
532,404,454,
