486,428,395,
483,423,390,
483,424,390,
476,419,376,
486,429,327,
481,423,308,
481,421,346,
490,430,387,
489,426,372,
486,425,373,
487,429,347,
483,427,335,
479,422,402,
480,422,390,
483,425,359,
480,421,364,
476,418,409,
484,422,419,
476,418,336,
478,430,337,
503,455,435,
480,432,420,
491,436,443,
493,436,430,
494,468,399,
525,483,480,
528,486,492,
533,493,441,
534,504,478,
532,518,477,
526,516,497,
480,482,387,
493,493,467,
522,550,493,
517,508,477,
512,461,508,
526,488,500,
529,494,521,
533,502,484,
537,511,474,
535,568,536,
533,533,535,
530,507,532,
523,499,473,
502,480,464,
525,501,495,
504,481,454,
509,482,470,
500,469,462,
500,504,440,
536,494,432,
504,461,423,
467,427,423,
469,428,412,
495,473,432,
535,489,457,
528,498,447,
511,461,426,
500,449,414,
491,446,398,
492,431,410,
491,429,408,
493,429,402,
495,434,394,
494,449,409,
494,492,410,
493,488,409,
497,493,410,
496,498,410,
487,488,399,
489,349,398,
495,353,401,
