482,430,398,
484,432,404,
485,441,407,
485,440,407,
484,438,407,
483,446,406,
481,438,406,
485,445,402,
485,449,399,
474,434,390,
482,440,397,
466,424,383,
521,475,424,
481,428,428,
519,466,427,
504,425,420,
491,432,419,
485,438,422,
487,423,428,
495,469,434,
498,466,447,
503,494,439,
516,474,473,
514,509,464,
496,477,411,
521,521,429,
514,463,493,
497,471,476,
530,483,424,
542,488,462,
541,600,452,
542,540,543,
542,573,543,
543,541,543,
546,540,483,
543,539,531,
496,497,499,
506,511,508,
508,516,507,
509,515,504,
512,518,475,
509,518,468,
490,498,474,
549,526,463,
540,501,511,
538,484,502,
533,461,465,
519,437,379,
486,410,436,
491,404,357,
529,435,440,
503,412,382,
500,410,424,
509,416,428,
495,402,362,
489,399,386,
486,401,401,
517,437,376,
505,435,381,
490,420,335,
493,422,363,
476,411,340,
490,422,351,
489,434,352,
485,445,343,
486,433,360,
482,421,297,
486,426,399,
473,416,388,
487,431,388,
