576,436,441,
549,439,406,
546,439,405,
548,457,409,
547,454,426,
553,454,441,
547,457,429,
544,455,445,
546,456,447,
570,462,446,
593,454,447,
581,455,448,
552,461,448,
551,462,448,
551,457,449,
551,446,450,
550,441,447,
550,429,453,
587,471,455,
541,467,457,
543,466,462,
540,466,469,
541,443,473,
541,404,481,
540,400,489,
540,450,498,
581,504,504,
546,515,443,
540,517,518,
541,488,514,
540,534,529,
549,521,533,
542,471,535,
541,510,537,
541,526,492,
542,538,493,
542,532,494,
543,513,549,
544,475,550,
544,470,549,
545,510,549,
544,512,548,
544,501,547,
545,561,538,
544,498,525,
545,482,511,
545,455,499,
546,448,487,
546,467,476,
546,440,467,
552,372,461,
547,438,456,
548,454,452,
557,454,447,
601,496,446,
566,381,442,
577,381,439,
569,389,438,
551,405,437,
583,407,436,
546,425,436,
546,407,436,
546,419,435,
545,378,435,
545,378,435,
545,378,436,
544,380,436,
544,419,437,
543,446,437,
543,438,437,
543,454,438,
543,429,437,
543,420,438,
543,410,438,
543,404,436,
543,400,436,
543,387,431,
543,384,423,
