537,429,443,
535,428,442,
516,413,422,
523,419,418,
533,430,443,
536,434,445,
537,482,446,
532,476,441,
536,491,406,
535,505,432,
535,511,440,
537,456,415,
537,456,455,
537,461,398,
517,458,298,
531,395,453,
532,433,425,
514,394,440,
525,441,447,
488,483,438,
504,392,380,
504,397,453,
513,414,482,
473,473,460,
522,444,460,
533,459,509,
524,525,500,
497,458,457,
520,532,467,
499,451,479,
484,487,458,
475,468,427,
477,453,438,
492,428,469,
477,417,479,
478,418,446,
503,439,473,
520,452,475,
525,459,464,
520,449,499,
533,460,477,
545,464,522,
534,443,491,
523,417,431,
521,405,374,
520,423,455,
511,386,445,
535,395,384,
539,392,450,
543,395,360,
543,393,451,
543,407,447,
541,451,417,
541,451,441,
541,464,368,
540,444,393,
539,482,430,
539,391,436,
545,395,434,
544,414,418,
544,424,431,
545,417,405,
553,421,376,
592,422,402,
542,423,380,
544,424,392,
543,416,374,
543,423,373,
544,422,383,
