506,481,446,
505,469,446,
505,469,446,
505,463,445,
504,465,444,
505,488,446,
506,481,446,
507,479,448,
507,478,447,
507,450,448,
506,446,448,
507,434,448,
507,431,448,
506,433,449,
507,434,449,
508,435,451,
508,428,451,
508,448,454,
512,443,457,
511,435,462,
515,518,468,
521,463,477,
519,466,448,
516,434,481,
526,459,470,
504,465,399,
531,444,461,
524,467,491,
531,449,511,
471,394,450,
499,452,423,
478,514,387,
425,428,424,
447,459,438,
449,474,413,
452,468,431,
460,370,458,
460,363,459,
460,368,419,
455,345,444,
509,386,498,
445,335,441,
493,371,481,
470,418,383,
536,423,469,
536,435,480,
536,420,495,
535,406,475,
536,427,478,
534,407,481,
534,404,427,
549,435,472,
531,416,467,
542,413,463,
530,419,459,
534,425,457,
531,405,454,
534,410,453,
533,426,449,
529,452,423,
528,478,400,
528,497,375,
527,504,417,
526,432,446,
525,441,441,
525,517,414,
525,509,397,
524,490,420,
523,417,426,
523,419,426,
523,403,426,
522,408,428,
522,419,429,
522,417,429,
522,415,428,
521,406,429,
521,412,428,
521,415,429,
