12.3463,25.5111,18.2293,
12.3463,25.5111,18.3761,
12.4434,25.7337,18.3026,
12.4434,25.2911,18.3026,
12.3948,25.2911,18.3026,
12.3463,25.7337,18.45,
12.3463,25.2911,18.3026,
12.3463,25.4008,18.2293,
12.3948,25.182,18.1565,
12.3463,25.2911,18.3761,
12.3463,25.0735,18.3026,
12.3948,25.0735,18.2293,
12.4434,25.4008,18.3026,
12.4434,25.182,18.3761,
12.6397,25.182,18.3026,
12.9906,25.2911,18.3026,
13.7216,25.182,18.2293,
14.4377,25.4008,18.3761,
15.2525,25.2911,18.2293,
16.438,25.5111,18.2293,
17.4458,25.4008,18.5242,
18.3026,25.5111,18.1565,
19.2084,25.2911,18.45,
19.9225,25.4008,18.3761,
20.5,25.2911,18.6738,
21.3607,25.4008,18.45,
21.8077,25.182,18.3761,
22.1736,25.5111,18.5242,
22.8328,25.5111,18.5242,
23.0256,25.6221,18.5242,
23.4175,25.7337,18.5242,
23.7171,26.1865,18.7491,
23.9195,26.0723,18.5242,
23.9195,26.0723,18.45,
23.818,25.7337,18.45,
24.2273,26.3014,18.5988,
24.6457,26.3014,18.45,
24.8584,26.1865,18.45,
24.7517,26.1865,18.5242,
24.7517,25.9588,18.5242,
24.7517,26.0723,18.5242,
24.9657,25.9588,18.5242,
25.0735,26.0723,18.5242,
24.6457,25.5111,18.45,
24.4353,25.7337,18.45,
24.4353,26.1865,18.3761,
24.331,25.6221,18.3761,
23.6167,25.7337,18.5242,
23.6167,25.7337,18.3761,
23.6167,25.7337,18.3026,
23.4175,25.5111,18.2293,
23.2205,25.4008,18.2293,
22.9289,25.182,18.1565,
22.3595,25.4008,18.2293,
21.1851,25.4008,18.1565,
20.4163,25.5111,18.1565,
19.443,25.4008,18.0839,
18.5988,25.2911,17.9399,
17.5154,25.2911,18.0839,
16.6343,25.2911,18.0117,
15.99,25.182,18.1565,
15.4942,25.182,18.0839,
15.0149,25.182,18.0117,
14.6657,25.0735,17.7262,
14.2691,24.9657,17.7262,
13.9379,24.9657,17.5854,
13.6147,25.182,17.8683,
13.3511,24.7517,17.5854,
13.1954,24.8584,16.9,
13.0415,24.9657,17.3075,
12.8391,25.0735,17.5154,
12.6893,24.9657,17.7971,
12.6397,24.9657,17.8683,
12.5412,24.8584,17.0346,
12.4434,24.7517,17.2388,
12.3948,24.8584,17.0346,
12.25,24.8584,17.2388,
12.2981,24.7517,17.2388,
12.2981,24.8584,17.1705,
12.25,24.8584,16.9,
12.1544,25.0735,16.5686,
12.1544,24.6457,16.7003,
12.0595,24.5402,16.7003,
12.1069,24.5402,16.438,
12.0123,24.6457,16.8331,
12.0595,24.6457,16.9,
12.0123,24.9657,16.9672,
12.0123,24.8584,16.6343,
11.9653,24.6457,16.3086,
11.9185,24.6457,16.2444,
11.9653,24.6457,16.9672,
11.9653,24.9657,16.5032,
12.1069,24.6457,15.5552,
12.2021,24.5402,15.8645,
12.2981,24.5402,15.9271,
12.5904,24.6457,16.438,
12.9906,24.5402,16.5686,
13.5086,24.6457,16.8331,
14.2133,24.8584,16.9672,
15.1332,24.7517,16.9,
15.9271,24.8584,16.9,
16.7666,24.6457,17.3075,
17.7262,24.6457,17.1705,
18.45,24.9657,17.1705,
19.2862,24.8584,17.3075,
20.0855,24.6457,17.2388,
20.8391,24.7517,17.3765,
21.4492,25.182,17.3765,
21.9897,25.182,17.3075,
22.5473,25.2911,17.4458,
23.1228,25.5111,18.5988,
23.0256,25.8459,20.2501,
23.2205,25.5111,18.5988,
23.2205,25.7337,17.5154,
23.3188,25.8459,22.0814,
23.2205,25.6221,17.5854,
23.0256,25.6221,17.7971,
22.9289,25.5111,17.7262,
22.642,25.2911,18.0839,
22.642,25.4008,17.6556,
22.4531,25.4008,17.6556,
22.1736,25.182,17.6556,
22.0814,24.9657,17.6556,
21.9897,25.0735,17.4458,
21.5381,24.8584,17.4458,
21.4492,24.7517,17.5154,
21.2727,24.7517,17.7971,
21.0979,24.5402,17.3075,
20.7537,24.4353,17.3075,
20.6687,24.331,18.45,
20.4163,23.7171,18.0117,
20.1676,23.4175,21.5381,
20.0855,23.3188,17.0346,
19.8416,22.8328,17.1705,
19.7611,22.5473,22.0814,
19.681,22.3595,19.5219,
19.443,22.0814,18.0117,
19.443,21.8984,19.1309,
19.443,21.6275,20.5,
19.2862,21.2727,20.0855,
19.3644,20.8391,19.7611,
19.443,20.333,19.3644,
19.3644,20.1676,19.0538,
19.2862,19.5219,19.1309,
19.2862,19.2862,19.3644,
19.3644,18.9771,19.2084,
19.3644,18.45,19.2862,
19.2862,18.2293,18.7491,
19.2084,18.2293,18.45,
19.2862,17.9399,18.5242,
19.2862,17.6556,17.3075,
19.3644,17.4458,21.0112,
19.3644,17.1705,19.7611,
19.5219,16.8331,19.0538,
19.3644,16.438,19.5219,
19.443,16.1166,20.4163,
19.443,15.8645,17.2388,
19.3644,15.6781,16.9672,
19.5219,15.4334,16.9,
19.2862,15.2525,16.9672,
19.5219,15.0149,17.5854,
19.3644,14.8392,18.5242,
19.3644,14.7811,20.1676,
19.443,14.7233,17.0346,
19.3644,14.5512,17.2388,
19.3644,14.4377,18.3761,
19.443,14.3251,18.3026,
19.3644,13.1439,16.9672,
19.443,12.5904,18.0839,
19.3644,13.9379,19.443,
19.5219,14.2691,16.9672,
19.2862,14.1578,18.5242,
19.2084,14.0474,18.0117,
19.2862,13.9926,17.2388,
19.443,14.1025,19.7611,
19.3644,14.1025,16.9672,
19.2862,14.1025,17.1024,
19.2084,14.0474,17.1024,
19.443,14.1025,16.9,
19.2084,14.0474,16.9,
19.2862,14.1578,17.0346,
19.3644,14.1025,16.9672,
19.2862,13.9379,16.9672,
19.2084,13.8293,17.0346,
19.1309,13.8293,16.9672,
19.2862,13.4034,17.0346,
19.3644,13.0926,16.9,
19.2862,13.0415,16.9,
19.2084,13.0926,16.9,
19.2084,13.0926,16.9,
19.2862,13.0926,16.8331,
