12.5412,24.9657,17.5154,
12.4922,24.7517,17.4458,
12.4922,24.7517,17.3765,
12.5412,24.6457,17.2388,
12.5412,24.5402,17.2388,
12.4922,24.7517,17.3765,
12.4922,24.4353,17.3075,
12.5412,24.5402,17.3075,
12.5412,24.5402,17.4458,
12.5904,24.8584,17.3075,
12.5412,24.6457,17.4458,
12.6893,24.6457,17.3075,
12.739,24.7517,17.1705,
12.7889,24.5402,17.3765,
12.9906,24.6457,17.4458,
13.6147,24.5402,17.3075,
14.3812,24.8584,17.3075,
15.0149,24.6457,17.3765,
15.8645,24.7517,17.3765,
16.5686,24.5402,17.3075,
17.2388,24.7517,17.4458,
17.9399,24.8584,17.3075,
18.45,24.9657,17.2388,
18.9771,24.6457,17.3075,
19.681,24.9657,17.3765,
20.0038,24.8584,17.5854,
20.333,25.0735,18.3761,
20.7537,25.4008,17.6556,
21.0112,25.5111,15.1332,
21.2727,25.6221,17.1024,
21.6275,25.8459,14.7233,
22.0814,25.6221,16.8331,
21.9897,24.6457,14.8392,
22.0814,25.4008,14.6657,
22.3595,25.4008,15.4942,
22.4531,25.5111,14.8392,
22.3595,25.6221,14.6084,
22.2663,25.9588,16.9672,
22.4531,25.5111,18.2293,
22.3595,25.2911,20.9249,
22.3595,25.2911,20.5,
22.4531,25.6221,18.0839,
22.4531,25.7337,20.2501,
22.4531,25.182,20.5,
22.3595,25.4008,20.5,
22.4531,25.4008,19.7611,
22.3595,25.0735,21.0112,
22.1736,24.9657,20.9249,
22.1736,25.182,20.8391,
22.0814,25.2911,22.2663,
21.8984,25.182,18.5988,
21.4492,24.9657,18.5242,
21.1851,24.9657,21.1851,
20.5841,24.9657,21.8077,
19.7611,24.5402,21.0979,
19.2862,24.9657,20.6687,
18.7491,24.6457,19.9225,
18.0117,24.5402,20.7537,
17.3765,24.5402,19.9225,
17.1024,24.4353,19.5219,
16.9,24.4353,16.8331,
16.5032,24.6457,16.9,
16.1166,24.5402,17.1705,
15.74,24.5402,17.4458,
15.4942,24.331,17.1705,
15.0149,24.4353,16.9,
14.6657,24.2273,16.9,
14.3812,24.331,16.8331,
14.1578,24.2273,17.5154,
13.8835,24.2273,24.6457,
13.6147,24.4353,18.3026,
13.299,24.331,17.8683,
13.1954,24.2273,15.6781,
12.9906,24.331,17.7971,
12.9399,24.4353,17.0346,
12.8391,24.331,17.7971,
12.6397,24.2273,21.7174,
12.5904,23.9195,20.2501,
12.5904,24.331,16.1804,
12.5904,24.331,16.2444,
12.5412,24.1241,16.0532,
12.4434,24.331,17.0346,
12.3463,24.2273,16.5032,
12.3948,24.331,15.8021,
12.4434,24.5402,15.8645,
12.3463,24.6457,15.8021,
12.3948,24.2273,15.6781,
12.3463,24.5402,15.8645,
12.4434,24.5402,15.99,
12.3948,24.6457,16.3732,
12.3948,24.331,16.2444,
12.3948,24.2273,16.1804,
12.2981,24.4353,16.1166,
12.3463,24.4353,15.8645,
12.3948,24.2273,16.1166,
12.3463,24.2273,16.3086,
12.2981,24.5402,16.3732,
12.2981,24.4353,16.3732,
12.2981,24.2273,16.1804,
12.2981,24.331,16.1804,
12.3463,24.1241,16.0532,
12.3463,24.2273,16.1166,
12.3948,23.9195,15.9271,
12.5904,24.2273,15.74,
12.9906,24.1241,15.74,
13.5086,24.0215,15.8645,
14.1578,23.818,15.6781,
14.8975,23.9195,15.6781,
15.4334,24.1241,15.6781,
15.8645,23.7171,15.4942,
16.3732,23.818,15.4334,
16.5032,23.4175,15.3126,
16.7666,23.5168,15.2525,
17.1024,23.1228,15.0739,
17.4458,23.3188,19.2862,
17.7262,22.9289,19.9225,
17.9399,23.2205,20.1676,
18.3026,23.3188,18.3761,
18.6738,23.3188,17.2388,
18.5988,23.1228,19.9225,
18.5988,22.9289,19.9225,
18.7491,23.0256,19.0538,
18.5242,22.7371,18.7491,
18.5988,22.9289,19.0538,
18.3761,22.8328,17.6556,
18.3761,22.4531,17.8683,
18.3761,22.3595,17.9399,
18.3026,22.3595,18.1565,
18.3026,22.1736,17.9399,
18.0839,21.8077,17.9399,
18.3026,21.6275,17.7971,
18.0117,21.1851,18.0117,
18.1565,20.9249,17.6556,
17.9399,20.5841,17.7262,
17.9399,20.2501,17.9399,
18.0839,19.681,17.6556,
18.0117,19.2862,17.1024,
17.9399,19.0538,17.1705,
17.9399,18.7491,16.9672,
17.8683,18.5988,16.5032,
18.0839,18.45,16.5686,
18.1565,18.1565,19.0538,
18.0839,17.9399,18.0117,
18.2293,17.8683,16.7666,
18.2293,17.5154,16.7003,
18.2293,17.3075,16.6343,
18.1565,17.1705,16.7666,
18.0839,16.9672,16.7003,
18.0117,16.7666,16.7003,
18.0839,16.6343,16.7666,
18.0839,16.5032,16.7003,
18.0117,16.2444,17.8683,
18.0839,15.99,18.0117,
18.0839,15.8021,20.5,
18.0117,15.6166,15.8021,
18.0117,15.4942,15.6781,
18.0839,15.1927,19.2084,
17.9399,15.0149,21.2727,
17.9399,14.8975,15.8645,
17.9399,14.7811,18.0839,
17.9399,14.6657,17.7971,
17.7971,14.5512,15.6781,
17.7262,14.4943,20.333,
17.7262,14.3812,17.2388,
17.7262,14.4377,18.8247,
17.7262,14.3812,16.1166,
17.7262,14.2691,19.3644,
17.7262,14.2133,17.1705,
17.6556,14.2691,19.3644,
17.6556,14.2133,16.3086,
17.5854,14.1578,16.9672,
17.5854,14.1578,18.3026,
17.7262,14.2133,15.8021,
17.5854,14.1578,15.6781,
17.5154,14.1025,16.5686,
17.5154,14.1025,16.7003,
17.6556,14.1025,15.9271,
17.5854,14.0474,16.7666,
17.6556,13.9926,17.1024,
17.5854,14.0474,16.8331,
17.5854,14.0474,15.4942,
17.5854,14.0474,15.8021,
