12.3948,25.182,16.1804,
12.2981,24.9657,16.3086,
12.3463,24.9657,15.4334,
12.3463,24.8584,14.3812,
12.3463,25.2911,15.4942,
12.2981,24.8584,15.4334,
12.2981,25.182,15.3126,
12.3463,24.9657,14.4377,
12.3463,24.8584,14.1025,
12.3948,24.9657,15.0149,
12.3463,25.0735,15.4942,
12.2981,24.9657,15.5552,
12.2981,24.9657,15.6781,
12.3463,24.7517,15.4942,
12.25,24.7517,15.4942,
12.2981,24.8584,15.4942,
12.3463,24.9657,15.1927,
12.3948,24.7517,15.1927,
12.3948,24.7517,15.2525,
12.4922,24.9657,15.0149,
12.6397,24.7517,14.5512,
12.9399,24.9657,14.4377,
13.3511,24.8584,14.6084,
14.0474,24.8584,14.5512,
14.6657,24.8584,14.4943,
15.3728,24.9657,14.5512,
15.99,24.8584,14.7233,
16.7666,24.9657,14.2691,
17.5854,25.0735,15.74,
18.45,25.4008,13.2471,
19.1309,24.9657,13.0415,
19.681,25.0735,13.4559,
20.4163,25.2911,14.1578,
20.8391,25.2911,17.0346,
21.2727,25.7337,14.6657,
21.8077,25.9588,13.6147,
21.9897,25.9588,13.7216,
22.3595,25.9588,15.1927,
22.8328,25.9588,14.3251,
22.7371,26.1865,13.668,
23.0256,26.1865,17.5854,
23.2205,26.3014,17.3075,
23.6167,25.9588,16.1166,
23.6167,26.1865,14.6657,
23.818,26.5331,13.9926,
23.818,26.1865,14.0474,
23.9195,25.9588,15.4334,
23.818,25.5111,14.6657,
23.9195,26.0723,14.5512,
23.818,26.3014,14.4943,
24.0215,26.4169,15.0149,
23.7171,26.0723,14.3812,
24.0215,26.3014,13.5086,
23.818,26.3014,13.0415,
23.7171,26.1865,14.1025,
23.7171,26.3014,13.8835,
24.331,26.7676,14.3251,
25.0735,27.7337,15.8645,
24.6457,27.7337,17.6556,
24.4353,27.4878,15.2525,
24.2273,27.1245,15.0739,
23.7171,27.6104,13.9926,
23.0256,27.2449,15.9271,
21.8984,26.5331,14.8975,
20.8391,27.2449,15.99,
19.8416,27.1245,17.3765,
18.5242,26.4169,14.4377,
17.7262,27.0048,14.6657,
16.5032,26.0723,14.1578,
15.6781,26.3014,14.8392,
15.3126,25.8459,15.3126,
14.7233,25.5111,16.5686,
14.3251,25.2911,17.5154,
13.9379,25.182,17.3075,
13.668,25.182,13.668,
13.5615,24.8584,13.1954,
13.5086,25.5111,14.9561,
13.2471,24.9657,14.0474,
13.2471,25.182,15.8021,
13.4034,25.6221,13.4559,
13.0415,25.0735,14.7811,
12.6893,24.9657,14.7233,
12.7889,24.8584,12.9906,
12.8391,24.9657,13.3511,
12.7889,25.0735,15.74,
12.739,25.182,16.3732,
12.6893,25.0735,14.8975,
12.6893,25.182,14.4377,
12.6397,24.8584,14.2133,
12.5412,24.8584,13.9379,
12.4922,25.182,15.6781,
12.5412,24.9657,16.5686,
12.4434,25.182,17.0346,
12.4434,24.9657,16.9672,
12.3948,24.9657,16.3732,
12.4922,24.7517,12.7889,
12.5412,24.8584,13.9379,
12.4434,24.6457,15.1927,
12.5904,24.6457,15.2525,
12.739,24.6457,14.8392,
12.8894,24.6457,14.5512,
13.1439,24.5402,14.8975,
13.5615,24.7517,15.4334,
14.1025,24.8584,17.0346,
14.6657,24.8584,12.9399,
15.1927,25.0735,13.4034,
15.74,24.8584,13.1439,
16.3086,24.7517,11.3697,
17.1024,25.0735,11.779,
17.5154,24.9657,13.8293,
17.9399,24.5402,13.1439,
18.3761,24.5402,13.668,
18.7491,24.6457,13.7216,
19.0538,24.5402,13.4034,
19.6013,24.9657,12.9399,
19.5219,24.8584,13.4559,
19.6013,24.331,16.5686,
19.443,24.331,16.7666,
19.5219,24.5402,15.2525,
19.5219,24.0215,14.6084,
19.2862,22.0814,12.5904,
19.6013,24.5402,13.7216,
19.5219,24.331,13.9926,
19.0538,24.2273,13.5086,
18.9771,24.2273,15.3728,
18.9771,24.2273,16.2444,
18.8247,24.4353,16.3732,
18.5242,24.331,16.1804,
18.3026,24.2273,16.1804,
18.2293,23.818,15.8645,
17.9399,23.3188,15.8021,
17.8683,23.2205,15.1927,
17.7262,22.9289,15.6781,
17.6556,22.5473,15.6166,
17.5154,22.2663,13.9379,
17.5854,22.0814,14.3251,
17.5854,21.5381,14.7233,
17.3765,21.2727,15.6166,
17.3765,21.0979,15.99,
17.5154,20.6687,15.9271,
17.3765,20.0855,16.0532,
17.4458,19.681,15.9271,
17.4458,19.443,15.8645,
17.3075,19.2862,15.9271,
17.4458,19.2862,15.6781,
17.3075,19.0538,15.4942,
17.4458,18.8247,15.1332,
17.5154,18.5988,15.1927,
17.4458,18.5242,15.3728,
17.5854,18.2293,15.4334,
17.5854,18.0839,15.6166,
17.5154,17.7262,15.99,
17.6556,17.5854,15.9271,
17.6556,17.3075,16.1166,
17.7262,16.9672,16.7003,
17.6556,16.7003,16.1804,
17.7262,16.5686,16.1804,
17.6556,16.3732,16.3086,
17.6556,16.1166,21.6275,
17.5854,15.74,19.2084,
17.6556,15.6781,16.438,
17.7971,15.4942,16.3086,
17.7971,15.3728,16.3732,
17.5854,15.0739,16.3086,
17.6556,14.9561,16.2444,
17.5854,14.8392,17.0346,
17.5854,14.8392,20.0038,
17.5154,14.7233,16.3086,
17.5154,14.6084,19.681,
17.4458,14.5512,18.3026,
17.5854,14.5512,18.3026,
17.5854,14.4377,16.5032,
17.5854,14.4377,17.1024,
17.5854,14.3812,18.3026,
17.6556,14.4943,16.2444,
17.6556,14.4377,16.1804,
17.6556,14.3251,16.0532,
17.5854,14.3251,16.1804,
17.4458,14.2691,16.3732,
17.5854,14.3251,19.9225,
