565,501,465,
565,502,464,
565,502,464,
565,502,465,
565,502,464,
565,502,464,
565,502,464,
565,502,464,
565,502,464,
565,502,464,
565,502,464,
565,502,464,
564,500,464,
562,498,464,
558,496,465,
553,492,464,
545,487,464,
535,481,464,
529,478,464,
524,475,464,
519,473,464,
514,470,465,
511,467,464,
508,464,464,
506,461,464,
501,457,464,
497,455,464,
494,453,465,
492,450,464,
489,446,464,
487,443,463,
487,441,463,
486,439,463,
485,436,463,
482,432,461,
481,429,461,
480,427,461,
480,425,459,
479,422,458,
479,420,457,
480,421,457,
480,420,456,
481,420,456,
481,421,456,
481,421,456,
480,421,455,
480,421,455,
480,422,454,
480,421,454,
480,421,454,
479,421,452,
480,422,451,
481,422,451,
481,423,452,
482,423,452,
482,424,452,
483,424,452,
485,425,453,
488,426,453,
491,428,453,
496,430,452,
501,435,453,
505,442,454,
507,446,455,
508,448,457,
509,449,457,
510,452,457,
512,454,458,
514,456,459,
516,458,459,
519,462,459,
522,466,460,
524,470,459,
527,475,459,
529,479,460,
531,483,460,
534,485,460,
536,487,460,
540,489,460,
543,491,460,
546,492,460,
549,493,460,
552,494,460,
555,495,460,
557,497,460,
559,498,460,
560,500,460,
561,500,461,
562,500,461,
563,500,461,
564,500,461,
564,500,461,
564,501,461,
564,501,461,
565,501,461,
565,501,462,
566,501,462,
567,501,462,
567,501,462,
567,501,462,
568,501,462,
568,501,462,
568,501,462,
568,501,463,
