538,416,480,
538,416,480,
538,416,480,
538,416,480,
538,416,480,
538,416,480,
539,416,480,
538,417,480,
538,416,480,
538,417,480,
538,417,480,
538,417,480,
538,417,480,
538,417,481,
537,416,481,
537,417,481,
537,416,481,
537,417,481,
537,419,483,
537,419,485,
537,421,488,
537,423,481,
537,426,501,
537,430,508,
537,437,517,
537,448,524,
537,460,532,
537,476,541,
535,486,547,
534,492,555,
533,496,557,
531,498,560,
529,499,559,
527,498,558,
526,499,558,
524,498,557,
521,496,554,
520,496,553,
517,494,551,
516,493,549,
520,495,552,
521,494,551,
523,488,547,
525,477,540,
526,465,531,
526,453,524,
526,440,517,
526,430,510,
526,420,499,
526,413,488,
526,409,481,
527,406,477,
527,404,473,
527,403,469,
526,401,467,
526,400,466,
527,400,465,
528,400,466,
527,399,465,
529,400,466,
532,402,467,
534,402,468,
538,403,471,
538,402,470,
537,401,469,
535,400,467,
536,401,468,
538,402,469,
540,404,472,
540,404,471,
542,406,473,
542,406,474,
543,406,474,
543,407,476,
544,408,477,
544,408,477,
544,408,477,
544,408,477,
544,408,477,
544,408,477,
544,409,477,
543,409,476,
543,409,475,
543,409,474,
543,408,472,
543,408,471,
542,408,470,
542,408,468,
541,408,466,
541,407,464,
540,407,462,
540,407,460,
540,407,459,
540,407,457,
540,407,456,
540,407,454,
543,409,455,
543,410,454,
543,410,453,
542,410,451,
539,407,449,
538,406,448,
537,406,447,
538,409,447,
538,410,446,
538,411,446,
536,411,444,
532,409,441,
530,410,440,
532,414,441,
530,414,440,
528,414,439,
526,415,424,
526,416,439,
525,417,439,
524,417,437,
521,416,436,
513,411,429,
485,390,406,
502,407,419,
478,389,400,
475,389,397,
466,382,389,
460,382,385,
467,392,392,
471,398,395,
471,400,396,
476,403,396,
470,401,393,
471,403,394,
472,407,391,
461,398,377,
461,400,385,
459,398,383,
460,400,384,
459,399,383,
461,402,385,
467,408,390,
462,404,387,
462,404,387,
481,421,403,
495,433,415,
498,436,417,
499,437,419,
498,436,418,
494,433,414,
485,425,406,
497,434,417,
498,436,418,
498,437,418,
499,437,418,
499,437,419,
498,436,417,
496,435,416,
495,433,415,
491,431,413,
486,426,408,
481,422,405,
484,423,406,
481,421,405,
481,421,404,
