543,419,484,
543,420,484,
543,420,485,
543,421,485,
543,420,485,
543,420,485,
543,420,485,
543,421,485,
543,421,485,
543,421,485,
543,420,485,
543,421,485,
543,420,485,
542,420,485,
543,421,485,
543,421,485,
543,420,486,
542,421,486,
542,421,486,
542,422,487,
541,422,488,
541,428,488,
541,426,491,
541,428,494,
541,429,498,
541,432,505,
541,437,513,
540,447,522,
541,462,532,
541,482,545,
541,496,556,
542,505,566,
542,513,571,
543,523,575,
543,523,577,
544,524,579,
545,528,580,
546,538,581,
546,574,582,
546,543,582,
546,537,582,
547,569,582,
547,528,581,
548,528,579,
548,525,573,
549,505,559,
549,479,547,
549,463,539,
549,450,533,
548,440,526,
549,431,516,
548,425,508,
548,423,502,
548,421,497,
548,418,496,
548,416,493,
547,415,491,
547,414,489,
546,414,487,
546,414,486,
545,413,485,
545,411,483,
545,410,482,
544,410,481,
544,409,480,
543,408,479,
542,408,478,
542,409,479,
542,408,479,
541,408,479,
540,407,477,
541,409,479,
541,409,478,
538,408,477,
537,407,476,
537,408,476,
537,408,477,
537,409,477,
535,409,476,
535,409,476,
534,408,476,
533,408,475,
531,407,474,
530,406,473,
528,403,471,
526,401,469,
522,398,465,
518,395,461,
522,398,462,
524,401,462,
527,405,463,
529,407,463,
531,408,462,
532,411,461,
532,412,460,
532,413,459,
532,412,458,
531,413,457,
530,414,456,
530,414,455,
530,415,455,
529,415,452,
528,415,450,
525,414,446,
517,409,438,
523,415,441,
512,406,429,
502,400,419,
500,401,418,
513,414,426,
514,416,428,
500,408,416,
495,406,410,
495,409,410,
493,409,408,
515,432,428,
514,433,426,
490,418,408,
485,417,405,
483,417,404,
480,417,404,
483,420,405,
479,419,402,
477,418,400,
477,419,399,
476,422,400,
476,420,399,
475,420,399,
476,421,398,
474,419,397,
474,420,396,
474,419,396,
474,419,397,
474,419,396,
475,420,394,
477,423,384,
477,423,390,
477,423,397,
477,423,397,
476,422,397,
476,423,396,
475,422,395,
475,422,396,
475,422,396,
475,422,394,
474,423,393,
475,421,394,
475,421,393,
476,424,395,
