514,436,443,
514,436,501,
514,447,506,
515,454,519,
515,448,490,
515,453,497,
516,451,492,
516,465,500,
516,442,390,
516,433,437,
516,429,479,
515,371,504,
514,378,474,
511,381,490,
507,410,489,
502,449,503,
491,443,503,
470,432,508,
451,430,493,
432,435,482,
417,475,521,
404,412,506,
392,413,499,
382,409,525,
372,406,444,
367,408,476,
360,358,453,
356,439,446,
353,415,445,
349,414,398,
347,417,427,
346,416,445,
346,451,480,
345,451,455,
349,452,449,
349,460,448,
353,472,455,
356,408,455,
360,413,458,
364,433,462,
372,451,455,
382,459,460,
393,462,478,
402,457,443,
412,458,444,
423,471,441,
434,475,487,
443,469,397,
451,471,456,
458,475,442,
465,472,432,
470,469,465,
474,473,448,
478,437,477,
481,455,476,
484,463,474,
489,464,456,
491,472,507,
492,471,492,
494,470,488,
497,465,481,
498,449,446,
499,455,491,
500,461,499,
501,468,492,
502,493,493,
503,429,494,
504,439,520,
504,488,526,
505,394,530,
505,418,533,
506,464,530,
506,470,531,
506,485,536,
506,463,471,
506,452,494,
506,454,541,
505,458,492,
503,465,521,
512,480,516,
499,472,519,
528,476,492,
503,473,509,
496,461,482,
496,463,522,
496,471,527,
492,473,509,
492,474,437,
492,480,494,
494,485,454,
495,467,502,
495,508,527,
496,505,433,
497,514,492,
498,505,489,
498,506,500,
500,498,514,
501,496,514,
503,489,561,
504,486,593,
505,489,621,
505,493,569,
504,495,624,
493,490,551,
486,488,552,
493,497,504,
507,500,506,
507,458,477,
509,484,514,
509,505,516,
508,480,516,
507,475,515,
