522,387,485,
522,387,477,
523,388,478,
523,389,489,
523,385,475,
523,384,486,
524,384,495,
524,385,495,
524,381,496,
524,380,496,
524,380,496,
524,380,496,
524,381,496,
524,380,496,
524,382,498,
523,380,499,
523,381,501,
522,382,502,
521,381,502,
519,387,503,
506,378,503,
487,382,453,
466,395,505,
476,399,503,
437,414,506,
432,406,543,
424,404,476,
421,390,487,
403,387,448,
394,399,504,
382,379,462,
374,381,497,
369,378,470,
365,377,507,
360,374,463,
356,370,483,
353,370,436,
351,373,398,
350,378,492,
348,369,447,
349,421,448,
350,355,457,
356,370,491,
358,398,504,
375,398,525,
360,416,491,
367,417,465,
380,407,488,
414,397,444,
390,396,498,
407,401,552,
433,413,589,
446,391,502,
462,401,593,
461,405,592,
447,409,522,
460,426,493,
460,430,471,
470,428,419,
478,417,503,
478,428,500,
528,427,484,
489,417,583,
514,420,518,
493,418,527,
492,418,519,
492,419,458,
501,417,482,
497,417,487,
499,424,503,
504,421,522,
506,432,508,
507,434,493,
509,389,439,
510,403,426,
509,416,388,
510,417,439,
512,417,439,
514,416,427,
515,465,436,
516,444,435,
516,442,436,
517,433,434,
518,441,434,
522,414,436,
531,421,433,
546,421,437,
515,420,438,
515,423,482,
515,425,434,
514,428,437,
512,432,499,
512,497,550,
510,488,555,
507,495,513,
505,501,486,
506,473,494,
502,427,458,
500,429,478,
497,431,489,
508,435,508,
498,440,457,
502,445,518,
503,450,535,
511,453,444,
512,455,484,
503,456,523,
503,457,561,
504,458,498,
505,460,494,
506,460,492,
504,460,538,
507,458,532,
513,450,593,
512,454,543,
513,458,495,
508,464,515,
510,454,563,
512,463,573,
513,482,573,
518,443,534,
516,440,572,
515,437,499,
515,455,575,
517,455,557,
517,457,592,
516,447,576,
516,433,585,
517,478,583,
516,474,572,
516,484,571,
