515,405,418,
515,404,419,
515,406,418,
515,405,416,
515,405,416,
515,406,417,
516,406,417,
516,405,417,
516,406,415,
516,407,410,
516,406,407,
516,406,413,
516,408,411,
516,407,408,
516,409,407,
516,407,408,
516,407,409,
516,408,409,
515,408,407,
512,408,410,
508,408,413,
496,409,415,
476,408,426,
455,407,415,
439,407,410,
423,406,418,
410,406,419,
398,370,419,
390,370,431,
380,401,463,
373,400,508,
370,485,501,
366,460,469,
362,457,510,
360,450,466,
357,456,477,
357,454,421,
365,449,431,
350,416,470,
352,415,463,
349,415,461,
345,413,445,
345,421,432,
346,427,441,
348,417,438,
346,420,438,
350,427,437,
354,434,437,
360,429,436,
367,428,437,
390,430,437,
391,428,438,
408,431,441,
419,431,439,
431,445,441,
444,424,444,
452,427,445,
461,400,444,
468,415,446,
474,465,454,
478,465,459,
481,470,457,
484,476,452,
487,399,481,
491,421,475,
492,377,444,
494,393,441,
496,396,462,
497,480,474,
500,478,471,
501,467,472,
502,425,474,
502,428,477,
502,427,485,
503,419,481,
503,421,475,
504,422,473,
504,422,479,
505,428,476,
505,426,476,
506,428,464,
505,436,470,
508,429,469,
509,445,470,
511,479,471,
517,483,473,
515,474,476,
512,480,475,
505,484,481,
501,491,483,
498,497,484,
499,508,486,
496,555,482,
492,501,472,
491,495,431,
491,494,421,
493,502,512,
494,479,427,
500,476,472,
501,481,506,
499,503,478,
504,438,427,
508,444,489,
512,501,473,
513,418,490,
510,436,495,
508,512,499,
508,508,513,
536,522,494,
509,506,498,
523,422,509,
512,429,518,
510,458,526,
510,459,515,
511,506,511,
512,527,508,
513,531,505,
513,534,503,
513,526,502,
513,516,501,
514,514,502,
514,520,504,
513,522,510,
513,525,527,
