515,425,417,
515,481,420,
515,468,425,
515,423,424,
515,474,426,
515,417,412,
515,426,423,
517,419,424,
516,420,420,
517,429,414,
516,461,425,
516,447,409,
515,468,407,
515,429,410,
513,441,410,
509,444,409,
505,449,418,
499,414,416,
491,408,391,
476,404,395,
457,401,405,
443,402,438,
432,396,407,
418,399,384,
406,430,434,
395,439,431,
387,468,431,
378,473,430,
371,466,430,
366,483,408,
360,459,390,
356,478,425,
354,497,410,
351,447,446,
348,466,463,
347,389,448,
346,441,510,
345,444,468,
346,432,504,
346,442,484,
345,423,497,
347,408,495,
350,423,495,
351,460,497,
354,439,499,
359,440,483,
364,431,476,
369,429,488,
374,423,492,
379,425,484,
389,419,484,
399,423,490,
408,398,490,
420,431,463,
431,445,467,
441,447,430,
448,445,495,
454,460,495,
458,476,498,
463,469,498,
466,456,496,
470,476,495,
475,499,493,
479,409,456,
483,412,482,
485,411,445,
489,436,499,
491,365,489,
493,368,450,
495,371,507,
497,377,500,
498,377,496,
500,376,510,
501,376,512,
502,377,504,
503,377,501,
503,378,498,
504,378,514,
504,378,510,
504,378,510,
505,380,508,
505,381,514,
505,382,510,
505,383,513,
504,385,515,
503,386,516,
501,388,517,
499,389,522,
496,389,523,
495,391,510,
493,393,499,
492,397,437,
491,401,493,
491,404,473,
491,409,481,
492,412,482,
492,416,484,
492,418,531,
493,421,532,
494,423,523,
495,423,406,
496,426,469,
497,427,499,
498,427,500,
499,432,500,
500,449,503,
501,490,503,
501,497,502,
502,459,500,
503,437,503,
504,468,505,
504,478,531,
505,507,496,
506,528,526,
507,512,509,
507,516,494,
508,528,530,
508,511,536,
509,510,534,
509,517,527,
509,523,531,
510,518,537,
510,512,536,
510,510,525,
510,507,540,
511,507,547,
