521,444,440,
521,468,440,
521,452,441,
521,450,440,
521,448,439,
521,449,440,
521,448,439,
522,449,438,
522,448,438,
522,451,438,
522,477,437,
521,400,438,
521,400,437,
518,403,437,
513,415,435,
504,442,433,
488,415,432,
469,411,431,
452,412,430,
436,436,428,
422,416,423,
411,416,426,
403,421,422,
394,417,422,
388,445,419,
380,446,420,
373,440,417,
369,451,419,
366,454,419,
364,425,420,
360,429,416,
357,426,416,
355,436,415,
354,430,407,
351,427,423,
350,422,424,
350,418,424,
349,418,420,
352,419,419,
354,422,383,
357,422,393,
362,429,396,
369,457,408,
374,462,389,
382,463,397,
390,453,400,
402,446,400,
415,442,400,
425,444,419,
435,464,409,
445,436,397,
453,434,389,
460,433,401,
465,431,421,
471,396,420,
476,397,422,
481,396,429,
484,398,430,
488,397,418,
490,390,405,
493,439,434,
496,447,432,
498,413,431,
498,441,423,
500,437,421,
501,431,420,
503,432,429,
503,430,430,
504,395,430,
505,381,429,
506,401,429,
506,399,425,
507,409,430,
507,425,431,
508,468,430,
508,416,431,
508,442,433,
509,443,434,
509,449,435,
510,473,433,
508,415,433,
509,442,435,
507,452,433,
506,447,436,
505,452,425,
503,444,415,
501,444,425,
499,479,418,
500,473,428,
496,491,398,
495,487,448,
496,485,456,
497,489,434,
501,491,457,
501,496,464,
502,470,469,
502,472,473,
503,460,457,
503,462,472,
504,469,419,
506,528,442,
507,450,421,
509,447,429,
509,442,420,
509,485,460,
511,494,470,
511,499,472,
512,504,465,
512,513,469,
513,515,473,
512,484,474,
514,480,475,
515,495,440,
515,504,448,
515,464,397,
515,473,452,
515,473,443,
516,470,409,
516,463,461,
516,466,474,
516,474,475,
516,480,475,
516,486,476,
516,484,476,
517,487,476,
517,506,477,
517,494,476,
