517,383,409,
518,411,452,
518,424,449,
518,396,441,
518,399,424,
518,421,435,
519,413,407,
519,429,410,
519,406,409,
519,411,409,
519,398,410,
519,363,413,
519,362,428,
520,363,424,
520,362,427,
520,361,430,
520,362,434,
520,363,433,
519,368,431,
518,395,426,
517,431,431,
515,419,431,
512,420,432,
507,420,432,
494,430,432,
470,426,433,
446,368,449,
428,360,416,
412,367,475,
398,414,400,
405,401,396,
380,371,452,
365,379,451,
358,449,420,
353,377,504,
351,375,497,
347,420,537,
343,432,478,
343,463,523,
341,380,445,
340,389,487,
338,387,525,
340,404,528,
343,416,530,
347,427,534,
349,432,536,
354,431,541,
361,411,542,
368,413,546,
375,422,552,
388,423,550,
408,426,551,
428,429,552,
427,432,554,
438,437,551,
447,420,527,
456,422,474,
463,487,472,
467,481,479,
472,469,478,
478,418,479,
481,476,465,
485,385,472,
488,406,488,
492,403,465,
494,407,424,
496,376,443,
497,377,486,
499,375,495,
500,393,479,
501,398,481,
502,397,443,
503,405,414,
504,417,420,
505,365,513,
505,365,458,
505,366,441,
506,367,430,
505,372,401,
504,374,377,
502,377,436,
500,380,425,
498,383,433,
496,386,452,
493,388,407,
492,391,368,
491,394,466,
491,396,470,
490,400,450,
491,402,550,
491,405,556,
492,407,553,
494,411,531,
496,411,575,
497,412,519,
498,413,500,
500,459,608,
501,449,529,
502,435,486,
503,454,499,
504,473,593,
505,455,562,
506,483,570,
509,517,559,
512,476,555,
513,500,553,
512,496,561,
511,491,562,
511,503,510,
513,513,517,
513,511,534,
514,509,518,
514,514,535,
515,529,540,
515,514,520,
515,494,532,
515,479,489,
516,473,549,
516,487,549,
516,507,511,
