519,361,419,
518,364,419,
518,365,420,
518,369,419,
520,381,420,
519,386,421,
519,426,420,
519,408,421,
518,436,420,
515,415,418,
512,389,415,
511,428,414,
510,435,412,
495,430,398,
494,414,382,
485,429,398,
460,427,395,
419,409,378,
420,414,390,
464,408,389,
427,393,377,
349,408,364,
372,407,385,
358,433,383,
333,381,372,
350,410,388,
343,356,393,
350,429,387,
377,449,404,
350,465,398,
341,440,405,
320,413,382,
322,400,371,
312,436,378,
319,466,381,
335,443,409,
336,440,406,
336,440,384,
340,459,404,
342,445,403,
350,449,411,
352,454,407,
357,455,411,
367,456,411,
368,457,411,
385,458,412,
386,460,412,
396,453,412,
407,471,413,
420,467,396,
462,494,400,
481,433,410,
458,407,382,
494,442,414,
507,435,412,
462,432,409,
479,443,380,
479,445,419,
477,436,419,
495,438,368,
480,449,348,
482,463,413,
484,411,394,
486,390,419,
488,445,418,
490,461,405,
491,389,382,
492,394,418,
493,459,418,
494,397,399,
495,386,413,
495,389,404,
496,463,411,
497,484,416,
496,363,415,
495,370,415,
493,347,426,
492,349,427,
491,352,428,
490,356,425,
488,358,422,
485,361,424,
484,366,443,
484,378,415,
484,392,398,
483,395,456,
485,401,395,
484,401,463,
485,404,419,
486,404,466,
488,403,465,
489,404,462,
488,419,459,
489,431,462,
498,453,468,
499,399,468,
499,399,469,
472,378,442,
464,372,458,
456,377,452,
466,382,446,
465,380,429,
469,383,439,
464,378,432,
461,377,426,
455,375,431,
463,384,430,
455,374,422,
466,387,431,
467,419,432,
467,417,432,
460,389,427,
466,397,433,
464,404,432,
