514,368,421,
514,364,421,
514,370,418,
514,371,423,
515,377,424,
514,378,412,
515,371,425,
515,354,426,
515,353,426,
515,351,427,
515,351,426,
515,350,427,
516,351,427,
515,351,429,
516,350,431,
516,352,435,
516,351,439,
514,350,452,
511,350,444,
504,348,435,
489,349,422,
471,346,433,
449,347,416,
432,346,417,
411,347,442,
394,346,478,
378,344,459,
366,342,464,
369,338,444,
352,336,444,
349,339,453,
347,337,467,
347,340,461,
351,338,435,
341,344,444,
340,350,440,
337,358,449,
336,365,430,
339,377,420,
344,404,422,
363,371,422,
352,374,421,
357,377,419,
366,379,423,
378,407,426,
396,433,426,
413,428,439,
432,402,464,
447,351,476,
461,417,476,
471,351,491,
477,352,441,
481,350,470,
484,350,453,
487,350,445,
489,349,440,
491,349,433,
493,350,435,
495,352,407,
496,357,431,
498,350,419,
499,350,430,
500,352,425,
501,387,418,
502,403,411,
502,365,429,
503,358,426,
504,390,428,
505,423,428,
506,360,422,
506,358,419,
507,365,421,
507,370,425,
508,413,406,
507,394,415,
507,379,428,
505,379,430,
502,379,433,
500,379,447,
497,383,439,
496,389,517,
494,398,449,
492,386,438,
492,388,441,
491,392,471,
493,397,456,
494,399,461,
495,400,395,
497,401,483,
500,401,483,
500,402,483,
502,405,472,
507,408,468,
509,409,468,
516,453,467,
505,433,465,
506,506,464,
508,484,466,
509,465,479,
510,430,483,
510,464,492,
512,514,504,
512,483,494,
512,469,494,
511,503,500,
511,497,519,
511,471,511,
511,450,497,
511,451,473,
511,476,523,
511,489,516,
512,489,521,
512,472,519,
512,468,521,
