476,410,361,
493,416,349,
510,430,354,
514,420,358,
514,430,367,
514,434,398,
514,412,400,
515,410,370,
515,400,378,
514,398,400,
514,398,404,
514,399,407,
514,398,409,
514,397,409,
513,399,410,
513,399,410,
514,400,411,
513,401,412,
515,403,414,
509,400,413,
474,378,388,
455,378,393,
439,382,393,
423,386,395,
404,385,367,
394,385,363,
381,385,369,
371,384,360,
362,404,370,
355,403,372,
348,392,388,
337,385,393,
332,385,396,
328,370,397,
328,350,376,
326,377,372,
338,428,414,
345,440,409,
335,451,409,
335,431,410,
351,376,413,
339,381,416,
338,378,417,
338,343,416,
340,373,413,
344,391,416,
341,402,412,
347,401,413,
351,347,417,
353,346,416,
361,347,419,
367,343,417,
381,351,417,
397,399,428,
407,408,432,
415,411,431,
427,410,427,
440,440,430,
444,434,421,
502,463,411,
462,474,378,
468,461,415,
464,438,413,
443,444,390,
457,461,395,
459,450,353,
458,462,366,
473,461,393,
456,451,392,
481,461,385,
479,409,389,
480,419,388,
481,417,382,
483,433,379,
488,430,381,
489,417,387,
489,468,377,
476,448,386,
484,458,391,
483,466,394,
505,522,398,
519,412,398,
496,438,379,
495,417,390,
494,416,393,
512,427,377,
493,418,414,
495,433,421,
469,391,402,
468,393,372,
470,397,414,
472,401,418,
467,385,421,
457,387,425,
479,408,429,
479,426,439,
478,433,411,
482,432,421,
466,442,440,
469,443,382,
471,440,398,
472,440,424,
468,439,358,
469,432,418,
467,425,434,
467,430,428,
468,443,409,
463,445,377,
473,433,401,
484,411,399,
484,433,420,
483,450,411,
486,405,439,
493,413,395,
498,422,430,
508,459,416,
505,465,479,
499,455,468,
498,473,460,
506,463,454,
