519,412,460,
519,414,460,
519,415,462,
519,416,464,
520,368,465,
520,361,467,
520,361,470,
520,361,471,
520,361,474,
520,363,475,
520,362,477,
520,362,478,
520,364,478,
521,368,479,
521,378,477,
521,415,476,
521,415,476,
521,406,477,
521,418,477,
520,396,477,
518,413,476,
515,408,476,
509,371,476,
500,368,475,
483,368,474,
457,366,474,
436,367,476,
417,405,488,
403,371,490,
397,362,459,
383,412,427,
369,409,456,
363,372,477,
357,379,476,
353,375,462,
350,402,457,
348,460,488,
345,467,528,
345,460,521,
350,458,509,
343,468,509,
384,476,514,
353,483,517,
355,433,519,
355,442,518,
360,479,498,
371,486,491,
386,451,483,
388,450,451,
402,450,476,
413,467,483,
427,466,502,
439,485,486,
449,392,484,
457,399,496,
464,390,503,
470,400,501,
475,408,509,
480,362,494,
484,362,492,
488,367,471,
492,417,509,
494,428,508,
496,366,452,
498,359,451,
500,358,499,
501,359,504,
502,359,492,
503,359,489,
504,364,493,
504,360,478,
505,362,474,
505,365,470,
506,373,474,
506,372,477,
505,376,478,
503,378,480,
502,380,480,
499,383,482,
497,387,483,
495,390,484,
494,393,484,
493,397,477,
492,401,397,
492,406,402,
492,412,376,
492,414,477,
493,417,451,
493,417,473,
495,416,479,
496,414,484,
497,415,448,
499,413,437,
500,413,481,
501,414,462,
501,415,428,
503,415,433,
503,473,522,
505,417,558,
506,419,500,
509,432,521,
508,457,475,
509,463,507,
511,464,479,
510,463,495,
512,457,471,
510,457,445,
511,461,443,
511,465,435,
512,471,475,
511,468,476,
513,481,482,
512,505,479,
513,514,478,
513,466,478,
513,493,480,
513,507,481,
513,517,481,
513,495,482,
513,492,482,
514,489,483,
