516,394,414,
515,397,409,
516,400,407,
517,398,408,
518,398,402,
516,399,391,
516,397,356,
544,399,407,
517,397,389,
518,398,418,
517,398,405,
517,399,403,
517,396,396,
516,387,389,
517,384,392,
516,385,396,
516,382,433,
520,367,437,
509,366,438,
492,407,439,
468,475,437,
446,500,437,
424,451,431,
403,419,439,
391,489,443,
377,480,438,
369,486,463,
363,472,458,
358,487,458,
354,361,430,
352,362,425,
350,397,436,
346,449,444,
344,460,442,
343,512,455,
341,353,445,
340,350,447,
339,353,446,
340,366,439,
348,444,435,
340,468,436,
340,458,435,
342,456,435,
345,459,437,
348,382,437,
350,400,435,
353,352,430,
362,355,427,
367,356,415,
379,356,433,
389,357,437,
396,357,441,
401,362,450,
411,465,455,
424,365,461,
430,456,463,
435,447,465,
441,475,470,
446,455,468,
452,448,468,
457,427,468,
463,406,452,
469,436,442,
475,457,458,
480,481,447,
483,452,457,
486,458,460,
489,457,461,
491,468,449,
493,370,439,
495,432,460,
498,420,459,
499,431,459,
500,434,457,
500,448,458,
501,473,459,
502,378,454,
503,379,453,
504,381,453,
504,416,450,
505,430,438,
505,424,452,
506,403,445,
506,407,433,
507,422,411,
507,475,417,
506,427,364,
504,423,356,
498,417,432,
479,406,377,
489,420,436,
496,432,479,
497,438,440,
499,444,498,
499,448,440,
501,450,424,
503,453,509,
503,456,523,
504,452,515,
505,476,493,
505,446,484,
506,445,492,
506,447,527,
506,468,502,
507,426,491,
507,438,496,
508,435,491,
509,448,492,
509,449,503,
509,434,503,
510,445,496,
511,449,525,
511,456,508,
510,462,463,
510,473,533,
511,504,461,
512,504,503,
511,500,457,
511,501,501,
512,518,498,
512,515,505,
513,504,505,
513,510,504,
513,521,504,
513,469,504,
513,479,502,
