513,474,453,
513,436,443,
514,423,438,
514,419,442,
514,419,440,
514,419,445,
515,435,440,
515,434,440,
515,431,446,
517,434,440,
519,445,439,
518,462,434,
518,459,440,
518,428,441,
516,426,447,
511,423,442,
503,422,451,
493,423,453,
479,426,465,
453,422,476,
435,422,469,
420,419,471,
407,422,512,
394,427,437,
382,416,485,
373,425,505,
366,460,505,
361,478,503,
358,467,472,
353,482,483,
351,443,471,
351,466,454,
348,473,493,
352,452,482,
357,480,498,
351,487,499,
351,439,500,
352,394,496,
363,367,463,
371,355,437,
372,356,430,
393,358,476,
391,358,497,
407,361,498,
405,361,496,
429,424,494,
440,410,494,
446,480,494,
445,485,493,
454,476,487,
465,484,423,
462,404,465,
464,420,496,
468,434,497,
472,450,497,
475,474,470,
479,506,498,
481,501,488,
483,363,470,
485,372,462,
487,374,494,
489,402,502,
491,398,472,
492,447,505,
493,419,499,
495,464,495,
495,462,478,
495,412,471,
496,419,479,
497,417,509,
498,432,469,
498,464,512,
499,471,500,
499,384,494,
499,398,498,
501,389,441,
503,392,461,
506,394,465,
508,397,454,
515,400,373,
503,399,433,
500,401,396,
497,405,451,
496,408,389,
495,412,415,
493,417,422,
487,419,432,
485,421,375,
482,424,460,
479,424,407,
478,427,394,
477,430,475,
479,432,434,
481,435,400,
484,438,404,
486,440,485,
487,439,489,
489,440,498,
491,440,512,
491,439,540,
492,441,552,
493,442,548,
494,445,553,
495,453,551,
495,457,540,
495,459,537,
497,475,562,
499,483,519,
500,488,516,
505,495,514,
506,499,514,
507,469,541,
508,461,559,
508,456,523,
509,459,548,
510,461,555,
510,464,567,
511,466,605,
