517,423,474,
517,385,469,
517,392,443,
518,393,433,
518,396,441,
518,395,438,
518,379,444,
518,376,436,
519,375,448,
519,373,444,
519,374,426,
519,374,426,
519,374,415,
519,374,413,
519,375,428,
518,374,429,
514,374,434,
507,375,434,
493,374,426,
471,374,420,
448,373,475,
430,371,431,
415,375,453,
401,397,502,
388,398,423,
379,400,516,
368,401,520,
362,388,475,
355,378,462,
351,382,380,
347,384,495,
344,401,544,
344,424,544,
343,436,538,
342,408,454,
344,444,498,
346,460,517,
346,441,538,
350,400,544,
354,430,534,
360,440,518,
366,431,553,
372,460,534,
376,459,560,
381,461,563,
389,464,562,
398,465,563,
403,462,562,
406,454,561,
410,454,561,
416,458,561,
425,463,400,
432,464,389,
441,468,384,
449,466,501,
455,471,502,
460,479,505,
465,477,559,
471,471,487,
476,444,535,
480,424,558,
483,423,530,
487,461,555,
490,446,506,
492,454,559,
495,477,509,
497,471,485,
498,439,476,
500,459,512,
501,422,543,
503,393,521,
504,397,530,
505,416,567,
506,413,567,
507,456,569,
508,455,569,
508,443,567,
509,451,569,
510,470,493,
510,473,540,
511,492,566,
511,386,572,
512,385,573,
512,387,495,
513,389,502,
515,391,512,
516,393,546,
528,399,519,
510,404,510,
508,407,518,
506,410,451,
503,414,453,
568,417,460,
497,421,467,
515,424,537,
499,428,464,
504,430,523,
495,436,469,
496,470,547,
497,459,570,
500,482,492,
501,478,548,
502,483,564,
507,487,546,
504,494,573,
507,487,581,
506,491,532,
509,444,561,
509,452,566,
510,465,549,
509,468,556,
510,486,556,
512,486,502,
513,484,460,
514,489,549,
515,499,532,
515,517,560,
516,510,549,
516,459,546,
516,455,543,
516,455,550,
