514,359,419,
514,359,441,
514,360,447,
514,360,463,
514,359,440,
514,361,454,
515,361,416,
515,362,413,
515,365,417,
515,380,426,
515,390,429,
515,403,450,
515,451,451,
515,453,447,
515,452,441,
515,451,438,
514,443,433,
512,446,439,
504,447,435,
491,446,449,
470,441,447,
451,437,450,
432,430,460,
417,397,447,
402,410,460,
386,363,450,
375,388,395,
368,373,385,
362,353,367,
357,354,363,
353,354,411,
351,352,430,
347,352,423,
344,351,435,
343,354,477,
342,347,486,
342,347,427,
342,348,510,
345,348,492,
347,350,477,
350,352,462,
356,354,474,
362,355,481,
369,356,541,
375,356,531,
385,359,539,
397,359,527,
406,363,526,
418,361,524,
427,360,520,
437,361,543,
446,362,488,
453,363,491,
457,364,475,
462,365,478,
468,367,499,
473,368,489,
477,368,475,
481,368,454,
485,366,419,
488,367,421,
492,366,445,
494,367,493,
496,370,447,
498,366,510,
500,366,512,
502,363,524,
503,364,491,
505,364,483,
505,367,435,
506,367,468,
507,369,458,
508,370,409,
509,378,434,
510,379,414,
511,386,420,
512,391,445,
513,396,393,
512,399,446,
511,400,478,
514,404,453,
509,407,460,
506,407,462,
504,409,482,
503,412,474,
501,416,426,
499,419,456,
497,404,505,
497,407,532,
497,411,462,
497,414,469,
507,419,493,
497,432,451,
499,428,446,
500,429,488,
502,428,460,
503,438,496,
504,438,496,
505,427,559,
506,422,598,
508,437,518,
505,439,485,
507,439,528,
506,439,530,
506,438,523,
507,432,512,
507,433,448,
508,439,491,
508,444,502,
508,424,487,
508,429,512,
508,461,493,
509,474,549,
509,450,521,
