17.8683,16.5032,14.6084,
17.8683,16.5032,14.6657,
17.8683,16.438,14.7233,
17.7971,16.438,14.7233,
17.7262,16.438,14.6084,
17.7971,16.438,14.6657,
17.7971,16.438,14.6657,
17.7971,16.3732,14.6084,
17.7971,16.3732,14.5512,
17.7262,16.3086,14.6084,
17.7262,16.3086,14.6084,
17.7971,16.3086,14.6084,
17.7971,16.3086,14.6657,
17.7262,16.3086,14.6084,
17.7262,16.3086,14.6084,
17.7262,16.1804,14.6084,
17.7262,16.438,14.6657,
17.7262,16.7003,14.6657,
17.7971,16.9,14.6084,
17.6556,17.0346,14.6084,
17.7262,17.1705,14.6084,
17.9399,18.2293,14.7811,
17.9399,17.6556,14.8392,
18.0839,18.9007,14.8975,
18.0839,18.5988,14.8392,
18.0839,18.9771,14.7811,
18.2293,20.5841,14.8392,
18.3026,22.7371,14.9561,
18.2293,23.6167,14.8975,
18.3761,23.9195,15.0739,
18.1565,23.818,14.8975,
16.438,21.8984,13.6147,
16.7666,22.2663,13.9379,
16.438,21.7174,13.5086,
16.3086,21.5381,13.299,
17.9399,23.3188,14.6657,
15.99,20.9249,13.1954,
15.9271,20.7537,13.1439,
15.8021,20.4163,12.9906,
15.74,20.0855,12.9399,
15.6781,19.9225,12.8894,
15.6166,19.7611,12.8894,
15.5552,19.6013,12.739,
15.5552,19.443,12.739,
15.4942,19.2084,12.6397,
15.4942,19.0538,12.6893,
15.4334,18.9771,12.7889,
15.4334,18.6738,12.739,
15.4334,18.3761,12.739,
15.4334,18.0117,12.7889,
15.4334,17.7262,12.7889,
15.4334,17.3765,12.739,
15.3728,17.1705,12.739,
15.3728,16.9672,12.6397,
15.3126,16.7003,12.5904,
15.3126,16.2444,12.5904,
15.3126,16.2444,12.739,
15.3126,16.1804,12.739,
15.4334,16.0532,12.8894,
15.4334,15.99,12.5412,
15.4942,15.8645,12.4434,
15.4334,15.8021,12.3948,
15.4334,15.74,12.4922,
15.4334,15.74,12.5412,
15.3728,15.74,12.4922,
15.3126,15.8021,12.4922,
15.2525,15.8645,12.4922,
15.2525,15.9271,12.7889,
15.1927,15.9271,12.6893,
15.2525,16.0532,12.7889,
16.1804,17.3075,13.668,
17.3075,18.7491,14.4943,
16.3086,18.0839,13.6147,
16.5032,18.8247,14.4377,
17.3765,20.0038,16.9,
17.5154,20.5841,14.3812,
17.3765,20.8391,14.2691,
17.5854,21.3607,14.2133,
17.5154,21.7174,19.0538,
17.7971,22.5473,14.1578,
17.6556,22.642,14.2133,
17.5854,22.8328,14.8975,
17.4458,22.9289,14.2133,
17.2388,23.3188,15.74,
17.1024,23.3188,14.7811,
16.9672,23.4175,16.5032,
17.1024,23.3188,14.5512,
16.9672,23.1228,17.8683,
16.9672,23.3188,14.4943,
16.9,23.2205,14.5512,
16.9,23.2205,14.6657,
16.7666,23.0256,14.4377,
16.7666,22.5473,14.3812,
16.7003,22.642,14.2691,
15.4942,21.0112,13.2471,
