18.2293,14.9561,21.0979,
18.2293,14.6657,21.2727,
18.1565,15.1927,21.2727,
18.1565,14.0474,21.1851,
18.1565,14.1025,21.1851,
18.1565,14.1578,21.0979,
18.0839,13.9379,21.0979,
18.1565,14.0474,21.4492,
18.1565,13.8293,21.3607,
18.3026,14.7233,21.5381,
18.2293,14.4377,21.5381,
18.3026,14.4943,21.8077,
18.3026,14.5512,22.2663,
18.3026,14.3812,23.0256,
18.0839,14.2691,24.331,
18.2293,14.2691,23.9195,
19.443,15.2525,24.5402,
20.5841,16.1166,21.8077,
21.1851,17.5154,21.8984,
19.2862,17.0346,25.9588,
19.3644,17.1024,20.0855,
17.2388,17.5154,18.9771,
18.0117,19.2084,26.0723,
19.7611,21.8984,25.2911,
19.5219,21.8984,23.1228,
17.9399,20.5,25.182,
17.6556,20.0855,20.0855,
17.3075,19.9225,21.0979,
17.1705,19.9225,21.7174,
17.0346,19.5219,22.2663,
17.0346,19.1309,22.4531,
16.9672,19.2084,22.5473,
16.9672,18.9771,22.1736,
16.9,18.7491,22.2663,
16.8331,18.5242,21.8077,
16.6343,18.2293,21.8984,
16.6343,17.6556,21.8984,
16.6343,17.2388,21.8984,
16.7003,17.3075,22.9289,
17.0346,17.7262,19.3644,
17.0346,19.1309,18.2293,
17.1024,19.2084,18.1565,
16.9672,18.5242,18.0117,
16.7003,17.6556,17.6556,
16.5032,16.7666,17.5154,
16.0532,15.99,17.0346,
15.8645,15.4334,16.7666,
15.74,15.1332,16.7003,
15.74,14.9561,16.6343,
15.74,14.7233,16.7003,
15.6781,14.5512,16.7003,
15.6781,14.4943,16.5686,
15.6781,14.3812,16.5686,
15.6166,14.2691,16.5032,
15.6166,14.2133,16.5032,
15.6166,14.1578,16.5032,
15.6166,14.2133,16.438,
15.6166,14.3251,16.438,
15.5552,14.5512,16.438,
15.4334,14.8392,16.438,
15.3126,15.1332,16.5032,
15.1927,15.6166,20.333,
15.0739,16.1166,16.5686,
14.9561,16.3732,15.3126,
14.8392,15.5552,17.3075,
14.7233,16.5686,16.5686,
14.6657,16.3086,18.7491,
14.5512,16.5686,15.6166,
14.4377,16.7666,14.8392,
14.3812,16.8331,15.1332,
14.3251,16.9672,14.7811,
14.2133,17.0346,15.0739,
14.1025,17.0346,18.1565,
14.0474,16.8331,16.1804,
13.9379,16.9,21.1851,
13.8835,16.7003,16.7666,
13.7753,17.2388,17.3765,
13.7216,18.0117,18.3761,
13.668,18.9771,17.7971,
13.6147,18.0117,19.2862,
13.6147,17.7971,17.9399,
13.6147,18.5242,17.7262,
13.6147,18.5242,14.8975,
13.6147,18.5988,13.9379,
13.5615,18.5988,13.8293,
13.5615,18.5242,13.7216,
13.5615,18.5242,13.668,
13.5086,18.45,13.7216,
13.5086,18.45,13.668,
13.5086,18.3761,13.668,
13.5086,18.2293,13.668,
13.4559,18.0117,13.668,
13.4559,17.5854,13.6147,
13.4559,16.7003,13.6147,
