15.8021,12.4922,14.2133,
15.74,12.6893,13.9926,
15.8021,12.739,13.9926,
15.99,12.6893,14.1025,
16.1166,12.5412,14.2691,
16.3732,12.6893,14.4943,
17.5154,13.668,15.4942,
17.3765,13.4559,15.3126,
17.3765,13.5086,15.3126,
17.3765,13.4559,15.3126,
17.3765,13.5086,15.3126,
17.3765,13.4559,15.3126,
17.3075,13.4034,15.1927,
17.2388,13.3511,15.1332,
17.3075,13.299,15.0739,
17.3075,13.4034,15.1332,
17.3765,13.5086,15.1332,
16.8331,13.1439,14.5512,
17.3765,13.8293,15.1332,
16.7666,13.4559,14.4377,
16.7666,14.0474,14.6084,
17.2388,14.7811,15.0149,
16.1804,14.3251,14.1025,
16.7666,15.1927,14.5512,
17.2388,15.99,14.8975,
17.1705,16.1804,14.7811,
17.5854,16.8331,15.1927,
17.6556,17.0346,15.3728,
17.6556,17.6556,15.2525,
17.7971,17.6556,15.3728,
17.7971,17.6556,15.3126,
17.7262,17.6556,22.4531,
17.7971,17.7262,20.1676,
17.9399,18.1565,15.3728,
18.0117,18.0839,15.2525,
18.0117,18.0839,15.3126,
18.0117,18.0117,15.2525,
18.0117,18.0117,15.2525,
17.9399,17.8683,15.2525,
17.9399,18.0117,15.2525,
17.7971,17.8683,15.3728,
17.7262,17.6556,16.9672,
17.6556,17.3765,15.99,
17.5854,17.3075,17.7262,
17.6556,17.2388,15.8645,
17.6556,17.2388,16.7003,
17.5854,17.1705,15.9271,
17.5854,16.9672,15.1927,
17.5154,16.6343,20.5,
17.5154,16.6343,17.7971,
17.6556,16.7003,15.8645,
17.7262,16.6343,15.74,
17.6556,16.3086,15.4942,
17.7971,16.1166,15.4334,
17.7971,15.99,15.4334,
17.7971,15.8021,15.4334,
17.8683,15.4942,15.3728,
17.8683,15.1332,15.1927,
17.8683,14.8392,15.1332,
17.8683,14.6084,15.0739,
17.8683,14.4377,15.1332,
17.7971,14.3812,15.0739,
17.8683,14.2691,15.0739,
17.7971,14.2133,16.1804,
17.7971,14.2133,15.0149,
17.7971,13.9926,15.0149,
17.7971,13.9926,16.2444,
17.5854,13.8835,14.9561,
17.3075,13.6147,14.7233,
17.5154,13.8293,20.333,
17.5154,13.9379,18.5242,
17.8683,14.3251,15.3728,
18.3026,14.5512,16.6343,
18.0117,14.6084,15.3126,
16.7666,13.7753,14.2133,
16.5032,13.668,14.2133,
16.1804,13.5615,13.9379,
16.0532,13.5086,13.7753,
15.6781,13.6147,17.1705,
15.4334,13.668,13.9926,
15.0739,13.4559,12.9399,
14.9561,13.8293,15.4942,
14.7811,13.7753,18.5988,
14.8392,13.9379,13.7216,
15.0739,14.3812,17.7971,
15.3728,14.5512,13.9926,
14.9561,13.9926,15.1332,
15.1927,14.2133,12.7889,
15.4942,14.3812,16.9672,
15.4334,13.9379,17.3075,
15.3728,13.5086,13.0415,
15.3126,13.3511,13.4034,
15.1927,13.2471,13.8835,
15.1927,13.3511,13.7216,
15.0739,13.4559,16.5686,
14.6657,13.2471,14.8392,
14.7233,13.6147,12.0123,
14.6084,13.9926,12.0123,
14.3812,13.5086,12.0595,
14.1578,14.2691,11.8718,
14.0474,14.7233,12.1544,
14.0474,14.8392,12.0123,
14.7233,15.4942,12.6397,
13.668,14.6084,12.2021,
14.4377,15.3126,12.8391,
13.8293,14.2133,12.1544,
13.9926,14.3251,12.3463,
14.0474,14.5512,12.4434,
14.1578,13.1439,12.5412,
14.6084,13.1439,12.9399,
16.0532,13.8835,14.2133,
16.0532,14.8392,13.9926,
15.8021,14.2133,13.9926,
15.0149,14.4943,13.299,
14.8975,14.0474,13.1954,
14.6084,13.8835,12.9399,
14.6084,14.6084,12.9399,
14.6657,14.7233,12.9399,
14.8392,15.1927,13.0415,
14.8392,15.1332,13.0926,
15.0149,15.3126,13.299,
15.0149,15.1927,13.3511,
15.1332,15.4334,13.4034,
15.0739,15.3728,13.4034,
15.0739,15.3728,13.4034,
15.1332,15.5552,13.5086,
14.8392,15.2525,13.1954,
