15.4942,12.25,15.1927,
15.4942,11.8253,15.1332,
15.4942,11.7329,15.1927,
15.4942,12.0123,15.1927,
15.4942,11.779,15.1927,
15.5552,11.5046,15.1927,
15.6166,13.5615,15.1332,
15.6166,13.7753,14.8975,
15.6781,13.7216,14.9561,
15.6781,13.6147,14.8392,
15.74,13.6147,14.6657,
15.8645,13.8835,14.7811,
15.99,13.9926,15.0739,
16.0532,13.9926,15.2525,
16.1166,14.1578,15.3126,
16.1804,14.4943,17.6556,
16.3086,14.5512,15.6781,
16.3732,13.9379,16.0532,
16.438,14.1578,21.0979,
16.5032,14.3812,20.1676,
16.6343,14.4377,18.5988,
17.2388,14.3812,21.7174,
19.6013,16.2444,20.2501,
18.1565,15.3126,17.3075,
17.1705,14.4943,16.3086,
17.1024,14.6084,16.3732,
17.0346,14.7811,16.3086,
16.9672,14.7233,16.1166,
16.8331,14.3812,21.5381,
16.7666,14.3251,19.3644,
16.7003,14.2133,18.3026,
16.5686,13.9926,18.2293,
16.5032,13.8293,18.2293,
16.438,13.7753,19.1309,
16.438,13.5615,16.5032,
17.3765,14.2133,18.5242,
18.0839,14.8392,21.8077,
18.0117,14.6084,22.7371,
16.8331,13.1439,21.2727,
16.5686,13.1439,16.438,
16.1166,12.3948,16.1166,
15.9271,11.9653,15.4942,
15.8645,11.779,15.1332,
15.8645,11.6869,15.1927,
15.8645,13.8293,16.7003,
15.8645,12.1069,15.1332,
15.8021,12.2021,15.0739,
15.8021,11.8718,15.0149,
15.74,11.779,15.0739,
15.6781,11.6869,15.0739,
15.6166,11.8253,15.0739,
15.5552,11.779,15.1332,
15.4334,11.8253,15.3126,
15.3728,11.9185,16.9,
15.2525,12.0123,14.8392,
15.1332,12.25,20.5841,
15.0739,12.25,20.8391,
14.9561,12.5904,18.3026,
14.8975,12.8894,19.6013,
14.7811,13.299,21.8984,
14.7233,12.739,18.9771,
14.6657,12.739,18.3761,
14.6084,16.0532,18.8247,
14.5512,16.1804,15.4942,
14.4377,16.3086,18.45,
14.3251,16.5032,15.1927,
14.2691,16.5686,18.5242,
14.2691,16.6343,14.8975,
14.2133,16.7666,14.8975,
14.2133,16.8331,16.6343,
14.1578,16.9,18.3761,
14.1025,16.9672,20.0038,
14.0474,17.0346,15.2525,
13.9379,16.9,15.4334,
13.8293,16.6343,15.3126,
13.7753,16.5032,15.1927,
13.6147,16.3732,13.1954,
13.5615,15.9271,13.668,
13.5086,14.8975,13.8293,
13.4559,19.3644,13.8293,
13.4559,19.0538,13.8835,
13.4559,18.9771,13.9379,
13.4034,18.9007,13.8835,
13.4034,18.8247,13.8293,
13.4034,18.6738,13.8293,
13.3511,18.5242,13.8293,
13.3511,18.45,13.7753,
13.3511,18.3026,13.668,
13.3511,18.3026,13.668,
13.299,18.2293,13.668,
13.299,18.2293,13.668,
13.299,18.2293,13.668,
