15.2525,14.9561,18.0839,
15.3126,14.9561,19.7611,
15.3126,14.8975,19.5219,
15.3126,14.9561,19.9225,
15.3126,14.8975,20.5841,
15.3126,14.8975,20.7537,
15.3126,14.8392,20.7537,
15.3728,14.8392,20.5,
15.3728,14.7811,20.0855,
15.3728,14.8392,17.5854,
15.4334,14.8392,19.443,
15.4334,14.8392,19.2862,
15.4334,14.7811,19.6013,
15.4942,14.7811,19.7611,
15.5552,14.7811,19.8416,
15.5552,14.8392,19.7611,
15.6166,14.8975,19.681,
15.6781,15.1332,19.681,
15.74,15.3126,19.681,
15.8021,15.8645,19.6013,
15.8645,16.3086,19.5219,
15.99,16.7666,20.333,
16.0532,17.2388,19.8416,
16.2444,17.9399,17.8683,
16.3732,18.3761,17.7971,
16.438,21.5381,20.4163,
16.7666,22.3595,19.2862,
16.9,22.8328,20.7537,
17.1024,23.1228,17.7971,
17.3075,23.3188,18.6738,
18.3026,24.4353,20.0855,
18.2293,24.2273,22.5473,
18.1565,24.2273,22.7371,
18.0117,24.0215,22.1736,
18.0117,23.6167,23.6167,
17.8683,23.4175,24.1241,
17.8683,23.1228,25.0735,
17.7971,22.9289,23.818,
17.7971,22.7371,23.5168,
17.7262,22.642,23.5168,
17.6556,22.4531,23.7171,
17.6556,22.2663,21.6275,
17.6556,22.3595,21.2727,
17.6556,21.8077,19.8416,
17.5854,21.3607,20.4163,
17.5154,21.0112,20.0038,
17.5154,20.5,23.818,
17.5854,20.2501,20.8391,
17.5154,20.0855,19.0538,
17.5154,19.9225,18.8247,
17.4458,19.6013,21.8077,
17.4458,19.3644,23.4175,
17.4458,19.2862,18.3761,
17.4458,19.1309,18.3761,
17.3765,19.0538,19.443,
17.3765,18.9771,18.45,
17.3075,18.8247,22.3595,
17.3075,18.6738,23.2205,
17.3765,18.8247,18.5988,
17.3765,18.8247,18.5242,
17.3075,18.7491,19.443,
17.3075,18.9007,19.2862,
17.2388,19.0538,21.1851,
17.3075,19.0538,18.5988,
17.1705,19.1309,21.0112,
17.1705,19.2084,18.2293,
17.0346,19.5219,18.1565,
16.9672,19.7611,18.0839,
16.7666,19.681,20.333,
16.7003,20.2501,16.3086,
16.6343,20.4163,15.6781,
16.2444,20.333,18.2293,
16.2444,20.6687,16.9672,
16.1804,20.9249,15.4942,
16.0532,20.8391,15.4942,
16.0532,20.6687,18.0117,
15.9271,20.1676,22.2663,
15.8645,18.7491,22.8328,
15.8021,18.3761,18.0839,
15.74,18.5242,19.2862,
15.6781,18.7491,15.0149,
15.6781,19.2084,14.8392,
15.5552,20.0855,15.1332,
15.4942,20.6687,16.0532,
15.3126,21.4492,15.6781,
15.3126,21.9897,17.7262,
15.2525,22.5473,20.4163,
15.1332,22.5473,18.9007,
15.0739,22.642,17.1024,
15.0149,22.642,14.3812,
14.9561,22.7371,18.0117,
14.9561,22.642,17.8683,
14.8975,22.5473,18.8247,
14.8975,22.642,19.443,
14.8392,22.642,19.1309,
14.8392,22.642,18.3026,
14.8392,22.7371,18.45,
14.8392,22.642,17.0346,
14.8392,22.642,16.5032,
14.8392,22.642,16.3732,
14.8392,22.642,16.1804,
14.8392,22.5473,15.6781,
14.8392,22.4531,15.5552,
14.7811,22.5473,15.6781,
14.7811,22.5473,15.2525,
14.7811,22.4531,15.1332,
