17.5854,16.1804,15.4942,
17.5854,16.2444,15.5552,
17.5854,16.2444,15.6781,
17.5854,16.2444,15.3728,
17.5854,16.2444,15.4942,
17.5854,16.2444,15.3728,
17.5854,16.3086,15.3728,
17.6556,16.2444,15.3728,
17.6556,16.2444,15.3728,
17.6556,16.3732,15.3126,
17.6556,16.2444,15.3126,
17.5854,16.2444,15.3126,
17.6556,16.3086,15.2525,
17.7262,16.3086,15.2525,
17.6556,16.3086,15.1927,
17.5854,16.1804,15.0739,
17.5854,16.1166,15.0739,
17.5154,16.1166,15.0149,
17.7262,16.2444,15.1927,
17.7971,16.3086,15.1332,
17.7971,16.3086,15.2525,
17.7971,16.3086,15.1927,
17.8683,16.3732,15.1927,
17.8683,16.5032,15.1927,
17.8683,16.5032,15.1927,
17.7971,16.5032,15.2525,
17.9399,16.9,15.1927,
18.0117,16.9672,15.4334,
17.7262,16.1804,15.0739,
17.8683,16.6343,15.3728,
16.7666,15.8021,14.2133,
16.5032,14.6657,13.8293,
16.438,14.9561,13.7753,
16.438,15.5552,13.7216,
16.5032,15.4334,13.9926,
16.5686,15.4942,13.8835,
16.6343,17.5854,13.8293,
16.8331,16.3086,14.0474,
17.3075,17.6556,14.4943,
17.2388,18.3761,14.3812,
17.1024,17.1024,14.1025,
17.1024,15.99,14.1025,
17.1024,17.5854,14.1578,
16.9672,16.3086,14.1025,
16.9,16.8331,14.1025,
16.8331,16.3732,14.0474,
16.7666,17.3765,14.0474,
16.7003,17.2388,13.9379,
16.6343,17.7971,13.9379,
16.5686,17.7262,13.9379,
16.438,17.5154,13.9379,
16.3732,17.2388,13.9379,
16.3086,17.1705,13.9379,
16.2444,16.9672,13.7753,
16.1804,16.7666,13.8293,
16.1166,16.5686,13.7753,
16.1166,16.6343,13.668,
16.0532,16.438,14.7233,
16.0532,16.2444,16.7666,
15.99,15.9271,14.2691,
15.9271,15.4334,13.9379,
15.8021,15.1927,13.668,
15.74,14.4377,13.299,
15.6781,14.1578,13.4034,
15.74,13.8293,13.2471,
15.6781,13.7216,13.2471,
15.6781,13.7216,13.1439,
15.74,13.8293,21.0979,
18.45,15.8021,21.1851,
16.1166,13.6147,14.6084,
16.438,13.668,16.9672,
16.6343,13.5615,17.3075,
16.5686,13.4034,13.8835,
16.8331,13.7753,19.7611,
16.8331,13.7216,14.8392,
16.1166,13.1439,13.5615,
16.2444,13.2471,14.5512,
15.9271,12.9399,13.4034,
15.99,12.9399,14.1025,
16.3086,13.1439,14.1025,
16.438,13.1954,17.7262,
16.5032,13.2471,18.3026,
16.5686,13.299,18.2293,
16.5686,13.299,18.2293,
16.5686,13.3511,18.6738,
16.5686,13.299,18.2293,
16.6343,13.2471,17.5854,
16.5686,13.3511,17.5854,
16.5686,13.4559,16.9672,
16.5032,13.4559,16.8331,
16.5686,13.6147,16.7003,
16.438,13.5615,16.6343,
16.5686,13.7753,17.1024,
16.5032,13.9926,17.5854,
16.3732,14.0474,16.6343,
16.2444,14.4943,18.9771,
16.2444,14.7811,17.7262,
16.1804,14.9561,17.4458,
16.1166,14.2133,14.2133,
15.99,13.9379,13.5615,
15.8645,14.8975,18.3026,
15.74,16.2444,14.9561,
15.6166,15.4942,13.0926,
15.5552,16.5686,13.4559,
15.4942,14.2691,18.0839,
15.3728,13.9926,14.3251,
15.3126,14.8975,12.6397,
15.1927,14.3251,12.5904,
14.9561,15.2525,13.2471,
14.7233,15.0739,12.4922,
14.4943,14.4943,12.3463,
14.1025,15.4334,12.8894,
13.9379,15.4942,12.1544,
13.8293,15.6781,14.8392,
13.9379,15.9271,13.1954,
14.1025,16.1166,15.4942,
15.0739,17.1024,15.9271,
14.0474,16.1166,14.3812,
14.2133,16.3732,14.4377,
14.3812,16.5032,14.7811,
14.2133,16.438,17.0346,
14.1578,16.3086,17.0346,
14.1025,16.1804,17.6556,
14.0474,16.2444,18.0839,
14.0474,16.1804,18.0839,
14.0474,16.2444,18.9771,
14.0474,16.1804,19.443,
14.1025,16.2444,16.5686,
14.1025,16.1804,16.5686,
14.0474,16.1804,16.3732,
