16.5686,12.5412,19.2084,
16.5686,12.3948,19.2084,
16.5686,12.1069,19.2862,
16.5686,12.4922,19.2084,
16.5032,12.1544,19.1309,
16.5032,12.3463,19.1309,
16.438,12.5412,19.0538,
16.5032,12.5904,19.0538,
16.8331,12.9399,19.3644,
18.5242,14.3812,21.1851,
18.3761,14.3251,21.0112,
17.5154,13.4559,20.0038,
17.6556,13.5615,20.1676,
16.3086,12.4922,18.6738,
16.2444,12.1069,18.6738,
18.0839,14.1025,20.8391,
17.8683,13.5086,20.333,
17.8683,13.8835,20.1676,
18.0117,14.1025,20.333,
18.0839,14.1025,20.2501,
18.0839,13.5615,20.333,
16.7003,13.668,18.8247,
16.3732,13.6147,18.0839,
18.9771,15.4942,19.443,
19.0538,13.4034,16.7003,
19.681,15.3126,17.9399,
19.1309,14.8975,16.9672,
21.9897,16.2444,19.5219,
21.8077,15.1927,18.9007,
22.2663,15.2525,19.2084,
23.2205,29.0088,19.8416,
24.2273,29.8126,20.5841,
24.9657,30.933,22.5473,
24.5402,30.5061,22.3595,
25.0735,28.4893,20.9249,
24.6457,27.8577,20.5841,
24.0215,21.3607,20.4163,
23.818,21.6275,20.1676,
23.5168,17.1705,19.8416,
23.4175,16.9,19.681,
23.2205,16.3732,19.681,
23.2205,15.5552,19.6013,
23.4175,27.8577,19.681,
18.0839,21.8077,15.1927,
18.8247,22.4531,16.3732,
22.9289,26.5331,19.443,
22.8328,22.0814,16.3086,
19.9225,19.681,21.6275,
20.2501,18.0839,17.3765,
20.6687,18.9771,19.7611,
18.0117,16.9,17.6556,
18.0117,14.4943,18.0117,
18.2293,13.7216,18.8247,
18.0839,14.3812,18.7491,
18.2293,13.7216,15.9271,
18.3761,13.9926,16.0532,
18.3026,13.0415,16.9672,
18.3761,14.5512,18.9771,
18.45,14.6084,18.3026,
19.9225,16.6343,19.8416,
19.3644,15.6781,20.4163,
17.2388,13.7216,18.0839,
20.0038,16.5686,20.6687,
21.8077,17.7971,22.3595,
21.3607,17.3075,21.7174,
21.3607,18.1565,21.8077,
21.0979,18.1565,21.5381,
21.0979,18.8247,21.3607,
20.6687,18.0839,18.45,
20.6687,17.5854,17.8683,
20.333,22.9289,17.4458,
20.333,23.2205,17.8683,
18.9007,23.4175,17.1024,
20.4163,24.1241,17.0346,
20.1676,22.7371,16.9672,
16.9,19.5219,14.2691,
17.4458,20.0855,15.8645,
16.0532,18.3026,13.1439,
16.1804,18.0117,14.8392,
16.438,18.45,16.7003,
15.9271,17.7971,16.0532,
17.5154,20.4163,16.7666,
19.2084,24.2273,15.99,
16.7003,21.4492,14.2133,
15.3728,18.9007,15.1927,
15.0149,17.4458,15.3126,
16.438,20.9249,17.9399,
17.1705,19.1309,17.9399,
15.5552,18.7491,16.7666,
15.8645,21.9897,15.6166,
15.8021,22.1736,15.8645,
13.9926,19.8416,14.4377,
13.4559,19.2862,16.1804,
13.4034,19.2862,17.0346,
13.299,19.2862,17.4458,
13.299,19.3644,17.6556,
13.3511,19.5219,17.7262,
13.4034,19.6013,17.1024,
13.4559,19.681,17.4458,
13.5615,19.7611,17.5154,
13.5086,19.7611,17.4458,
