20.4163,17.3765,23.1228,
20.0038,16.9672,22.5473,
19.7611,16.8331,22.3595,
19.7611,16.7666,22.1736,
19.681,16.7666,22.2663,
19.681,16.6343,22.3595,
19.681,16.6343,22.3595,
19.6013,16.5032,23.3188,
19.443,16.3732,22.642,
19.443,16.3086,22.4531,
19.443,16.3086,22.1736,
19.443,16.2444,22.1736,
19.443,16.1804,22.2663,
19.2862,16.1166,22.1736,
19.3644,16.1804,22.0814,
19.7611,16.5032,22.2663,
21.6275,18.1565,24.4353,
20.4163,17.2388,22.8328,
16.5686,14.6657,19.5219,
18.45,17.7262,22.9289,
20.7537,19.2862,23.5168,
19.1309,19.0538,23.0256,
18.9771,18.9007,22.1736,
19.681,19.0538,22.0814,
14.9561,17.4458,21.1851,
15.3728,18.3026,21.4492,
16.0532,16.5032,19.2084,
19.0538,19.443,23.0256,
16.2444,18.7491,19.9225,
15.2525,19.443,18.9007,
13.0415,19.2862,19.5219,
19.6013,19.9225,20.0038,
18.9771,20.0038,20.0038,
21.1851,23.1228,20.333,
20.2501,20.5841,22.1736,
18.5242,18.8247,20.5,
17.7262,18.8247,20.5,
19.3644,20.7537,22.7371,
18.8247,19.7611,22.0814,
17.8683,18.8247,21.0112,
17.4458,18.6738,20.9249,
20.7537,21.8984,23.2205,
20.0038,21.0979,22.4531,
19.2084,20.1676,24.331,
15.4942,19.2084,23.2205,
18.5988,18.7491,22.8328,
19.443,19.2862,24.5402,
16.1804,18.45,21.4492,
18.1565,20.2501,24.6457,
19.1309,18.3026,21.9897,
20.8391,18.2293,23.2205,
19.2084,16.9672,21.8984,
19.2862,17.3765,24.6457,
20.4163,17.1024,22.0814,
20.5,16.6343,22.0814,
19.9225,16.5032,22.4531,
18.5988,16.438,21.8077,
19.3644,16.3086,23.818,
15.74,16.0532,28.3615,
19.0538,16.1804,24.5402,
17.5154,16.0532,22.3595,
16.9672,15.9271,25.8459,
19.443,16.1166,23.9195,
18.2293,15.0149,22.9289,
18.0117,14.8975,22.0814,
17.7971,14.7233,25.9588,
17.7971,14.6657,19.681,
17.5154,15.1332,23.6167,
17.3075,15.5552,24.6457,
17.0346,16.1166,25.2911,
15.4942,16.7666,23.2205,
17.7262,18.7491,25.4008,
17.9399,18.3761,21.8077,
13.7753,16.2444,18.5242,
18.6738,20.5,27.4878,
16.9,18.7491,20.8391,
16.0532,18.5988,23.4175,
14.4943,17.5154,17.7971,
15.1927,18.45,19.9225,
15.4334,18.9771,26.0723,
15.74,19.2084,20.4163,
15.4942,19.1309,21.8984,
15.6781,19.443,19.2862,
16.5686,20.6687,20.1676,
15.8021,20.1676,24.0215,
13.7216,18.5988,17.7971,
14.7811,18.45,17.2388,
14.6084,18.5988,17.4458,
14.5512,18.45,17.6556,
14.4377,18.6738,17.7971,
14.5512,18.6738,17.9399,
14.5512,18.6738,18.0117,
14.8392,18.9007,18.1565,
14.6657,18.9007,18.45,
14.4377,19.0538,18.8247,
14.8392,19.1309,21.2727,
14.8392,19.0538,18.9007,
14.8392,18.8247,21.5381,
14.7811,18.8247,20.9249,
14.7811,18.7491,18.6738,
14.6084,18.5242,18.2293,
14.5512,18.3761,18.1565,
14.5512,18.3026,18.0839,
14.4943,18.1565,18.1565,
