17.2388,16.1166,20.6687,
17.1705,17.4458,20.6687,
17.1705,17.3075,20.6687,
17.1024,16.5686,20.7537,
17.0346,16.5032,20.5841,
17.1024,16.5032,20.5,
17.0346,16.3732,20.4163,
17.0346,16.6343,20.4163,
17.0346,17.7971,20.333,
17.0346,19.5219,20.333,
17.0346,20.1676,20.0855,
16.9672,20.0038,20.0855,
17.0346,17.5154,20.1676,
16.5686,20.7537,19.5219,
17.9399,22.9289,22.8328,
19.6013,25.4008,24.8584,
18.6738,20.7537,24.2273,
19.3644,21.0979,23.1228,
21.0112,21.8984,30.933,
19.3644,21.4492,24.2273,
18.5242,19.8416,20.5841,
18.0117,17.9399,19.0538,
19.6013,19.2084,20.5841,
19.0538,19.0538,20.0038,
17.3075,17.2388,18.5242,
16.438,16.2444,17.7971,
16.1804,15.6166,17.6556,
15.99,14.4943,17.3075,
15.8645,14.7233,17.4458,
15.8021,15.0739,17.7971,
15.6781,15.5552,16.9672,
15.6166,14.7233,20.333,
15.6166,16.6343,20.1676,
15.6166,16.438,21.2727,
15.5552,16.3732,16.1166,
15.5552,16.5032,15.9271,
15.5552,13.2471,15.74,
15.4942,14.0474,15.8645,
15.4942,13.5086,16.7666,
15.4334,12.5412,18.9771,
15.4334,11.9653,18.3761,
15.3728,12.5904,19.5219,
15.3728,13.9926,21.4492,
15.3728,13.9926,20.4163,
15.3728,11.6869,20.5841,
15.3728,12.25,20.8391,
15.3126,12.1544,21.2727,
15.3126,13.6147,18.0117,
15.1927,15.4942,20.333,
15.1332,14.4943,16.5032,
15.0739,14.4943,15.4334,
15.0149,15.5552,15.9271,
15.0739,15.8645,17.2388,
16.0532,19.2862,17.1705,
15.4942,18.7491,16.0532,
16.1166,19.443,16.438,
16.0532,19.5219,17.5154,
15.5552,19.2862,17.8683,
14.9561,18.5988,14.5512,
14.7233,18.45,13.8835,
14.4943,16.5032,16.7666,
14.4943,16.5686,15.9271,
14.4943,16.6343,13.9926,
14.4377,16.7003,13.4034,
14.4377,16.7003,13.4034,
14.4377,18.3026,13.4034,
14.3251,16.3732,18.9771,
14.3251,16.5686,19.2084,
14.3251,16.6343,14.3812,
14.3251,16.7666,19.1309,
14.3812,16.7666,15.0149,
14.3812,16.7003,15.5552,
14.3251,16.438,17.4458,
14.2691,16.6343,14.5512,
14.2133,16.7003,16.1166,
14.2133,16.8331,17.9399,
14.2133,17.0346,18.9007,
14.2133,17.6556,18.5242,
14.0474,17.6556,15.9271,
13.9379,17.6556,14.8392,
13.8293,17.3075,15.9271,
13.7753,17.3765,17.1024,
13.7216,17.5854,20.0038,
13.668,17.5154,15.4942,
13.668,17.5154,15.0739,
13.6147,17.3075,15.0149,
13.5615,17.5154,15.1332,
13.5615,16.7666,15.0739,
13.5086,16.438,15.0149,
13.5086,16.5686,14.8392,
13.5086,16.1166,14.8392,
13.5086,16.3086,14.7811,
13.4559,16.1804,14.8392,
13.4559,16.3086,14.7811,
13.4034,16.1166,14.6657,
13.4559,16.0532,14.6657,
13.4034,15.5552,14.6084,
13.4034,15.1332,14.6084,
