17.0346,17.7971,14.4377,
16.9672,17.7262,14.9561,
16.9672,17.7262,17.5854,
16.9672,17.5854,16.7666,
17.1705,17.7262,16.5032,
17.0346,17.3765,16.2444,
17.0346,17.2388,14.5512,
16.9672,16.7666,13.3511,
16.9,15.8645,13.1954,
16.7003,15.8645,15.99,
16.5686,15.99,16.0532,
16.5686,16.0532,14.8392,
16.9,16.2444,13.5086,
18.9771,17.1024,25.7337,
18.9007,17.8683,16.3086,
19.443,18.5242,16.5686,
18.7491,17.3075,14.7811,
18.0839,16.5686,16.7003,
18.8247,14.3251,15.6166,
17.1024,15.9271,14.0474,
18.3026,15.5552,14.1025,
17.5154,17.7971,14.7811,
19.2084,18.8247,14.4377,
18.7491,18.9771,14.7811,
19.443,18.9007,15.0149,
18.1565,18.0839,14.1025,
20.6687,25.9588,15.6781,
21.2727,27.2449,16.438,
21.0112,28.2344,17.4458,
17.6556,25.5111,15.2525,
19.0538,24.331,14.8392,
20.1676,22.3595,18.8247,
19.0538,24.8584,18.0117,
19.443,24.8584,19.443,
19.2862,24.5402,18.2293,
19.2084,24.2273,18.7491,
19.0538,24.0215,18.45,
18.9007,23.818,18.1565,
18.9771,23.9195,15.6166,
18.9007,23.7171,17.1705,
18.9007,23.6167,14.2133,
18.8247,23.4175,14.1578,
18.8247,23.1228,17.6556,
18.7491,22.9289,14.1578,
16.1804,19.3644,15.3728,
18.8247,21.7174,14.8975,
18.7491,21.6275,17.2388,
19.0538,20.8391,16.0532,
18.9007,20.7537,15.9271,
19.2084,20.6687,15.9271,
18.7491,19.6013,16.1804,
18.6738,19.443,15.0739,
18.7491,19.2862,14.6657,
19.2862,19.6013,14.3251,
18.3761,18.1565,16.2444,
17.5854,17.5154,16.8331,
17.3075,17.0346,15.1927,
17.0346,16.5032,12.9399,
16.7666,16.438,13.4559,
16.7003,16.3086,14.6657,
15.99,15.4942,12.739,
16.1804,14.3251,13.1954,
16.3086,15.74,13.3511,
16.7003,15.0149,14.3812,
16.9,13.7753,13.8293,
17.3765,15.74,13.8835,
17.5154,15.9271,12.5904,
17.5154,14.6657,19.8416,
17.5154,12.9906,20.2501,
18.2293,17.1705,20.7537,
18.5242,17.7971,20.9249,
18.2293,17.7262,19.443,
17.9399,16.9,23.0256,
18.45,17.3765,27.7337,
18.6738,17.3765,22.7371,
17.9399,17.2388,19.9225,
18.0839,17.7971,21.8077,
17.9399,17.5854,20.4163,
17.1705,17.5854,21.5381,
16.9672,17.1705,18.6738,
15.8645,16.8331,13.7753,
16.7666,17.7971,14.7811,
16.438,20.4163,13.8835,
15.6166,19.9225,13.299,
15.9271,20.0855,13.299,
16.1166,20.4163,13.3511,
16.438,20.7537,14.1025,
15.3126,19.5219,13.299,
14.8975,18.8247,12.9399,
14.7811,18.9007,11.7329,
14.8392,18.5242,11.9653,
14.7233,18.45,12.0123,
14.6084,18.5242,11.6411,
14.4943,18.45,11.2806,
14.4377,18.5988,11.55,
14.3812,18.45,11.4595,
14.3812,18.8247,11.55,
14.4377,18.6738,11.3697,
