17.5154,16.2444,14.3251,
16.5032,15.74,14.1578,
17.1024,15.4334,14.0474,
17.5154,16.7003,14.1578,
17.5854,16.3732,14.2133,
17.5154,15.4334,14.1025,
18.1565,16.8331,14.8975,
18.3761,15.74,14.9561,
18.45,15.8645,15.1332,
16.9672,17.2388,15.3728,
16.6343,17.6556,15.3728,
19.2084,18.9771,15.5552,
18.45,18.0839,17.7262,
17.4458,16.2444,16.2444,
17.3765,16.0532,15.74,
17.5854,17.1705,19.2862,
19.443,19.443,17.5154,
18.45,19.2862,16.3732,
17.1024,18.5988,14.8975,
15.5552,18.0117,14.5512,
17.3765,18.3761,15.9271,
16.9,18.2293,16.3086,
16.8331,18.45,15.8645,
16.7003,18.2293,16.3086,
17.0346,18.5242,22.642,
17.3765,18.7491,19.3644,
17.7971,19.2084,18.6738,
17.8683,19.2084,21.3607,
17.6556,18.9007,19.8416,
17.5154,18.3026,20.0855,
17.3765,16.8331,19.8416,
16.6343,17.7971,19.0538,
18.7491,19.8416,21.4492,
18.3761,19.2084,19.9225,
18.3026,19.0538,18.9771,
18.3026,18.6738,22.4531,
18.3026,18.5988,19.9225,
18.3761,19.1309,18.6738,
18.1565,17.7971,18.3761,
16.7003,16.5032,16.9672,
18.3026,17.7262,18.45,
18.2293,17.3075,18.45,
18.9007,17.7262,26.1865,
19.3644,17.3075,23.818,
19.2084,16.5032,23.6167,
18.7491,15.6781,25.0735,
20.0855,16.7003,22.642,
17.5854,14.1578,18.7491,
16.3086,13.3511,16.9,
16.0532,14.1025,16.2444,
15.74,13.8835,17.7971,
15.8021,13.9926,17.8683,
15.8021,14.1025,18.5242,
15.8021,14.8975,18.5988,
15.8021,14.9561,18.3026,
15.74,15.1332,18.3026,
15.8021,15.3728,18.3026,
16.0532,15.5552,18.6738,
18.9007,18.8247,21.0112,
17.9399,18.2293,18.45,
17.2388,18.0839,17.1024,
16.9672,18.3026,15.99,
16.7666,18.45,16.0532,
15.8645,17.7262,18.0839,
15.6166,17.1705,13.9379,
15.4334,16.3732,12.6397,
15.1927,17.5854,9.9767,
14.6657,17.9399,16.8331,
14.5512,18.0117,14.8392,
14.5512,18.0117,13.1954,
14.4943,18.3026,13.8293,
14.3812,18.3026,14.4943,
14.3251,18.3026,12.7889,
14.3251,18.6738,13.2471,
14.2691,18.6738,12.3463,
14.2691,18.9007,15.0149,
14.2133,19.1309,13.668,
14.1578,19.2084,16.7666,
14.1578,19.1309,12.3948,
14.1025,19.2862,12.5904,
13.9926,19.1309,13.4559,
13.9379,19.1309,14.1025,
13.9379,19.2084,15.4942,
13.8293,19.3644,16.7003,
13.8293,18.8247,15.1332,
13.7753,18.9771,11.148,
13.7216,18.5988,13.5086,
13.668,17.5154,14.1578,
13.668,18.3026,15.8645,
13.668,18.5988,16.1166,
13.6147,18.8247,16.0532,
13.6147,18.8247,15.0149,
13.6147,18.7491,15.4942,
13.5615,18.8247,15.3728,
13.5615,18.7491,15.4334,
13.5615,18.8247,13.1439,
