16.2444,16.0532,17.7971,
16.3732,16.2444,18.0117,
16.5686,16.3086,18.1565,
16.5032,16.438,18.2293,
16.438,16.1166,18.0117,
16.2444,16.1804,17.9399,
16.3086,16.1166,17.7262,
16.1804,15.9271,17.6556,
16.1804,15.99,17.7262,
16.1804,15.8645,17.7262,
16.1804,15.9271,17.5854,
16.1166,15.9271,17.6556,
16.0532,15.9271,17.7971,
16.1166,15.99,17.7262,
16.1166,15.99,17.7262,
16.1166,15.9271,17.7971,
16.1166,15.8645,17.7262,
16.0532,15.99,17.9399,
15.99,15.8645,17.6556,
16.1804,15.9271,17.5854,
16.1166,15.99,17.5154,
16.0532,15.8645,17.7262,
16.1166,15.9271,17.5854,
16.1166,15.99,17.5854,
16.1166,16.0532,17.5854,
16.1166,15.99,17.6556,
16.1804,16.1166,17.6556,
16.0532,16.1804,17.7971,
16.1166,16.3732,17.9399,
16.438,16.9672,19.2862,
16.5686,17.3765,18.3761,
16.3086,17.2388,18.9007,
16.0532,17.3075,20.6687,
16.1166,17.5854,18.45,
16.5032,18.5988,22.4531,
16.7003,18.9771,19.681,
16.1166,18.7491,18.5988,
15.99,19.0538,21.2727,
15.99,19.2084,19.2862,
16.0532,19.5219,18.45,
16.1804,19.9225,17.5154,
16.1166,20.2501,17.6556,
16.1804,20.2501,17.5154,
16.1804,20.5841,17.5154,
16.2444,20.7537,17.5854,
16.2444,21.0979,17.5854,
16.0532,21.0979,17.5154,
16.0532,21.2727,17.4458,
16.0532,21.2727,17.4458,
16.0532,21.2727,17.5854,
16.0532,21.5381,17.8683,
16.1166,21.7174,17.7262,
16.9672,22.7371,21.9897,
16.9672,22.7371,21.0979,
16.7666,22.5473,18.5988,
16.9672,22.8328,18.5988,
17.4458,23.3188,18.9771,
17.9399,23.5168,19.2862,
17.7262,23.3188,19.0538,
17.8683,23.5168,19.1309,
17.5154,23.1228,18.45,
16.438,21.8077,21.6275,
16.1804,21.5381,21.1851,
15.6781,21.0112,20.1676,
15.8021,20.9249,21.0112,
15.99,21.0979,20.7537,
15.9271,21.1851,20.0855,
16.0532,21.3607,20.0038,
16.0532,21.3607,20.1676,
16.3086,21.4492,20.2501,
17.1024,22.0814,19.443,
16.9672,21.9897,20.8391,
16.9,21.8984,21.0979,
16.8331,21.7174,21.1851,
16.8331,21.5381,21.0112,
16.9,21.4492,21.0979,
16.8331,21.4492,21.2727,
16.7666,21.1851,22.642,
16.7003,21.2727,19.9225,
16.7666,21.0979,18.3761,
16.7666,21.0112,23.7171,
16.9,20.9249,19.2084,
16.8331,20.8391,18.3761,
16.8331,20.8391,18.45,
16.7666,20.5841,18.3761,
16.7666,20.5,18.45,
16.8331,20.333,23.818,
16.7666,20.333,18.45,
16.7003,20.0855,20.8391,
16.8331,20.0038,18.45,
16.8331,19.8416,18.5242,
16.8331,19.8416,18.6738,
16.8331,19.681,18.5988,
16.8331,19.681,18.8247,
16.8331,19.6013,18.7491,
16.8331,19.5219,18.5988,
16.8331,19.2862,18.5988,
16.8331,19.2084,18.5988,
16.9,19.2084,18.5988,
16.8331,19.0538,18.5988,
16.5686,18.5988,18.3761,
16.1804,18.0839,17.7262,
16.0532,17.8683,17.7971,
16.0532,17.7262,18.2293,
15.99,17.6556,18.1565,
15.99,17.5154,18.0839,
15.99,17.2388,17.3765,
15.9271,17.3075,17.4458,
15.9271,17.1024,17.3765,
15.9271,17.0346,17.2388,
15.8021,16.8331,20.9249,
15.8645,16.8331,17.5854,
15.8645,16.7003,19.9225,
15.9271,16.5032,17.1705,
15.99,16.5032,17.1705,
15.8645,16.438,17.3075,
15.8645,16.3086,17.2388,
15.99,16.3086,18.5242,
15.9271,16.2444,18.5242,
15.9271,15.99,17.1705,
15.8645,15.9271,19.681,
15.8645,15.8645,17.2388,
15.8645,15.8645,17.3075,
15.9271,15.8645,17.1705,
15.9271,15.74,17.2388,
15.9271,15.6166,17.1024,
15.9271,15.6166,17.1024,
15.8645,15.6166,20.8391,
15.9271,15.5552,17.2388,
15.9271,15.5552,17.2388,
15.9271,15.5552,17.5854,
15.9271,15.4334,17.8683,
15.9271,15.3126,17.1024,
15.8645,15.3728,17.3765,
15.9271,15.4334,17.2388,
15.8645,15.3728,17.2388,
15.9271,15.3728,17.2388,
15.99,15.3728,17.1705,
15.99,15.3126,17.1024,
15.8645,15.2525,17.2388,
15.9271,15.2525,17.2388,
15.8645,15.3126,17.3075,
15.9271,15.3126,17.3075,
15.8645,15.3126,17.3765,
15.9271,15.1927,17.3765,
15.9271,15.1927,17.3075,
15.8645,15.1332,17.3075,
15.9271,15.2525,17.4458,
15.8645,15.1927,19.1309,
15.8645,15.1927,19.3644,
15.8645,15.3126,18.9007,
15.8645,15.2525,18.7491,
15.8021,15.2525,18.8247,
15.8021,15.3126,18.7491,
15.8021,15.3728,18.6738,
15.8021,15.3728,18.6738,
15.74,15.6166,18.6738,
15.8021,15.6166,18.6738,
15.74,15.9271,18.7491,
15.8021,16.0532,18.5988,
15.8021,16.2444,18.5988,
15.74,16.3086,18.6738,
15.8021,16.3732,18.5988,
15.74,16.5032,18.5242,
15.6166,16.5686,18.5988,
15.6166,16.7666,18.5242,
15.6166,17.0346,18.5242,
15.6781,17.3765,18.5242,
15.6781,17.4458,18.45,
15.74,17.7262,18.5242,
15.6781,17.9399,18.5988,
15.6781,18.2293,18.3761,
15.74,18.45,18.9007,
15.8645,18.7491,17.6556,
15.99,19.1309,17.4458,
16.0532,19.2084,17.5154,
15.9271,19.3644,19.443,
16.0532,19.5219,19.6013,
16.0532,19.6013,18.45,
16.0532,19.8416,17.7262,
16.0532,19.8416,17.1705,
16.0532,19.9225,17.3075,
15.99,19.9225,17.3075,
15.8645,20.0038,20.0855,
15.99,20.2501,17.0346,
15.9271,20.1676,16.9672,
15.99,20.4163,17.1705,
15.8645,20.333,17.1024,
15.8021,20.4163,16.9672,
15.8021,20.4163,18.9007,
15.8021,20.4163,16.7003,
15.8645,20.5,16.7003,
15.6781,20.5,18.9007,
15.74,20.5,16.7003,
15.8021,20.5841,21.6275,
15.6166,20.8391,16.7666,
15.6166,20.6687,16.5686,
15.4942,20.9249,17.7262,
15.5552,21.0112,16.2444,
15.6166,21.0112,16.1166,
15.4942,20.9249,16.1166,
15.3728,21.0979,16.1166,
15.3126,21.1851,15.99,
15.3728,21.2727,16.0532,
15.3126,21.2727,16.1166,
15.3126,21.1851,16.0532,
15.1332,21.3607,17.1024,
15.1332,21.4492,16.0532,
15.0739,21.2727,16.1804,
15.0149,21.5381,16.3086,
14.8975,21.6275,16.3732,
14.8392,21.6275,16.3732,
14.6657,21.6275,16.5032,
14.7233,21.8077,16.5032,
14.6084,21.7174,16.5032,
14.5512,21.7174,16.6343,
14.4943,21.7174,16.6343,
14.3812,21.8984,16.7666,
14.2691,21.8077,16.8331,
14.2691,21.6275,16.7003,
14.1578,21.6275,16.9,
14.1578,21.7174,16.9672,
14.0474,21.6275,16.7666,
13.9379,21.6275,17.5854,
13.8293,21.5381,18.9007,
13.8293,21.5381,16.8331,
13.8293,21.5381,16.7003,
13.7216,21.4492,16.7003,
13.668,21.4492,16.7003,
13.668,21.6275,16.6343,
13.6147,21.5381,16.5686,
13.668,21.3607,16.5686,
13.6147,21.3607,16.5686,
13.5615,21.2727,16.6343,
13.5086,21.3607,16.5686,
13.5086,21.2727,16.5032,
13.5086,21.2727,16.438,
13.5086,21.1851,16.3732,
13.5086,21.3607,16.438,
13.4559,21.0979,16.5032,
13.5086,21.2727,16.438,
13.5086,21.4492,16.3732,
13.4559,21.2727,16.5032,
13.4559,21.3607,16.5032,
13.5615,21.2727,16.3732,
13.4559,21.2727,16.438,
13.5086,21.1851,16.3086,
13.5086,21.1851,16.3732,
13.5086,21.2727,16.438,
13.5086,21.3607,16.5032,
13.5086,21.4492,16.438,
13.5086,21.3607,16.5032,
