16.9,15.99,18.0117,
16.9,16.0532,18.0839,
16.8331,16.1166,18.0839,
16.9,16.1804,18.0117,
16.9672,16.1166,18.0117,
16.8331,15.99,18.0839,
16.9,16.0532,18.0117,
16.9,15.99,18.0117,
16.7666,15.99,18.0839,
16.8331,16.1166,18.0117,
16.9672,16.1166,17.9399,
16.9672,16.1166,18.0117,
16.9,16.1166,18.1565,
16.8331,16.0532,18.1565,
16.9,16.1804,18.0839,
16.8331,16.1166,18.0839,
16.8331,16.1166,18.0839,
16.7666,16.2444,18.0839,
16.9,16.1804,17.9399,
16.9672,16.3086,17.9399,
16.9,16.2444,17.9399,
16.9,16.438,18.0117,
16.8331,16.5032,18.0117,
16.7666,16.7003,18.0117,
16.8331,16.9672,17.9399,
16.8331,17.3075,18.0117,
16.8331,17.5854,18.0117,
16.8331,18.0117,18.0839,
16.8331,18.3761,18.0839,
16.8331,18.7491,17.9399,
16.9,18.9007,17.5854,
16.9,19.443,17.4458,
16.9,19.6013,16.6343,
16.8331,19.8416,16.5032,
16.8331,20.2501,17.7262,
16.7666,20.5,17.7971,
16.9,20.5,17.8683,
16.8331,20.7537,17.7971,
16.7003,20.7537,17.7262,
16.7666,21.0979,17.6556,
16.7666,21.0979,18.5988,
16.8331,21.4492,18.5988,
16.9,21.5381,18.0839,
17.1024,21.7174,18.45,
17.1024,21.9897,20.7537,
17.3765,22.4531,22.0814,
17.5854,22.8328,19.3644,
17.4458,22.8328,23.6167,
17.4458,22.5473,18.3026,
17.4458,22.642,18.9007,
17.6556,22.8328,18.6738,
17.7262,23.0256,18.9771,
18.0117,23.0256,19.2862,
18.9771,24.331,21.2727,
19.0538,24.5402,20.4163,
19.0538,24.5402,20.9249,
18.9007,24.2273,20.0855,
18.5242,24.0215,19.6013,
18.5242,23.6167,19.3644,
18.5242,23.7171,19.681,
18.3761,23.7171,19.6013,
18.45,23.818,19.5219,
18.45,23.4175,19.5219,
18.5242,23.5168,19.5219,
18.3761,23.2205,19.5219,
18.2293,23.0256,19.443,
18.45,23.1228,19.5219,
18.1565,22.7371,19.2862,
18.0839,22.3595,18.9771,
17.8683,22.1736,18.8247,
17.4458,21.4492,18.3761,
17.1705,21.1851,18.2293,
17.1024,21.0112,18.1565,
17.0346,20.8391,18.2293,
17.0346,20.6687,18.1565,
16.9672,20.5841,18.1565,
16.9672,20.5,18.1565,
17.0346,20.333,18.0117,
17.0346,20.1676,17.9399,
16.9672,20.2501,18.1565,
16.9,20.0855,18.2293,
16.9,20.0038,18.0117,
16.9672,19.9225,18.0839,
17.0346,19.8416,18.0839,
17.0346,19.7611,18.0117,
16.9,19.3644,18.1565,
16.9672,19.3644,18.0839,
16.9672,19.3644,18.1565,
16.9672,19.2862,18.2293,
16.9672,19.0538,18.3026,
17.1024,18.9771,18.3026,
16.9672,18.7491,18.2293,
17.0346,18.6738,18.45,
17.1024,18.5988,18.2293,
16.9672,18.3761,18.1565,
17.0346,18.3026,18.3026,
17.1024,18.0117,17.7971,
17.1705,17.8683,17.2388,
17.1024,17.6556,16.2444,
17.2388,17.5154,17.2388,
17.5854,17.8683,17.3765,
17.5854,17.5154,17.6556,
17.7262,17.5154,17.7262,
17.8683,17.7262,17.7262,
18.0117,17.7262,17.9399,
18.1565,17.6556,17.7971,
18.2293,17.8683,18.0839,
18.6738,18.1565,19.3644,
19.2862,18.7491,19.6013,
19.2862,18.6738,19.443,
19.2862,18.5988,20.333,
19.2862,18.5242,20.1676,
19.2862,18.3761,19.8416,
19.1309,18.1565,19.7611,
19.2862,18.2293,20.2501,
19.443,18.45,20.4163,
19.1309,18.0117,20.0038,
19.1309,18.0117,19.8416,
19.2862,18.0839,20.0038,
19.5219,18.1565,20.1676,
19.3644,18.0839,21.8984,
19.3644,18.0117,20.1676,
19.443,17.9399,20.333,
19.443,17.9399,20.1676,
19.3644,18.0117,20.2501,
19.443,18.0117,20.2501,
19.681,18.2293,20.333,
19.8416,18.3026,20.4163,
19.443,17.9399,20.333,
19.6013,18.0117,20.5,
19.5219,18.3026,20.4163,
19.681,18.1565,20.5841,
19.6013,18.0839,20.333,
19.681,18.2293,20.333,
19.443,18.0117,20.333,
19.443,18.0117,20.1676,
19.3644,18.2293,20.5,
19.3644,18.1565,20.1676,
19.443,18.2293,20.2501,
19.3644,18.1565,20.0038,
19.2862,18.3026,20.2501,
19.0538,18.0117,19.7611,
18.6738,18.0839,19.5219,
18.5242,17.7971,19.2862,
18.3761,17.7262,19.2862,
18.45,17.8683,18.9771,
18.3026,18.0117,19.0538,
18.1565,18.2293,18.9771,
18.2293,18.3026,18.8247,
17.9399,18.5242,18.9007,
17.8683,18.8247,19.2862,
17.6556,18.9007,19.681,
17.5854,19.443,18.6738,
17.3765,19.681,18.5242,
17.2388,20.0038,18.3761,
17.0346,20.2501,21.8077,
17.1024,20.5,18.0117,
17.0346,20.5841,17.9399,
16.8331,20.8391,19.443,
16.8331,21.0979,17.7262,
16.7666,21.4492,17.6556,
16.7003,21.8077,17.5854,
16.7003,21.9897,17.4458,
16.7666,22.2663,17.2388,
16.5032,22.3595,17.3075,
16.5686,22.642,17.3075,
16.3732,22.642,17.0346,
16.3086,22.4531,16.9,
16.8331,23.3188,17.6556,
16.438,23.0256,17.3075,
16.438,23.2205,17.4458,
16.0532,22.5473,17.0346,
15.74,22.3595,16.9,
15.3126,22.0814,16.8331,
15.4942,22.4531,17.1705,
16.6343,24.331,18.5242,
17.2388,24.9657,19.3644,
16.1166,23.6167,18.2293,
15.74,23.3188,18.0117,
15.4942,23.2205,17.9399,
14.3812,21.7174,16.8331,
13.9926,21.3607,16.5032,
14.1578,21.5381,16.7003,
14.2691,21.7174,17.0346,
14.3251,21.9897,17.0346,
14.4943,22.1736,17.4458,
14.7233,22.4531,17.6556,
14.7811,22.8328,17.8683,
14.9561,22.9289,17.9399,
14.8392,22.5473,17.9399,
14.2691,22.0814,17.2388,
13.9926,21.8077,17.0346,
13.9926,21.6275,17.0346,
13.9926,21.6275,16.8331,
13.9379,21.7174,17.0346,
13.8293,21.3607,17.1024,
13.6147,21.1851,16.8331,
13.6147,21.2727,16.7003,
13.6147,21.0112,16.7003,
13.5086,21.0979,16.5686,
13.4559,21.0979,16.6343,
13.5615,21.0979,16.5686,
13.5086,21.1851,16.7666,
13.5086,21.1851,16.6343,
13.5615,21.3607,16.7003,
13.668,21.1851,16.6343,
13.668,21.1851,16.7003,
13.6147,21.3607,16.7666,
13.7216,21.3607,16.7003,
13.7216,21.2727,16.7003,
13.668,21.3607,16.7003,
13.8293,21.3607,16.7666,
13.7216,21.1851,16.8331,
13.7216,21.2727,16.8331,
13.7216,21.4492,16.7666,
13.7216,21.3607,16.7666,
13.7216,21.2727,16.7003,
13.668,21.2727,16.9,
13.7753,21.3607,16.9,
13.8293,21.4492,16.7666,
13.8293,21.5381,16.9,
13.8293,21.4492,16.9,
13.9926,21.4492,16.8331,
13.9926,21.3607,16.9,
13.9379,21.4492,16.8331,
13.8835,21.3607,16.9672,
13.8835,21.5381,17.0346,
13.9926,21.4492,16.9672,
13.9926,21.6275,17.1705,
14.1025,21.7174,17.1705,
14.2133,21.8077,17.2388,
14.2133,21.8077,17.3075,
14.2133,21.9897,17.3075,
14.2133,21.9897,17.4458,
14.3251,22.0814,17.3765,
14.4377,22.2663,17.5854,
14.5512,22.1736,17.5154,
14.4943,22.1736,17.4458,
