522,450,460,
522,450,459,
523,451,457,
523,450,448,
523,451,440,
523,451,470,
523,451,469,
523,450,464,
522,450,471,
522,452,471,
523,451,471,
523,451,449,
523,452,415,
522,452,448,
521,450,449,
521,450,443,
519,450,434,
516,448,451,
511,447,472,
503,446,461,
496,444,473,
488,440,460,
479,439,472,
471,434,474,
461,431,472,
452,427,471,
445,424,466,
438,421,472,
434,416,471,
430,415,473,
426,409,471,
422,405,469,
420,402,468,
417,399,470,
415,395,469,
414,392,469,
413,392,469,
411,393,468,
409,392,468,
408,394,467,
406,392,468,
406,391,468,
404,392,467,
403,389,468,
402,389,469,
402,391,470,
403,391,470,
404,391,472,
406,391,473,
408,391,475,
411,393,476,
414,394,475,
419,396,477,
425,396,477,
432,398,479,
443,401,479,
453,404,480,
461,411,480,
468,414,479,
474,416,480,
480,419,481,
484,424,482,
487,428,482,
490,432,483,
493,433,481,
496,436,481,
498,438,482,
502,443,483,
503,446,482,
504,447,481,
507,449,483,
510,452,482,
510,452,483,
513,454,482,
514,455,480,
515,457,482,
516,458,483,
517,458,481,
517,459,482,
518,459,482,
518,460,475,
518,460,462,
519,461,482,
518,460,483,
519,461,483,
519,462,484,
520,461,484,
520,461,483,
520,461,484,
520,462,484,
520,461,482,
520,460,484,
520,460,486,
520,459,484,
520,457,463,
519,454,487,
518,453,473,
517,450,474,
516,449,492,
516,446,494,
516,443,499,
515,441,501,
514,440,505,
514,439,510,
515,438,512,
515,435,516,
514,434,519,
514,430,523,
514,427,524,
514,423,522,
515,423,522,
514,420,518,
516,419,516,
516,417,515,
517,418,512,
518,418,512,
519,419,511,
519,418,506,
520,416,505,
520,417,492,
521,416,506,
522,416,490,
522,416,501,
525,416,499,
526,416,497,
526,416,497,
527,415,496,
529,417,495,
529,417,494,
529,417,495,
530,416,497,
531,416,497,
530,416,503,
532,416,517,
532,418,495,
533,419,507,
533,419,500,
533,417,501,
533,418,504,
533,418,504,
534,419,510,
533,419,514,
533,420,511,
534,419,511,
533,419,510,
533,420,507,
534,419,505,
534,420,506,
