518,448,456,
518,448,457,
518,448,457,
518,448,457,
518,449,459,
518,449,458,
519,448,458,
519,449,459,
519,449,460,
519,449,459,
519,449,460,
518,449,459,
517,450,460,
518,449,458,
516,449,459,
516,449,458,
514,448,458,
509,447,459,
506,447,458,
501,444,458,
494,442,457,
483,439,459,
476,436,458,
466,434,457,
455,431,457,
447,426,456,
441,424,457,
434,421,457,
428,416,456,
425,413,454,
422,410,454,
418,406,455,
416,401,453,
414,399,452,
412,395,452,
412,395,452,
412,394,451,
411,395,449,
412,395,448,
413,395,448,
412,398,448,
414,397,450,
415,398,449,
416,399,450,
418,399,450,
419,399,451,
421,402,452,
423,400,453,
426,404,454,
430,403,454,
436,405,455,
445,406,456,
454,408,456,
461,412,457,
468,418,457,
474,424,457,
478,428,458,
481,429,458,
484,431,458,
487,433,460,
490,436,459,
492,438,459,
494,438,457,
495,440,458,
496,439,458,
499,442,459,
499,441,458,
500,443,458,
503,443,457,
503,444,457,
504,445,459,
506,446,459,
506,446,457,
507,447,458,
508,446,456,
508,448,458,
508,446,457,
508,446,457,
508,448,458,
509,449,457,
509,448,460,
509,448,458,
509,449,458,
510,449,459,
510,448,459,
510,447,458,
510,448,458,
510,449,459,
511,448,459,
509,448,460,
511,448,460,
510,447,460,
510,448,460,
510,447,461,
510,448,462,
510,448,462,
510,446,463,
509,445,447,
509,446,466,
509,446,467,
509,446,471,
509,444,472,
510,444,476,
510,443,479,
511,442,480,
511,440,484,
511,438,485,
512,433,488,
512,432,468,
511,430,492,
511,428,494,
511,427,496,
513,426,497,
515,426,497,
515,424,495,
518,423,495,
519,423,496,
520,422,494,
521,421,492,
522,422,491,
523,420,489,
524,419,490,
526,418,489,
527,419,487,
527,418,487,
529,418,485,
529,418,484,
529,417,483,
530,416,484,
530,417,484,
530,416,485,
532,419,486,
531,418,484,
532,420,486,
533,419,486,
532,418,485,
533,419,484,
533,419,485,
533,420,484,
532,419,485,
533,420,486,
533,421,486,
534,421,485,
533,420,486,
533,421,487,
534,421,486,
534,422,487,
534,421,488,
534,423,487,
534,423,488,
534,422,488,
534,423,488,
