520,479,473,
522,474,470,
523,475,470,
521,475,470,
521,474,473,
524,475,470,
524,476,471,
522,473,472,
522,472,470,
521,476,471,
519,471,472,
517,472,472,
515,471,472,
513,469,470,
512,469,470,
510,465,469,
507,464,468,
502,461,470,
500,460,470,
495,461,472,
494,461,471,
491,456,468,
489,454,469,
487,454,469,
484,455,468,
485,453,469,
481,452,470,
480,450,469,
477,448,468,
477,448,469,
474,448,471,
474,445,469,
472,445,468,
468,445,471,
466,441,470,
466,442,470,
464,442,470,
464,440,469,
462,437,470,
463,435,469,
462,434,471,
461,431,470,
461,430,467,
460,431,470,
458,426,470,
461,424,468,
459,425,468,
459,424,468,
459,422,468,
458,420,469,
452,417,466,
445,414,461,
447,417,463,
449,416,462,
447,415,463,
449,416,461,
450,416,462,
451,418,466,
452,418,468,
452,419,469,
453,420,470,
455,418,468,
458,420,468,
462,424,466,
464,424,468,
467,426,470,
473,427,466,
474,428,468,
481,428,470,
485,431,471,
485,436,471,
486,436,468,
489,438,469,
487,439,472,
491,443,470,
492,441,472,
494,444,471,
493,442,467,
489,439,464,
489,440,464,
494,442,463,
492,442,462,
495,439,463,
498,443,464,
499,445,469,
502,447,467,
501,450,464,
505,454,470,
509,456,470,
509,460,471,
511,461,469,
509,462,468,
503,455,466,
502,454,461,
509,465,466,
512,468,469,
514,468,468,
514,470,469,
514,468,466,
512,468,465,
511,469,467,
513,472,468,
514,474,469,
516,476,469,
517,477,468,
518,477,469,
520,478,468,
520,478,470,
522,483,468,
520,481,470,
523,485,472,
524,486,471,
527,486,473,
526,487,471,
523,485,474,
526,488,473,
525,485,472,
527,484,472,
526,485,473,
525,487,476,
527,488,475,
526,487,474,
525,485,475,
525,486,474,
526,483,473,
526,486,476,
