497,445,406,
513,459,420,
495,443,403,
496,443,404,
497,444,406,
497,444,407,
496,443,406,
494,442,407,
492,441,408,
490,440,408,
487,438,407,
485,438,408,
481,435,406,
479,433,408,
474,430,404,
479,435,412,
481,437,416,
474,432,412,
465,425,408,
457,418,402,
459,420,406,
467,428,416,
462,424,413,
457,421,411,
463,427,418,
466,430,422,
463,429,421,
464,430,423,
468,433,427,
468,433,428,
466,431,428,
464,428,426,
460,423,423,
459,422,421,
460,421,422,
458,419,422,
453,412,416,
453,411,417,
453,410,418,
454,410,420,
456,412,421,
456,411,423,
458,413,421,
458,413,422,
457,414,423,
457,414,424,
456,414,424,
457,413,424,
460,417,426,
460,417,427,
461,417,428,
462,417,426,
463,417,428,
461,416,427,
462,417,426,
464,416,426,
465,418,426,
471,420,430,
467,417,426,
465,415,424,
473,420,428,
473,417,426,
473,417,425,
474,417,424,
476,418,426,
474,416,422,
489,427,432,
493,430,432,
495,435,432,
496,439,433,
497,440,432,
475,423,412,
471,419,407,
466,417,403,
485,434,418,
487,437,420,
491,441,423,
497,449,427,
497,451,428,
503,458,433,
487,443,418,
482,438,412,
486,443,416,
492,450,420,
500,459,427,
503,462,429,
508,468,434,
513,475,438,
512,475,436,
512,476,436,
508,472,432,
514,479,438,
463,429,394,
496,462,420,
497,463,422,
480,445,404,
475,442,402,
500,466,423,
494,461,418,
496,462,420,
502,468,425,
502,468,425,
505,470,427,
467,437,395,
479,445,406,
505,469,426,
512,476,432,
514,478,434,
511,474,430,
504,468,425,
506,470,427,
507,470,428,
508,471,429,
511,474,431,
513,476,432,
512,476,433,
513,476,432,
513,476,433,
