526,471,464,
526,471,463,
525,469,462,
528,470,462,
528,472,463,
525,467,462,
527,472,462,
525,470,465,
527,470,464,
526,472,463,
526,471,463,
527,468,461,
526,470,463,
526,468,465,
526,470,462,
526,469,463,
525,467,463,
526,466,462,
521,467,461,
517,464,463,
511,466,463,
509,465,462,
506,460,448,
503,462,448,
503,460,461,
501,461,449,
497,460,452,
495,460,460,
494,459,461,
494,459,456,
490,458,456,
489,458,458,
489,456,456,
488,453,460,
488,452,468,
486,453,467,
485,453,466,
483,450,465,
484,452,465,
482,452,465,
482,450,465,
483,450,467,
485,448,465,
484,449,466,
484,446,464,
482,446,467,
479,443,470,
479,442,467,
478,444,469,
477,440,468,
476,442,466,
473,439,466,
474,436,464,
472,436,466,
469,437,467,
467,433,462,
463,432,466,
463,431,463,
462,433,464,
461,431,466,
463,428,463,
462,430,464,
459,424,460,
458,427,412,
459,427,429,
459,427,433,
460,424,422,
459,426,452,
457,422,461,
454,427,461,
457,425,456,
457,426,445,
456,423,464,
456,426,464,
456,425,463,
457,425,462,
459,425,463,
458,424,463,
456,425,465,
456,426,464,
455,425,463,
455,424,455,
458,426,460,
458,425,459,
458,424,462,
459,424,461,
461,427,463,
462,426,464,
462,429,464,
465,429,462,
466,427,463,
466,428,461,
466,427,463,
466,428,462,
468,427,462,
474,431,461,
476,431,462,
475,433,465,
479,434,461,
477,435,464,
477,436,463,
481,442,464,
486,443,462,
488,440,463,
490,442,461,
491,441,462,
495,441,461,
496,443,465,
496,444,464,
496,447,464,
496,444,464,
498,447,462,
498,449,465,
499,447,464,
501,448,464,
501,452,465,
503,450,465,
505,452,465,
505,451,466,
505,452,465,
504,454,465,
506,458,467,
505,457,467,
507,460,467,
510,462,466,
508,464,466,
509,465,466,
511,463,465,
509,464,465,
510,462,465,
511,466,463,
510,464,465,
508,465,466,
512,470,466,
511,467,467,
512,468,467,
512,469,468,
515,468,465,
516,468,466,
515,468,468,
515,469,468,
515,468,466,
517,469,467,
516,468,466,
519,469,467,
518,469,467,
518,473,469,
520,470,468,
520,472,466,
518,471,467,
521,472,465,
521,471,465,
520,469,469,
521,470,465,
520,470,468,
521,470,469,
520,473,466,
520,471,468,
522,473,466,
519,470,467,
523,472,466,
521,472,465,
520,471,467,
521,470,467,
521,474,468,
522,472,469,
522,474,465,
522,472,468,
522,471,468,
521,472,467,
520,473,468,
518,471,468,
522,473,466,
523,472,467,
521,471,469,
523,475,468,
523,472,467,
522,474,468,
523,474,467,
523,474,468,
523,471,468,
