531,485,477,
531,485,478,
530,482,478,
532,483,477,
530,482,478,
530,482,478,
529,482,480,
529,483,479,
529,483,477,
531,483,478,
531,480,476,
531,479,476,
528,480,476,
526,478,479,
526,477,477,
527,476,477,
525,476,476,
525,472,475,
522,472,476,
520,471,479,
519,467,476,
516,468,477,
516,465,476,
514,466,476,
513,462,475,
512,461,472,
508,459,473,
507,458,475,
507,459,470,
505,455,473,
503,453,471,
500,452,475,
498,450,475,
499,450,473,
495,447,475,
493,445,472,
487,443,471,
488,443,475,
488,442,472,
486,443,471,
483,441,474,
484,440,472,
483,437,474,
482,438,472,
480,437,475,
480,435,472,
478,431,472,
477,430,473,
476,431,474,
475,431,472,
475,431,472,
478,431,471,
479,430,472,
477,429,471,
477,430,470,
477,428,472,
477,429,474,
478,431,473,
477,433,474,
480,432,473,
483,433,473,
485,433,472,
488,434,472,
488,436,475,
494,439,474,
495,441,475,
500,442,475,
501,442,475,
508,442,474,
508,447,475,
511,450,477,
513,447,473,
512,450,476,
511,451,474,
515,455,475,
516,455,474,
517,454,474,
517,456,474,
518,457,477,
519,459,475,
518,461,477,
520,465,476,
519,469,477,
520,467,477,
522,473,477,
520,475,478,
523,473,477,
523,477,479,
522,478,480,
525,479,477,
522,481,480,
525,480,481,
527,483,479,
524,483,479,
524,481,481,
526,482,479,
526,482,479,
524,484,478,
525,483,480,
527,485,480,
526,488,481,
527,489,480,
528,488,480,
527,485,481,
527,488,480,
528,487,478,
527,485,480,
529,488,480,
529,488,479,
529,487,480,
528,486,481,
527,485,481,
529,489,482,
528,489,480,
529,489,481,
528,488,482,
528,490,482,
529,488,482,
529,489,483,
530,487,479,
529,490,482,
530,487,479,
530,489,482,
530,486,481,
530,486,480,
528,487,483,
529,485,482,
529,488,483,
530,485,481,
530,488,480,
529,489,481,
