518,470,465,
518,471,464,
518,470,465,
518,470,464,
517,471,468,
517,471,466,
516,471,467,
516,470,467,
518,471,464,
517,471,465,
516,467,465,
517,468,464,
516,467,463,
516,466,465,
515,468,466,
514,467,465,
511,464,464,
510,463,464,
508,461,464,
507,463,464,
504,459,460,
501,458,464,
498,458,458,
498,458,438,
496,455,436,
492,453,460,
488,451,463,
484,448,463,
480,441,455,
479,440,444,
473,436,449,
471,432,412,
467,431,426,
454,420,442,
439,404,427,
463,421,448,
455,413,441,
465,422,450,
462,422,449,
450,409,438,
433,398,427,
440,401,430,
438,396,428,
443,402,431,
432,394,426,
450,407,446,
454,412,448,
453,413,450,
450,410,453,
433,399,437,
426,391,432,
431,394,431,
450,414,453,
449,412,452,
448,413,452,
444,407,447,
439,403,442,
434,402,441,
442,408,451,
438,403,441,
421,390,428,
431,397,437,
437,403,442,
429,394,434,
425,390,429,
426,392,431,
427,393,429,
429,393,431,
433,396,431,
436,396,432,
438,395,432,
441,393,431,
441,394,432,
446,396,430,
446,397,432,
450,400,432,
452,401,430,
454,403,433,
455,403,430,
454,404,433,
458,406,432,
457,404,431,
460,405,432,
461,406,433,
460,410,435,
462,412,435,
463,411,433,
463,409,433,
463,413,433,
465,411,433,
464,416,435,
466,417,434,
467,418,433,
467,418,432,
471,420,433,
470,422,433,
470,422,433,
469,424,432,
466,419,431,
463,416,423,
460,418,424,
454,413,421,
458,415,418,
458,417,420,
458,418,419,
467,428,427,
468,426,428,
474,431,430,
477,439,432,
464,427,392,
494,458,448,
494,457,447,
496,456,447,
495,456,446,
488,450,440,
485,448,439,
475,439,432,
476,441,432,
483,447,439,
490,455,430,
493,458,446,
493,457,448,
496,458,447,
495,461,449,
496,460,451,
497,459,445,
495,459,445,
493,457,447,
489,452,437,
489,452,441,
487,450,439,
484,449,440,
486,451,442,
487,453,441,
487,453,441,
489,453,440,
489,454,442,
490,453,444,
491,454,444,
491,456,445,
491,457,444,
492,457,445,
492,456,447,
495,461,449,
497,459,450,
497,461,449,
495,460,450,
497,462,451,
499,461,451,
502,464,451,
501,466,453,
502,465,455,
503,464,453,
502,465,458,
505,468,458,
507,471,460,
507,470,460,
510,472,459,
512,474,462,
