529,480,484,
531,479,481,
530,479,481,
528,476,484,
529,478,484,
529,481,484,
528,479,483,
529,480,481,
529,479,484,
530,478,481,
530,479,483,
527,473,483,
529,476,481,
522,472,483,
520,471,483,
517,471,481,
513,471,482,
512,466,481,
510,467,481,
509,464,482,
506,465,481,
504,463,481,
503,462,481,
501,460,480,
501,458,478,
499,457,478,
495,454,479,
496,454,479,
493,451,480,
491,453,482,
489,451,479,
490,451,479,
488,449,479,
486,450,480,
488,447,477,
486,446,480,
486,448,477,
485,446,477,
485,444,477,
481,442,479,
481,442,480,
481,441,478,
480,440,478,
479,439,476,
478,439,477,
478,437,476,
476,437,478,
475,436,478,
476,434,477,
477,435,478,
474,430,477,
475,432,476,
474,431,479,
473,432,478,
473,431,476,
472,431,478,
474,429,477,
472,428,477,
473,427,478,
474,427,477,
471,426,478,
474,427,475,
472,430,479,
473,428,480,
474,427,476,
474,430,477,
475,429,480,
479,430,477,
479,431,480,
484,433,480,
484,433,477,
482,437,478,
483,437,480,
488,439,479,
493,441,480,
497,442,479,
500,440,479,
501,445,479,
506,447,479,
507,447,481,
510,448,480,
512,449,481,
514,448,479,
515,449,478,
515,450,482,
517,450,481,
517,451,482,
516,452,482,
516,454,481,
517,457,480,
518,455,478,
519,455,478,
519,457,479,
519,458,480,
520,459,480,
521,463,480,
523,462,480,
521,462,481,
523,464,480,
520,465,482,
524,465,482,
523,467,479,
521,467,479,
523,469,477,
523,470,479,
524,469,478,
523,472,480,
522,471,482,
525,473,481,
523,474,480,
522,473,483,
523,476,480,
523,475,481,
524,475,478,
525,478,479,
523,477,481,
527,478,480,
523,478,481,
526,478,481,
526,479,479,
524,479,480,
523,476,480,
525,476,480,
524,478,481,
524,479,480,
525,478,482,
525,477,480,
524,478,481,
526,480,480,
525,479,479,
