547,502,452,
547,501,452,
547,501,451,
547,502,452,
547,501,452,
547,501,452,
548,500,451,
547,500,452,
547,499,451,
547,498,451,
546,497,451,
546,496,451,
544,495,451,
541,493,450,
537,491,450,
533,490,450,
530,488,450,
526,487,450,
523,486,450,
519,484,449,
516,481,449,
512,480,450,
510,478,449,
507,475,449,
505,473,449,
503,471,448,
500,468,449,
498,466,448,
496,463,447,
494,460,447,
493,459,447,
491,456,447,
489,453,446,
487,450,446,
487,448,447,
485,446,445,
483,445,446,
482,443,446,
481,441,446,
480,440,447,
479,438,446,
479,437,446,
477,435,446,
477,434,446,
477,433,446,
476,432,446,
476,429,446,
476,427,446,
476,425,446,
476,425,446,
477,425,445,
477,426,445,
477,425,446,
477,425,446,
478,425,446,
478,425,446,
479,426,446,
478,425,445,
479,426,446,
480,426,446,
480,426,446,
481,426,446,
483,428,447,
484,428,446,
486,429,446,
488,432,446,
491,432,447,
494,435,447,
497,437,447,
501,439,446,
504,440,447,
508,444,447,
510,445,447,
512,447,447,
514,448,447,
516,452,448,
518,455,447,
519,457,448,
521,459,447,
522,462,448,
523,465,448,
525,469,448,
526,471,448,
527,474,449,
529,477,449,
530,479,449,
532,482,449,
533,483,449,
534,484,449,
535,486,449,
536,488,450,
537,489,449,
538,490,449,
539,491,450,
539,492,450,
540,493,450,
541,494,450,
541,494,450,
541,496,450,
542,497,451,
543,498,451,
543,498,451,
544,499,451,
545,500,451,
545,500,451,
545,500,452,
545,501,452,
546,502,451,
546,502,452,
546,502,453,
546,502,452,
546,502,453,
547,502,453,
547,503,452,
547,503,453,
