19.7611,15.0149,19.2862,
19.8416,15.0149,19.2862,
19.8416,15.0149,19.2862,
19.8416,15.0149,19.2862,
19.8416,14.9561,19.2084,
19.7611,14.9561,19.2862,
19.7611,14.9561,19.2862,
19.7611,14.8975,19.2084,
19.8416,14.8975,19.3644,
19.7611,14.6657,19.2862,
19.7611,14.7233,19.5219,
19.7611,14.7233,19.443,
19.681,13.4034,18.6738,
19.7611,12.739,17.5854,
19.9225,12.9399,17.5854,
20.1676,14.8975,18.2293,
20.333,16.0532,18.7491,
19.681,18.3026,17.1024,
20.0855,19.9225,18.6738,
21.0112,21.0112,19.8416,
19.9225,21.0112,20.1676,
21.0979,20.8391,20.9249,
22.9289,21.3607,21.2727,
22.8328,21.2727,21.2727,
23.3188,20.4163,21.6275,
19.2862,25.2911,18.0117,
18.7491,24.1241,17.5854,
18.6738,24.2273,17.5854,
23.0256,29.5413,21.7174,
22.9289,28.7475,21.4492,
17.5154,22.3595,16.5686,
17.7971,22.3595,18.9007,
18.5988,22.7371,21.2727,
19.7611,23.7171,25.4008,
19.6013,23.2205,21.1851,
19.6013,22.5473,19.3644,
19.443,21.3607,20.2501,
19.443,20.9249,21.0979,
19.3644,20.333,20.8391,
19.3644,19.9225,20.9249,
19.1309,19.5219,21.0112,
19.3644,19.2084,21.1851,
19.443,19.0538,21.2727,
19.3644,17.5154,21.4492,
19.7611,17.2388,21.5381,
19.6013,18.6738,20.8391,
20.0855,19.7611,21.8984,
18.8247,16.8331,20.6687,
18.5242,17.5854,20.6687,
18.2293,14.4943,20.333,
18.2293,13.9379,20.2501,
17.7971,14.1578,20.2501,
17.5154,14.3812,20.2501,
17.4458,14.6657,20.2501,
17.4458,14.6657,20.2501,
18.1565,14.8975,20.2501,
17.5854,15.3126,20.333,
19.7611,17.4458,21.2727,
20.9249,17.9399,23.6167,
22.0814,18.5988,24.8584,
21.3607,19.2084,24.4353,
21.2727,14.3251,24.1241,
22.7371,25.8459,25.8459,
25.8459,29.1407,29.6765,
28.3615,30.5061,32.2652,
16.3086,18.0117,19.2862,
16.3732,18.5242,19.5219,
16.3732,18.3761,19.6013,
16.438,17.5154,19.7611,
16.3732,16.5032,19.681,
16.2444,14.2133,19.681,
16.2444,13.668,19.6013,
16.3732,13.299,19.9225,
16.9,17.2388,20.9249,
18.2293,17.9399,22.0814,
17.1705,17.5154,20.9249,
17.2388,18.2293,20.9249,
17.2388,18.0117,20.7537,
17.3765,16.0532,21.0112,
17.2388,16.2444,20.9249,
17.1705,15.8021,20.9249,
17.1705,15.74,20.7537,
17.2388,16.0532,20.8391,
17.2388,16.3086,20.7537,
