17.4458,15.0149,21.2727,
17.3765,15.0739,20.9249,
17.4458,15.1927,21.0112,
17.3765,15.2525,20.9249,
17.3075,15.4942,20.2501,
17.2388,15.4334,19.9225,
17.1705,15.3126,19.9225,
17.2388,15.2525,19.7611,
17.3075,15.2525,19.6013,
17.3765,15.3126,19.681,
17.4458,15.3728,19.6013,
17.5854,14.8392,19.681,
17.5854,15.6781,19.5219,
17.7262,14.7233,19.443,
17.8683,16.5032,19.443,
17.8683,17.4458,19.7611,
17.8683,18.6738,21.1851,
17.7262,19.3644,22.3595,
18.0117,20.5841,24.2273,
18.0117,21.6275,28.3615,
18.1565,22.8328,22.3595,
18.0117,23.6167,21.0979,
18.1565,24.4353,22.8328,
17.5154,24.2273,20.7537,
17.1024,24.1241,17.1705,
17.1705,24.5402,20.4163,
17.5154,25.2911,19.6013,
17.3765,24.6457,19.1309,
17.4458,24.7517,18.7491,
17.3075,24.2273,18.5988,
17.3075,24.2273,18.8247,
17.3765,23.818,18.3761,
17.3765,24.1241,17.7262,
17.3075,23.9195,24.2273,
17.3075,23.6167,17.4458,
17.3075,23.6167,19.681,
17.3765,23.6167,17.2388,
17.5154,23.5168,20.1676,
17.7262,23.6167,22.0814,
17.7262,23.1228,24.2273,
17.6556,22.7371,25.8459,
17.6556,21.9897,18.1565,
17.5854,21.9897,18.1565,
17.5854,21.5381,20.5,
17.5154,20.6687,21.0979,
17.4458,19.8416,21.1851,
17.4458,19.443,21.1851,
17.4458,18.9007,20.9249,
17.3765,15.1927,21.0112,
17.1024,16.5032,20.7537,
17.0346,15.1927,20.7537,
16.8331,14.3812,17.1705,
16.9,13.7216,17.1024,
17.2388,13.8835,17.4458,
17.5854,14.0474,17.8683,
17.5154,14.0474,27.1245,
17.5154,13.6147,18.2293,
17.5854,13.6147,19.0538,
17.5154,13.299,26.3014,
17.1024,12.3463,23.0256,
16.9672,15.2525,20.5,
17.1024,15.3728,19.7611,
17.5154,15.74,24.4353,
17.5154,15.74,18.6738,
17.3765,15.74,19.681,
17.3765,15.6166,19.9225,
17.3765,15.6166,20.5,
17.3075,15.74,25.5111,
17.2388,15.99,20.8391,
17.0346,15.99,19.9225,
16.9,16.3086,19.7611,
16.7003,22.8328,19.5219,
16.5686,23.5168,19.681,
16.5032,21.2727,19.7611,
16.3732,21.0979,19.7611,
16.3732,19.9225,19.2084,
16.1804,23.5168,19.3644,
16.1166,23.9195,19.681,
15.8645,21.1851,19.5219,
15.74,20.1676,19.3644,
15.6781,20.0855,19.3644,
15.5552,17.7262,20.7537,
15.4942,19.443,19.7611,
15.4942,19.7611,17.5154,
15.4334,17.9399,17.3075,
15.3728,17.8683,17.3765,
15.3126,20.8391,17.7262,
15.3126,20.5,18.9771,
15.2525,17.7262,19.443,
15.1927,17.5154,23.818,
15.1927,18.0839,22.0814,
15.1332,18.8247,21.5381,
15.1927,16.438,21.4492,
15.0739,18.7491,21.0112,
15.0739,19.0538,21.2727,
15.0739,19.3644,22.9289,
15.0739,19.2862,22.642,
15.0739,19.3644,20.2501,
15.0149,19.2084,21.0112,
15.0739,19.2862,19.8416,
15.0149,19.0538,18.9007,
15.0149,19.1309,20.7537,
