16.5686,11.148,15.1332,
16.5686,11.148,13.8293,
16.6343,11.2362,13.1439,
16.6343,10.9303,13.0926,
16.5686,12.5412,13.0415,
16.5032,12.4434,12.9906,
16.5032,12.3463,13.0926,
16.5032,12.9399,13.2471,
16.5032,12.9906,13.7753,
16.5032,12.8894,16.3086,
16.5032,12.8894,17.3765,
16.5032,12.9399,16.9672,
16.5686,15.9271,16.9,
16.6343,14.7811,16.9672,
16.8331,18.9771,16.5686,
16.6343,19.6013,15.8021,
16.7666,19.6013,13.6147,
16.8331,21.2727,16.438,
16.9,21.3607,16.5686,
17.4458,23.4175,18.1565,
17.7262,23.818,17.7971,
17.7971,23.6167,14.1025,
17.8683,23.4175,16.5686,
17.8683,22.642,14.4943,
17.9399,23.7171,15.2525,
17.7971,24.6457,14.0474,
17.9399,25.5111,13.8835,
18.0117,25.9588,13.9379,
17.8683,25.6221,14.1025,
17.7262,25.5111,14.1025,
17.6556,25.4008,14.1025,
17.5154,25.0735,14.1025,
17.5154,24.7517,14.4943,
17.4458,24.2273,13.7753,
17.3765,21.4492,14.1025,
17.1024,21.4492,15.1927,
17.0346,20.6687,14.3251,
17.1024,20.333,16.3732,
17.0346,19.3644,15.6781,
17.1705,16.3732,15.3126,
17.1024,14.5512,16.2444,
17.1024,14.4943,16.7003,
17.1024,13.8835,15.8021,
17.0346,13.5615,18.5242,
17.0346,13.4034,14.1025,
16.9672,13.4034,18.3761,
16.7666,13.1439,17.0346,
16.7003,13.0415,16.1804,
16.7666,13.3511,16.8331,
16.8331,13.1439,16.2444,
16.8331,14.6084,17.1024,
16.8331,13.668,17.1705,
16.9672,13.668,18.5988,
16.438,12.9399,16.1166,
16.3086,12.9906,17.1705,
16.1804,13.0926,16.6343,
16.1166,13.299,16.7666,
16.0532,13.668,16.8331,
15.9271,14.3251,16.5032,
15.8021,16.5686,15.5552,
15.6166,18.7491,15.74,
15.4942,17.5154,17.3765,
15.4334,17.8683,15.3728,
15.1927,18.3026,16.3732,
15.0739,18.1565,14.4943,
14.8975,19.2084,15.1332,
14.7811,19.2084,14.4377,
15.1332,19.7611,16.1166,
15.4334,20.1676,16.9,
14.4943,18.6738,16.3086,
14.2691,18.0839,16.0532,
14.9561,18.6738,17.1024,
15.0739,18.0839,17.1024,
15.1927,18.9771,17.3075,
14.2691,18.0117,16.5032,
14.9561,16.1166,17.3075,
15.0739,16.9,17.3765,
15.0739,18.3761,17.4458,
15.0149,17.4458,15.4942,
14.9561,17.1024,18.9771,
14.9561,17.3765,16.3732,
14.0474,16.5032,15.1927,
14.8392,16.3732,15.99,
14.7811,16.5032,17.4458,
14.7811,17.4458,16.2444,
14.7233,17.4458,15.8021,
14.7233,17.2388,15.6781,
14.6657,16.9672,17.2388,
14.6084,16.1804,16.6343,
14.6084,15.4334,18.3761,
14.5512,14.9561,17.1024,
14.5512,14.5512,17.3075,
14.5512,15.0149,14.9561,
14.5512,15.0739,15.0149,
