16.0532,15.6166,16.9,
15.99,15.6166,16.9,
15.99,15.5552,16.9,
15.99,15.5552,16.9,
15.9271,15.5552,16.9,
15.9271,15.5552,16.8331,
15.9271,15.4942,16.8331,
15.99,15.5552,16.8331,
15.9271,15.4942,16.9,
15.99,15.4942,16.8331,
15.99,15.5552,16.8331,
16.0532,15.74,16.8331,
16.0532,15.99,16.8331,
16.1804,15.74,16.8331,
16.1804,16.0532,16.8331,
16.2444,20.2501,16.8331,
16.1804,20.5841,16.7666,
16.2444,20.8391,16.7666,
16.1804,23.5168,16.7666,
16.3086,24.8584,16.7003,
16.2444,25.4008,16.7003,
16.3086,25.2911,16.7666,
16.3086,25.5111,16.8331,
16.5686,26.1865,17.0346,
16.438,26.1865,16.9,
16.438,26.1865,16.8331,
16.438,26.1865,16.8331,
16.5032,25.9588,16.7666,
16.5032,25.6221,16.7003,
16.3732,25.4008,16.6343,
16.3732,25.182,16.5686,
16.2444,24.8584,16.438,
16.1804,24.4353,16.3086,
16.1804,23.9195,16.3086,
16.1166,23.4175,16.2444,
16.1166,23.0256,16.2444,
16.0532,22.0814,16.1804,
16.0532,21.4492,16.1804,
16.0532,20.7537,16.1804,
15.99,20.2501,16.2444,
15.99,20.5841,16.2444,
15.99,20.333,16.3086,
15.99,16.5032,16.2444,
15.9271,18.3761,16.3086,
15.9271,17.5154,16.3086,
15.9271,16.5032,16.3732,
15.9271,18.45,16.3732,
15.9271,17.3075,16.438,
15.9271,17.3075,16.438,
15.9271,16.8331,16.438,
15.9271,16.6343,16.438,
15.9271,15.5552,16.3732,
15.8645,18.0839,16.3732,
15.8021,16.7003,16.3732,
15.8645,18.7491,16.438,
15.8021,17.2388,16.8331,
15.6781,19.443,16.7003,
15.6166,18.2293,16.6343,
15.5552,17.5154,16.5686,
15.4942,18.7491,16.5686,
15.4334,17.7971,16.5686,
15.3728,18.5242,16.6343,
15.3126,19.8416,16.6343,
15.2525,18.1565,16.6343,
15.1927,19.1309,16.6343,
15.1332,19.9225,16.6343,
15.0739,21.8077,16.7003,
15.0739,19.2862,16.6343,
14.9561,15.5552,16.7003,
14.9561,19.8416,16.7003,
14.8975,22.1736,16.7003,
14.8975,16.3086,16.7003,
14.8392,16.1166,16.6343,
14.8392,16.3732,16.6343,
14.7811,14.5512,16.7003,
14.7811,19.3644,16.7003,
14.7233,21.0979,16.7003,
14.6657,19.5219,16.7003,
14.6657,21.3607,16.7666,
14.6657,20.2501,16.8331,
14.6084,20.8391,16.8331,
14.6084,20.9249,16.9,
14.5512,20.9249,16.9,
14.5512,20.5841,16.9,
14.5512,21.3607,16.9,
14.5512,20.6687,16.9672,
14.5512,19.9225,16.9672,
14.4943,22.5473,16.9672,
14.4943,22.3595,16.9672,
14.4943,21.5381,17.0346,
14.4943,22.3595,16.9672,
14.4943,22.5473,16.9,
14.4377,22.1736,16.9672,
14.4377,21.9897,16.9672,
14.4377,22.1736,16.9,
