16.1166,13.3511,19.443,
16.5686,13.668,19.3644,
16.5686,13.1439,19.3644,
16.5686,13.3511,19.2862,
16.5686,12.9399,19.2084,
16.6343,12.3463,19.2862,
16.3086,12.9399,19.2862,
16.5686,13.4034,19.2084,
16.5032,14.0474,19.2084,
16.5686,14.9561,19.1309,
16.5686,14.5512,19.1309,
16.5686,14.1578,19.1309,
16.5686,16.438,19.1309,
16.5686,16.1804,19.0538,
16.5032,16.1166,19.0538,
16.7003,12.9906,19.0538,
16.7666,19.8416,19.0538,
16.7003,18.0117,19.1309,
16.8331,20.9249,19.0538,
16.7666,21.1851,19.0538,
16.9672,21.1851,19.0538,
17.1705,21.8077,19.0538,
17.3075,18.1565,19.0538,
17.3765,18.2293,19.1309,
17.4458,14.3251,18.9771,
17.4458,17.5854,18.9771,
17.7971,13.9926,19.0538,
17.8683,14.2133,18.8247,
18.45,14.1578,18.7491,
18.8247,14.6084,18.6738,
18.5242,14.1025,18.3026,
18.45,13.4559,18.0117,
18.8247,13.5086,18.2293,
18.9007,13.6147,17.7971,
18.8247,13.7216,17.5854,
18.5988,13.299,17.5154,
18.6738,16.8331,16.438,
18.3026,16.9,15.6781,
18.3026,16.8331,14.9561,
18.2293,16.6343,15.3728,
18.2293,16.3086,15.6166,
18.0117,15.74,15.5552,
17.7262,15.6166,16.0532,
17.5154,15.2525,16.1166,
17.5154,14.8392,15.8021,
17.4458,13.2471,15.4942,
17.1705,18.8247,14.7233,
17.1705,15.6781,14.2133,
17.0346,16.438,15.2525,
16.9672,15.8645,13.7753,
17.1024,15.2525,13.8835,
17.1705,12.0595,14.9561,
16.7666,11.2806,15.4334,
16.8331,11.325,18.2293,
16.7666,10.3819,13.5086,
16.7666,12.5904,18.5242,
16.7666,11.1042,14.1025,
17.4458,11.148,14.3251,
17.4458,11.5046,15.2525,
17.3075,11.192,15.6166,
17.3075,11.2362,17.5154,
17.3075,11.2806,15.74,
17.3075,11.148,16.7666,
17.3075,11.4145,15.2525,
17.1705,11.5046,13.9926,
17.3765,13.7753,14.2133,
16.7666,13.7216,13.7753,
16.5686,13.7753,13.668,
16.2444,14.1578,13.5086,
16.1166,14.5512,13.4559,
16.1804,15.1927,13.668,
15.99,15.6166,13.6147,
15.9271,16.0532,13.668,
15.74,16.0532,13.7753,
15.6166,14.3812,15.4942,
15.4942,13.5615,17.8683,
15.3126,12.7889,14.1025,
15.2525,13.5086,14.1578,
15.1332,16.1166,14.1025,
15.0149,16.5686,14.1578,
14.8975,16.7003,14.7233,
14.8392,15.99,13.8835,
14.8392,17.7262,14.0474,
14.7811,17.5854,14.3812,
14.6084,16.9,15.6166,
14.5512,17.0346,16.3086,
14.5512,16.3086,17.7262,
14.6657,16.3086,17.5154,
14.6657,15.3728,17.5154,
14.6657,15.3126,14.1578,
14.6657,15.2525,17.0346,
14.6084,14.8975,18.7491,
14.6084,14.7233,15.1927,
14.6084,14.8975,14.0474,
14.6084,14.8975,15.1332,
14.5512,14.8975,15.8645,
14.5512,15.0149,14.2691,
14.5512,14.8975,13.8293,
