17.9399,15.3126,17.2388,
18.0117,15.4942,17.3075,
17.9399,15.4942,17.2388,
17.9399,15.6166,17.3075,
17.8683,15.4942,17.3075,
17.8683,15.4334,17.3765,
17.7971,15.4942,17.2388,
17.7971,15.4334,17.3075,
17.7971,15.4334,17.3075,
17.7971,15.4942,17.2388,
17.7971,15.5552,17.2388,
17.7262,15.5552,17.1705,
17.6556,15.6166,17.1024,
17.6556,15.74,17.0346,
17.6556,15.9271,17.0346,
17.6556,15.8021,17.0346,
17.5854,15.4334,16.9672,
17.7262,15.8645,16.9672,
17.7262,16.438,16.9672,
17.8683,17.2388,16.9,
17.5854,19.0538,16.6343,
18.1565,21.2727,17.2388,
17.3075,21.0112,16.3086,
17.1024,21.3607,16.0532,
17.7971,22.2663,16.7666,
17.2388,20.4163,16.1166,
16.9672,19.3644,15.8645,
16.9672,18.7491,15.8021,
17.3765,17.5154,16.3086,
18.9007,18.45,17.7262,
18.5988,18.45,17.5154,
18.0839,18.1565,17.1705,
18.1565,18.0839,17.1705,
17.8683,17.9399,17.1024,
17.8683,17.5854,17.1705,
18.0117,17.4458,17.2388,
17.8683,17.1705,17.2388,
17.7971,16.6343,17.2388,
17.7971,16.2444,17.1705,
17.6556,15.8645,17.1705,
17.6556,15.4942,17.2388,
17.7262,14.6084,17.3075,
17.7971,14.1025,17.5854,
19.1309,15.9271,18.8247,
17.7262,14.1578,17.6556,
15.8021,12.25,15.8021,
15.8645,11.9185,15.8021,
15.8021,11.7329,15.6781,
15.8021,11.2362,20.2501,
15.8021,11.4595,20.2501,
15.74,11.4595,16.6343,
15.74,11.4595,15.74,
15.74,11.4595,15.8021,
15.6166,11.5046,15.8021,
15.6166,11.5954,15.74,
15.6166,12.2021,15.74,
15.6166,12.1544,15.74,
15.6166,11.8718,15.74,
15.5552,12.4434,15.74,
15.4942,12.6893,15.74,
15.4942,12.5904,15.6781,
15.4334,13.2471,15.6781,
15.3126,14.2691,15.74,
15.2525,13.4559,15.6781,
15.1927,15.6166,15.74,
15.0149,15.99,15.6781,
14.8975,14.8975,15.6781,
14.7811,14.3251,15.6781,
14.6084,14.4377,15.74,
14.4377,14.7233,15.74,
14.3251,15.0739,15.8021,
14.2691,16.2444,15.8021,
14.1578,16.1166,15.8645,
14.0474,15.9271,15.8645,
14.0474,16.1166,15.8645,
13.9379,15.99,15.9271,
13.8835,16.438,16.3086,
13.7753,16.5686,17.8683,
13.7216,16.6343,18.0117,
13.668,16.438,18.3761,
13.6147,17.2388,18.45,
13.5615,19.1309,18.5988,
13.5615,16.8331,16.7003,
13.5086,16.5032,18.45,
13.5086,16.3086,17.1024,
13.4559,15.2525,17.8683,
13.4559,12.8391,17.9399,
13.4559,18.9771,16.1804,
13.4559,18.8247,16.1166,
13.4559,18.9007,16.7666,
13.4034,18.8247,18.0839,
13.4034,18.7491,16.5032,
13.4034,18.3761,16.7003,
13.4034,18.3026,16.1804,
13.4034,17.9399,17.0346,
13.4034,17.5854,19.2862,
13.4034,17.6556,20.0038,
