18.7491,15.0739,19.681,
18.8247,15.1927,18.7491,
18.6738,15.0149,23.4175,
18.5988,14.6657,22.0814,
18.5988,14.7811,19.443,
18.7491,14.7811,18.0117,
18.5988,14.8392,18.9771,
18.5988,14.7233,18.0839,
18.5988,14.7233,18.0117,
18.5988,14.6657,18.0117,
18.5242,14.7811,18.2293,
18.5988,14.7233,20.333,
18.7491,14.9561,19.681,
18.7491,14.8392,19.7611,
18.8247,14.8975,19.8416,
19.0538,15.0739,22.1736,
19.2084,16.3086,19.0538,
19.443,16.2444,21.0979,
18.9007,17.2388,18.3026,
19.2862,17.7262,18.0839,
18.0839,18.0117,16.8331,
17.5154,18.0117,16.438,
19.443,20.8391,20.7537,
20.1676,22.0814,24.5402,
20.9249,23.5168,21.6275,
20.2501,21.5381,18.5988,
20.6687,20.0855,18.2293,
20.5841,19.681,18.2293,
21.3607,21.1851,19.0538,
21.2727,21.4492,19.5219,
21.2727,21.4492,18.9771,
21.3607,22.0814,19.443,
20.8391,21.5381,18.8247,
20.7537,21.1851,18.9007,
20.4163,20.5841,18.6738,
19.9225,20.0855,18.45,
19.9225,19.6013,18.45,
19.6013,18.9771,18.1565,
19.6013,18.8247,18.0117,
19.3644,19.443,21.8984,
19.443,20.2501,18.5242,
19.3644,20.0855,18.5988,
19.3644,19.443,18.45,
19.2084,18.3026,18.1565,
19.1309,18.3761,18.0117,
19.0538,16.7666,18.1565,
18.9007,16.8331,18.2293,
18.9007,16.2444,18.2293,
18.9007,16.1166,18.3761,
18.8247,16.0532,18.3761,
18.7491,15.8645,18.3761,
18.7491,15.8645,18.45,
18.6738,15.8021,18.3761,
18.7491,15.8021,18.45,
18.7491,15.8645,18.3761,
18.6738,15.8645,18.3761,
18.5988,15.9271,18.3026,
18.5242,15.8645,18.3026,
18.5242,16.438,18.3026,
18.45,16.1804,18.3026,
18.3026,16.6343,18.3026,
18.2293,17.4458,18.2293,
18.1565,17.6556,18.3761,
18.0839,17.9399,18.3026,
16.9,18.6738,18.45,
17.7262,18.8247,18.5988,
18.0117,19.5219,18.6738,
17.7971,19.2084,18.5988,
17.7971,19.2862,18.8247,
17.5854,15.74,18.7491,
17.5154,18.5242,18.9771,
17.4458,18.45,19.0538,
17.1705,17.1705,19.0538,
17.0346,18.1565,21.8077,
16.9,17.3765,22.1736,
16.9672,16.9,20.1676,
16.8331,14.1025,20.0038,
16.7666,14.3812,20.4163,
16.8331,14.6084,19.9225,
17.1024,20.7537,20.5,
17.1024,21.1851,20.4163,
17.0346,20.4163,20.5,
17.0346,19.0538,20.5841,
17.3075,18.7491,21.0112,
17.4458,19.443,21.0112,
17.1705,19.5219,20.8391,
17.0346,19.5219,21.8077,
16.8331,19.1309,23.3188,
17.0346,19.7611,23.5168,
17.1024,20.0038,23.4175,
17.1024,19.9225,22.3595,
17.1024,20.0038,23.7171,
17.1705,19.681,23.0256,
17.1024,19.7611,25.0735,
