18.2293,11.9653,16.5032,
18.3026,11.9185,16.438,
18.3026,11.9185,16.5032,
18.3026,12.0123,16.5032,
18.3026,12.1069,16.5686,
18.2293,12.0595,16.6343,
18.3026,11.9653,16.6343,
18.1565,11.6411,16.5686,
18.2293,11.779,16.5686,
18.2293,11.9185,16.5032,
18.2293,11.8718,16.3086,
18.3761,11.8718,15.6166,
18.2293,11.779,15.4942,
17.2388,13.9926,15.6166,
17.7971,17.9399,15.4334,
17.8683,16.5686,15.74,
18.5988,20.5,15.4334,
18.1565,20.6687,15.0149,
17.3075,20.333,14.4377,
18.5242,21.8077,15.0149,
18.3026,22.3595,14.9561,
18.6738,20.9249,14.9561,
17.5854,19.9225,14.9561,
18.3026,23.1228,14.7233,
18.3026,23.5168,14.7233,
18.5242,23.6167,14.6084,
18.2293,23.6167,14.7233,
18.2293,23.7171,14.6084,
18.0839,23.7171,14.6084,
17.7971,23.7171,14.6084,
17.2388,23.818,14.4943,
18.1565,23.7171,14.6084,
17.5854,23.5168,14.3812,
16.1166,23.3188,14.4943,
17.6556,23.2205,14.4943,
17.9399,22.9289,14.4943,
18.0839,22.4531,14.5512,
18.0117,21.8984,14.6084,
17.7971,21.6275,14.5512,
18.0117,21.0112,14.6084,
17.9399,20.4163,14.6657,
17.7971,19.5219,14.3812,
17.7971,19.1309,14.3251,
17.5854,18.5988,14.1578,
17.6556,18.6738,14.2133,
17.6556,18.5988,14.2691,
17.6556,18.5242,14.2691,
17.6556,17.3075,14.2691,
17.5854,16.7666,14.2133,
17.3765,17.8683,14.1578,
17.3075,18.0117,14.2133,
17.2388,18.2293,14.1578,
17.1705,17.6556,14.1578,
17.1024,18.0117,14.1578,
17.3075,17.8683,14.1578,
17.2388,17.7971,14.1578,
17.1705,17.7262,14.2133,
17.2388,17.7971,14.1578,
17.2388,17.6556,14.2691,
17.3075,17.6556,14.3251,
17.1705,17.5854,14.7233,
17.1705,17.3075,16.6343,
17.1705,17.4458,16.3732,
17.1024,17.3075,16.5032,
17.1024,17.3765,14.3251,
17.0346,17.4458,14.3251,
17.3075,17.6556,14.5512,
17.3765,17.7262,14.4943,
17.4458,17.8683,16.1804,
17.7262,18.2293,17.3765,
19.2084,20.4163,21.0979,
19.443,20.6687,21.2727,
18.6738,19.8416,20.6687,
17.6556,18.7491,19.9225,
17.5154,18.8247,19.7611,
16.0532,17.4458,18.0839,
15.1927,16.5032,17.5854,
15.5552,17.4458,16.438,
15.5552,17.7262,16.438,
15.4334,18.0117,16.0532,
15.4334,18.3026,15.99,
15.3728,18.7491,16.438,
14.9561,16.9,16.5032,
14.9561,15.8645,16.438,
14.8975,18.6738,16.2444,
14.8975,18.7491,15.1332,
14.8975,18.6738,15.6781,
14.8975,18.0117,15.8021,
14.8392,18.0117,15.3126,
14.8975,17.7262,15.2525,
14.8392,17.5854,15.8021,
14.8392,16.1804,15.8645,
14.8392,15.6781,15.8021,
14.8392,15.3126,15.8645,
14.8392,15.4334,16.6343,
14.8392,17.0346,13.299,
14.8392,16.6343,13.3511,
14.8392,18.45,13.299,
14.7811,17.3075,13.5086,
14.7811,18.5988,13.668,
14.7811,18.8247,15.9271,
14.7811,18.7491,16.9,
14.7811,18.9007,17.9399,
14.7233,18.6738,18.3761,
14.7233,18.7491,16.1804,
14.7233,18.7491,17.9399,
14.7233,18.9007,15.74,
14.6657,18.9771,17.0346,
