18.2293,12.8391,17.5154,
18.3761,12.9906,17.6556,
18.2293,12.8391,17.7971,
17.7971,12.4434,16.7003,
17.7971,12.4434,16.5032,
17.7262,12.2981,16.5686,
17.7262,12.3948,16.5032,
17.7262,12.3948,16.5686,
17.7262,12.3948,16.5686,
17.8683,12.25,16.5686,
17.8683,12.4434,16.6343,
17.9399,12.5412,16.5686,
18.0117,13.0926,16.6343,
18.0839,13.3511,16.7666,
18.1565,14.1578,16.7666,
18.2293,15.1332,16.9672,
18.3026,16.1166,17.0346,
18.3761,16.6343,16.9,
18.45,17.1705,16.9672,
18.7491,17.7262,16.9672,
19.2084,18.5988,17.4458,
20.333,19.9225,18.3761,
20.8391,20.1676,19.5219,
20.5841,19.443,22.2663,
21.0112,20.0855,23.818,
21.1851,19.6013,22.9289,
19.2084,17.8683,19.2862,
18.7491,16.9,19.3644,
18.8247,18.6738,18.6738,
18.9007,18.6738,19.2862,
18.7491,16.6343,19.3644,
18.5242,16.438,19.2862,
18.0117,16.0532,17.7262,
17.9399,15.4942,20.0038,
17.7262,15.2525,16.5032,
17.6556,14.7811,16.438,
17.5154,14.5512,17.7262,
17.5154,14.1025,17.1024,
17.5154,13.8293,18.1565,
17.5154,13.4034,18.2293,
17.4458,13.0415,18.8247,
17.4458,12.9399,18.1565,
17.3075,13.668,24.7517,
17.1705,13.4034,24.5402,
17.1024,13.1954,24.331,
17.1024,12.739,20.4163,
17.0346,12.4922,23.818,
16.9672,12.2981,21.9897,
17.0346,11.9653,22.642,
17.1705,15.1332,23.3188,
17.2388,14.6657,17.4458,
17.1705,14.4943,18.9771,
17.0346,14.4377,18.5242,
16.9672,14.5512,18.9771,
16.9,14.2133,18.6738,
16.9,15.2525,19.2084,
16.8331,15.3728,19.7611,
16.7666,14.8975,21.5381,
16.7003,15.0149,18.5242,
16.6343,15.74,19.7611,
16.5032,15.99,20.5841,
16.438,16.438,20.9249,
16.3086,16.9,21.2727,
16.1804,17.6556,22.1736,
16.0532,17.7971,21.8984,
15.9271,17.6556,22.2663,
15.8021,17.3075,22.4531,
15.74,16.9672,22.3595,
15.6166,15.4942,22.642,
15.5552,15.99,22.5473,
15.4334,13.8835,22.642,
15.4334,17.7262,22.8328,
15.3126,16.2444,22.8328,
15.3126,17.5154,22.8328,
15.1927,13.9379,22.7371,
15.1332,15.2525,22.7371,
15.0739,18.5242,22.9289,
15.0739,18.2293,22.7371,
14.9561,17.1024,22.8328,
14.8975,15.1332,22.9289,
14.9561,20.6687,23.0256,
14.9561,20.0038,21.8984,
14.8975,19.6013,22.3595,
14.8392,15.4334,22.5473,
14.8392,16.7003,22.642,
14.7811,16.438,21.9897,
14.7811,17.5854,21.9897,
14.7811,15.8021,21.9897,
14.7811,16.3086,21.9897,
14.7233,15.1927,22.0814,
14.7233,15.4334,21.5381,
14.6657,15.9271,21.3607,
14.7233,15.8645,21.2727,
14.6657,15.8021,21.3607,
14.6657,15.6781,21.4492,
14.6657,15.6166,21.4492,
