523,355,477,
523,354,493,
524,357,496,
524,359,492,
524,359,472,
524,359,485,
524,361,482,
524,373,486,
524,386,470,
524,410,470,
523,428,494,
522,383,509,
522,401,512,
522,428,520,
522,397,512,
522,436,525,
522,447,543,
523,511,543,
524,501,549,
519,500,540,
520,440,552,
520,449,552,
522,495,553,
521,455,570,
521,485,578,
521,521,558,
522,542,493,
523,504,551,
522,537,569,
523,549,576,
523,549,561,
522,535,563,
519,528,562,
515,485,543,
513,470,535,
512,470,529,
512,445,517,
512,441,495,
513,455,417,
513,453,486,
511,442,455,
511,386,458,
510,377,464,
510,388,463,
510,392,459,
511,413,422,
508,409,457,
509,442,459,
509,433,462,
509,438,464,
509,453,466,
509,442,468,
509,412,469,
509,433,470,
509,451,471,
508,426,471,
507,422,471,
506,423,471,
504,423,468,
501,442,463,
498,448,459,
496,466,441,
492,453,441,
490,449,422,
488,444,443,
489,452,429,
485,455,434,
484,376,387,
486,429,411,
487,487,390,
487,443,434,
487,453,425,
486,491,444,
486,516,446,
485,492,448,
484,466,449,
483,498,448,
484,511,448,
485,469,447,
486,431,447,
488,438,449,
489,451,448,
491,502,447,
491,526,448,
493,564,449,
493,503,447,
494,515,447,
494,513,451,
495,515,451,
496,532,452,
496,538,453,
496,513,452,
496,519,453,
497,520,453,
497,519,454,
497,509,454,
498,498,453,
