525,434,444,
525,456,445,
526,462,443,
526,455,445,
526,451,446,
526,448,450,
526,448,452,
526,450,456,
526,451,458,
526,453,460,
526,454,460,
526,453,456,
525,452,448,
525,412,457,
525,432,461,
525,464,450,
525,532,471,
525,473,476,
526,488,371,
526,474,481,
527,429,500,
528,419,511,
529,477,523,
529,490,525,
531,495,540,
531,501,517,
532,507,531,
532,510,543,
533,509,554,
533,511,553,
533,516,556,
534,516,556,
534,517,557,
535,522,558,
535,522,557,
536,518,555,
536,516,555,
536,511,549,
536,507,545,
536,495,536,
537,484,523,
537,485,510,
537,470,499,
537,469,400,
537,470,481,
536,499,474,
535,482,467,
535,490,462,
534,488,459,
533,497,456,
532,494,454,
532,492,452,
531,470,452,
531,460,452,
531,457,452,
531,453,452,
531,456,453,
531,456,453,
531,447,454,
531,451,455,
531,451,456,
530,445,456,
530,437,456,
529,432,457,
528,451,456,
527,454,456,
525,432,454,
522,481,452,
517,450,448,
512,472,443,
509,478,437,
506,486,432,
504,453,426,
502,459,408,
501,490,415,
499,496,350,
498,423,350,
497,458,408,
498,430,391,
498,440,366,
498,487,385,
499,502,408,
499,496,405,
499,508,406,
501,501,407,
502,530,406,
503,521,408,
504,509,409,
506,513,410,
507,538,410,
507,521,410,
507,505,412,
507,471,412,
508,472,412,
508,472,412,
508,473,413,
509,474,412,
509,475,413,
509,476,414,
510,477,415,
509,477,416,
510,477,417,
