520,439,511,
520,432,510,
520,432,511,
520,429,510,
521,429,511,
521,430,511,
521,430,511,
521,431,512,
521,431,512,
521,423,512,
520,423,513,
519,424,513,
519,452,514,
520,463,517,
519,469,519,
519,459,523,
520,435,527,
518,437,532,
519,438,504,
520,445,529,
520,474,535,
523,501,553,
523,492,540,
523,520,554,
524,531,492,
524,528,563,
525,500,578,
525,463,572,
522,452,579,
526,463,584,
526,469,577,
526,466,581,
527,464,581,
526,466,581,
526,464,577,
526,457,576,
525,457,572,
525,463,568,
526,461,561,
526,454,546,
532,466,537,
529,467,522,
530,451,516,
529,449,508,
529,430,499,
528,450,489,
527,466,446,
527,497,448,
527,427,441,
527,446,449,
527,409,476,
527,407,485,
527,410,487,
527,409,491,
527,413,493,
528,412,494,
527,420,497,
527,437,499,
527,434,500,
527,440,500,
527,438,500,
526,443,499,
524,442,498,
523,441,497,
522,443,496,
520,440,494,
516,439,489,
515,438,486,
514,476,484,
513,382,483,
512,400,481,
511,459,470,
509,461,470,
507,459,446,
505,496,441,
503,447,390,
502,445,454,
502,386,450,
502,387,430,
502,396,455,
501,418,378,
500,411,432,
500,475,434,
500,405,455,
500,406,401,
500,408,367,
500,414,445,
500,415,454,
500,416,459,
501,419,449,
501,420,416,
502,432,389,
503,436,399,
503,450,406,
503,444,369,
503,443,422,
503,441,457,
504,442,427,
504,444,384,
504,446,460,
504,451,369,
505,457,445,
504,474,403,
