524,443,471,
525,441,471,
525,438,470,
525,421,471,
525,442,471,
525,439,472,
525,444,471,
525,451,471,
525,460,472,
526,429,472,
526,431,472,
526,430,472,
526,428,472,
526,436,472,
526,436,472,
526,385,471,
525,401,472,
526,402,472,
525,408,472,
525,430,472,
524,429,472,
524,440,483,
524,413,471,
525,451,426,
525,487,453,
526,445,492,
526,446,504,
527,491,446,
528,486,416,
529,495,436,
529,543,528,
530,520,550,
531,542,553,
531,570,536,
532,537,551,
532,556,546,
533,580,548,
533,527,551,
534,542,551,
534,546,553,
534,541,545,
535,506,564,
535,492,545,
535,482,546,
535,521,541,
535,459,535,
535,442,519,
535,435,506,
535,429,495,
534,444,490,
534,429,483,
533,432,476,
533,440,471,
532,430,469,
532,491,468,
532,428,468,
531,427,467,
531,427,466,
531,425,467,
532,453,466,
532,454,467,
532,454,468,
531,449,469,
531,451,469,
532,449,470,
532,450,471,
532,449,472,
532,450,473,
531,452,474,
531,452,475,
530,452,474,
529,450,474,
529,448,474,
527,448,473,
526,468,470,
522,467,464,
520,462,458,
519,476,448,
518,470,443,
516,464,441,
515,446,437,
513,430,393,
514,483,382,
512,454,427,
510,459,425,
509,475,426,
508,494,407,
507,514,421,
506,501,419,
505,481,417,
503,490,397,
501,475,414,
500,474,383,
500,441,409,
500,441,405,
500,436,416,
501,439,409,
501,477,417,
500,477,391,
500,478,387,
500,482,377,
500,489,363,
501,494,417,
501,482,417,
501,440,395,
502,441,402,
502,446,416,
503,451,412,
503,457,402,
503,491,406,
504,495,408,
504,518,421,
504,536,422,
