513,464,411,
512,456,451,
513,461,413,
513,469,454,
513,486,449,
513,441,441,
513,468,434,
513,439,425,
514,446,395,
513,449,430,
513,436,457,
513,474,456,
514,450,455,
514,401,422,
513,402,398,
513,424,387,
513,472,379,
513,469,415,
514,500,392,
514,509,391,
515,520,473,
517,498,448,
516,391,485,
517,500,397,
518,481,424,
520,463,512,
519,427,535,
519,444,537,
520,471,428,
519,470,463,
520,437,472,
517,463,537,
511,422,509,
488,397,483,
482,381,469,
487,379,405,
479,418,407,
473,387,466,
495,381,478,
494,408,469,
494,414,465,
501,419,437,
504,430,433,
505,417,401,
503,413,438,
497,417,419,
494,433,420,
490,405,444,
487,400,425,
486,394,425,
486,398,433,
486,396,432,
487,401,437,
488,408,439,
488,404,436,
488,410,429,
487,450,431,
488,433,436,
488,431,424,
486,439,423,
485,446,422,
484,446,403,
483,466,412,
488,451,395,
493,482,410,
497,466,373,
498,460,410,
488,441,398,
502,481,412,
497,476,368,
496,481,403,
495,474,388,
494,468,404,
493,441,400,
492,489,404,
492,433,404,
492,429,400,
492,432,387,
493,438,442,
492,481,430,
493,454,412,
495,494,424,
495,447,426,
495,447,434,
495,448,434,
495,447,430,
496,444,430,
497,410,420,
496,439,432,
496,450,434,
497,455,434,
497,463,434,
498,486,434,
498,453,435,
498,450,434,
498,450,435,
498,451,435,
498,475,435,
