511,438,414,
511,437,412,
512,438,412,
511,438,413,
511,439,414,
511,437,416,
511,437,418,
511,429,422,
511,426,429,
510,427,425,
510,432,408,
510,438,394,
509,432,399,
507,503,383,
501,437,384,
508,433,419,
499,455,455,
500,459,464,
493,480,419,
484,517,360,
487,463,461,
491,476,467,
479,470,487,
483,466,425,
480,476,492,
482,465,506,
483,466,423,
484,473,439,
483,467,496,
483,465,495,
483,470,496,
483,467,492,
485,465,473,
483,478,438,
485,477,429,
483,466,465,
482,469,419,
486,464,449,
485,436,443,
489,488,436,
490,471,428,
494,486,353,
491,429,364,
491,420,387,
490,446,439,
490,460,416,
491,460,401,
490,456,443,
490,453,390,
490,457,404,
491,462,391,
491,471,387,
490,474,439,
491,468,406,
489,426,396,
492,434,446,
498,415,453,
499,483,425,
496,497,448,
500,484,409,
503,468,447,
503,490,438,
498,478,442,
490,490,434,
476,477,413,
483,475,414,
482,483,421,
475,486,420,
475,387,418,
474,387,415,
474,417,381,
472,501,404,
467,391,410,
465,387,399,
466,397,403,
472,405,400,
475,402,416,
466,398,386,
472,406,381,
468,403,368,
468,404,396,
468,405,399,
469,415,409,
470,415,424,
471,415,431,
473,415,362,
473,424,389,
473,423,406,
474,427,384,
475,429,382,
475,425,426,
475,428,436,
475,430,436,
475,431,437,
476,431,440,
476,431,441,
477,431,443,
476,432,442,
477,432,443,
