506,439,457,
506,440,458,
507,442,459,
506,442,460,
507,441,460,
507,440,461,
507,430,462,
507,428,463,
507,428,462,
507,428,461,
507,429,462,
508,429,462,
508,430,463,
508,430,462,
508,431,463,
508,431,462,
507,432,482,
507,433,493,
506,442,494,
507,459,497,
513,458,463,
514,462,495,
513,484,419,
512,491,520,
510,509,534,
495,512,448,
498,490,524,
500,494,480,
499,490,546,
507,515,557,
511,517,562,
515,525,561,
516,526,545,
517,543,540,
514,516,540,
510,511,536,
497,498,522,
494,499,518,
469,470,485,
495,494,515,
510,490,524,
507,486,509,
497,520,489,
518,434,501,
518,428,495,
515,411,480,
519,418,474,
520,402,471,
511,391,457,
511,434,476,
514,424,465,
514,452,469,
515,469,471,
509,404,468,
509,435,469,
502,460,461,
492,451,455,
495,486,450,
497,457,448,
497,460,443,
498,470,458,
498,460,445,
497,438,455,
497,431,465,
497,430,464,
495,422,462,
494,423,459,
494,515,456,
497,419,457,
510,432,466,
508,440,463,
507,462,460,
512,491,461,
499,465,446,
489,477,405,
496,503,364,
497,461,377,
495,437,387,
494,436,367,
488,432,377,
484,434,386,
460,417,334,
451,448,344,
461,429,418,
464,468,418,
462,435,417,
458,431,352,
457,446,403,
462,471,337,
456,491,399,
456,433,406,
457,442,356,
457,456,356,
459,464,376,
459,451,347,
458,449,402,
458,453,406,
459,458,414,
458,455,416,
454,448,408,
456,449,379,
457,448,406,
459,459,405,
459,448,403,
461,451,403,
