522,392,452,
522,402,452,
523,436,453,
523,450,453,
523,455,453,
523,466,454,
524,496,454,
524,486,455,
524,483,454,
524,494,454,
524,500,455,
524,394,455,
524,396,455,
524,400,455,
524,402,456,
524,407,456,
524,412,457,
524,414,458,
523,404,458,
524,433,459,
524,451,461,
524,478,463,
524,478,465,
525,466,434,
525,442,402,
525,448,473,
526,508,444,
527,495,475,
527,483,443,
528,499,507,
527,534,484,
528,564,523,
528,519,528,
528,460,534,
527,462,532,
528,476,539,
528,482,542,
528,487,543,
529,486,543,
529,488,544,
530,486,545,
531,484,544,
532,483,543,
531,480,539,
532,495,532,
532,488,522,
532,460,512,
532,480,503,
532,469,496,
532,451,487,
532,453,479,
532,449,474,
532,439,471,
532,448,467,
531,446,466,
531,443,464,
531,465,464,
531,451,464,
531,483,464,
531,427,461,
531,431,461,
531,438,461,
531,429,460,
531,431,461,
531,434,462,
531,453,463,
530,455,456,
528,459,455,
526,461,462,
523,457,459,
520,477,455,
515,472,451,
510,455,448,
505,450,446,
501,474,443,
497,472,441,
495,484,438,
493,435,351,
491,460,430,
489,465,420,
489,510,392,
489,464,377,
489,450,410,
490,449,378,
490,457,377,
489,456,407,
490,467,404,
490,468,413,
488,473,412,
486,476,382,
484,481,419,
483,485,420,
483,494,382,
482,476,345,
481,482,375,
481,489,353,
482,495,407,
482,501,419,
483,507,420,
484,506,420,
484,496,421,
485,485,423,
485,478,419,
486,477,422,
486,478,421,
486,473,423,
487,474,425,
487,474,426,
487,473,425,
