530,408,439,
530,409,431,
530,409,442,
530,411,444,
530,413,439,
530,413,435,
530,415,436,
530,415,437,
530,417,437,
530,418,438,
530,418,438,
531,417,434,
530,418,423,
529,418,423,
529,418,424,
528,418,479,
528,417,501,
529,496,437,
529,452,505,
530,458,504,
530,451,524,
531,489,471,
532,475,527,
532,486,552,
533,509,556,
533,491,518,
533,507,553,
534,513,568,
534,521,574,
535,529,556,
535,538,563,
535,523,562,
535,525,582,
536,524,587,
537,505,581,
537,515,576,
537,514,570,
538,536,559,
538,483,546,
538,483,535,
538,460,522,
538,458,515,
538,451,510,
537,455,504,
536,458,496,
536,471,477,
535,474,490,
534,477,489,
534,503,486,
534,495,487,
533,392,486,
533,395,485,
532,399,487,
532,402,487,
532,412,488,
532,425,487,
532,432,488,
532,410,489,
532,415,489,
532,422,490,
531,424,491,
530,429,490,
528,440,489,
525,440,473,
523,455,482,
521,470,475,
518,496,469,
514,469,434,
509,465,436,
504,484,434,
501,467,442,
498,485,430,
496,489,443,
495,474,437,
494,482,439,
494,482,395,
494,479,434,
496,490,428,
497,496,430,
499,514,430,
500,499,429,
501,489,427,
502,472,415,
503,473,392,
503,482,432,
503,488,406,
504,505,410,
504,508,422,
504,509,416,
504,494,421,
505,483,396,
505,488,435,
506,508,438,
506,494,425,
506,496,426,
507,499,406,
507,504,420,
