495,462,436,
495,463,446,
494,466,450,
496,468,453,
492,467,451,
486,472,446,
484,465,444,
483,421,444,
480,415,441,
479,414,447,
475,410,471,
472,407,467,
472,409,437,
471,407,418,
473,407,438,
473,410,436,
474,410,437,
476,409,440,
475,415,433,
486,442,427,
514,460,461,
517,471,475,
517,552,516,
520,551,518,
522,548,535,
522,557,526,
524,572,524,
525,581,553,
524,577,568,
525,568,550,
524,559,506,
524,557,578,
525,593,569,
524,589,568,
525,549,569,
526,568,569,
526,613,581,
526,579,561,
526,540,580,
525,519,579,
525,519,578,
522,515,579,
517,508,571,
510,478,565,
494,461,543,
504,445,538,
504,436,513,
506,425,500,
532,441,522,
532,440,529,
532,442,525,
508,422,491,
534,442,510,
500,414,484,
497,412,453,
479,399,447,
478,429,443,
479,456,418,
479,451,424,
478,444,436,
477,441,442,
477,447,439,
481,456,444,
478,456,451,
481,459,447,
478,470,472,
479,464,464,
498,527,481,
497,489,481,
496,487,472,
495,486,472,
509,500,456,
518,509,458,
522,519,502,
518,524,472,
517,545,474,
514,536,483,
467,498,436,
473,507,429,
463,501,435,
500,534,439,
506,551,454,
507,553,431,
503,547,460,
482,512,380,
468,504,424,
500,551,378,
498,559,374,
497,552,444,
490,567,405,
456,534,360,
456,534,381,
451,496,375,
437,536,378,
454,522,413,
456,380,416,
453,376,414,
451,377,411,
453,384,412,
453,428,379,
428,435,369,
461,427,419,
460,427,419,
461,446,415,
458,450,414,
455,426,415,
461,442,419,
459,405,406,
444,395,407,
449,398,412,
447,398,412,
447,399,404,
455,409,383,
458,411,377,
455,410,398,
