489,515,378,
489,490,375,
488,481,380,
488,480,370,
488,514,367,
490,500,377,
489,506,381,
489,473,376,
491,475,385,
493,468,393,
517,500,416,
489,503,397,
488,495,394,
487,456,386,
512,419,416,
482,385,410,
482,413,409,
481,434,419,
485,472,403,
487,454,337,
487,457,381,
488,470,406,
489,489,405,
492,507,445,
493,502,450,
489,484,475,
485,471,429,
483,509,428,
481,455,416,
482,664,467,
475,472,436,
481,489,489,
483,486,382,
483,451,492,
483,488,486,
484,450,492,
486,448,451,
487,476,449,
488,438,452,
488,445,448,
490,400,441,
496,465,424,
495,412,463,
497,428,460,
496,419,366,
498,439,395,
498,438,369,
498,465,429,
499,445,360,
497,429,395,
497,437,386,
498,472,353,
498,464,351,
496,497,386,
519,551,332,
518,490,434,
519,542,435,
520,513,437,
505,489,425,
496,477,417,
496,448,417,
497,450,416,
516,467,430,
497,461,417,
494,466,412,
491,453,409,
490,455,406,
490,461,360,
487,450,370,
487,455,336,
485,445,336,
483,463,397,
482,447,395,
481,437,314,
479,436,386,
481,453,314,
477,478,369,
476,474,338,
475,497,363,
477,478,369,
477,493,341,
477,490,337,
477,490,339,
474,465,376,
475,504,376,
476,466,352,
476,474,355,
477,444,366,
478,438,360,
478,456,359,
479,449,363,
480,450,371,
480,456,379,
482,478,338,
482,467,345,
482,424,338,
481,426,372,
481,476,376,
481,467,361,
481,474,374,
481,478,372,
482,478,372,
481,434,369,
482,458,364,
