525,465,520,
525,464,520,
525,466,520,
526,469,521,
526,470,521,
526,468,521,
526,470,521,
526,472,521,
526,467,521,
526,476,521,
526,490,522,
526,491,522,
526,493,522,
526,475,522,
526,482,522,
526,476,523,
525,474,523,
525,396,526,
526,461,530,
526,401,527,
527,450,510,
528,455,542,
529,478,437,
529,509,569,
530,479,574,
531,506,583,
531,499,592,
532,550,548,
532,536,553,
532,540,599,
533,541,578,
533,526,557,
534,553,556,
535,542,553,
535,536,554,
535,517,546,
536,493,541,
536,518,531,
535,499,516,
536,481,504,
535,415,493,
534,420,453,
534,405,472,
533,396,516,
532,396,511,
531,418,508,
531,416,508,
530,393,508,
530,388,509,
530,392,509,
530,398,511,
530,428,512,
530,419,514,
530,448,515,
530,430,516,
530,442,517,
530,441,518,
530,448,518,
530,455,519,
530,447,519,
530,441,519,
530,441,517,
529,443,519,
528,441,495,
525,438,487,
521,466,481,
519,442,475,
517,449,469,
516,443,450,
514,473,433,
513,449,411,
511,464,450,
509,457,365,
508,473,443,
508,523,433,
509,513,437,
509,509,442,
510,510,440,
511,510,440,
512,522,434,
512,511,442,
513,528,444,
513,524,445,
513,529,445,
514,521,447,
514,526,447,
514,506,445,
514,506,444,
514,506,441,
515,501,442,
515,509,451,
515,525,438,
515,529,453,
515,515,448,
515,506,439,
516,519,445,
516,526,452,
516,518,428,
