518,462,453,
518,488,462,
519,499,461,
519,497,461,
519,485,468,
519,471,483,
519,480,482,
519,464,483,
519,479,484,
520,469,482,
520,497,470,
520,480,471,
520,498,470,
520,509,472,
520,474,467,
520,483,473,
519,464,499,
520,470,501,
520,494,501,
520,475,482,
520,492,472,
520,501,417,
521,426,421,
522,458,478,
522,523,535,
523,513,499,
523,491,521,
523,491,561,
523,500,485,
524,514,454,
523,495,482,
523,507,552,
523,505,547,
521,489,552,
519,483,490,
519,463,518,
519,438,532,
519,467,514,
519,456,502,
520,474,488,
518,498,455,
518,428,486,
519,443,418,
519,468,425,
519,413,421,
516,450,456,
514,392,416,
515,435,385,
513,367,452,
513,371,424,
513,371,451,
513,372,456,
513,372,457,
513,374,459,
513,375,459,
513,376,461,
513,381,460,
513,407,461,
513,425,463,
513,411,462,
513,373,462,
513,375,454,
513,375,433,
513,377,463,
513,378,403,
513,379,452,
512,376,393,
512,375,430,
511,373,430,
510,375,358,
509,377,410,
509,381,407,
509,396,402,
508,434,414,
507,452,412,
509,476,419,
510,488,377,
510,428,378,
508,400,422,
506,417,422,
506,476,423,
506,441,423,
506,448,423,
506,479,421,
507,536,423,
507,455,425,
506,416,426,
505,427,426,
505,442,426,
505,466,427,
505,469,427,
505,488,428,
505,503,428,
505,467,428,
505,475,429,
505,477,429,
505,471,430,
505,480,431,
505,481,431,
505,481,431,
505,481,432,
