482,406,466,
482,407,466,
483,406,467,
483,408,467,
483,409,467,
483,409,467,
483,410,467,
484,410,469,
484,411,469,
485,411,470,
485,411,470,
485,411,469,
485,411,470,
485,411,469,
485,412,472,
486,414,470,
486,414,472,
486,414,472,
486,414,472,
487,415,473,
489,417,475,
491,418,478,
493,420,480,
494,422,482,
496,426,485,
498,428,487,
512,440,508,
507,439,507,
514,451,494,
516,496,533,
519,503,519,
519,515,545,
520,527,532,
520,521,533,
518,534,561,
517,538,558,
516,541,560,
516,519,559,
515,518,557,
515,523,557,
514,522,556,
510,520,552,
510,521,550,
497,531,534,
491,527,521,
486,521,511,
483,512,499,
478,494,488,
477,483,474,
478,475,469,
463,453,444,
460,447,427,
461,446,426,
464,446,422,
463,443,422,
462,439,421,
463,439,421,
463,441,416,
466,441,399,
464,444,427,
464,445,431,
465,442,425,
464,445,402,
466,455,395,
465,457,435,
464,465,419,
464,467,413,
465,464,427,
466,467,433,
467,467,437,
467,471,437,
466,472,438,
467,476,438,
466,480,439,
466,474,438,
466,476,438,
458,473,435,
458,471,428,
460,476,394,
460,476,417,
459,471,403,
465,479,428,
470,486,430,
472,500,431,
473,505,357,
480,519,425,
472,509,387,
499,536,397,
495,529,436,
496,535,444,
495,534,398,
489,534,374,
473,524,403,
476,528,423,
483,541,377,
488,525,375,
488,536,413,
489,547,404,
489,543,355,
484,548,331,
483,560,396,
482,502,438,
484,501,404,
483,500,366,
482,508,438,
482,507,412,
482,498,428,
481,497,428,
481,497,427,
480,500,416,
480,505,434,
481,554,368,
479,463,414,
478,466,442,
477,449,437,
477,489,436,
