508,445,391,
509,448,397,
509,444,408,
508,445,403,
509,444,390,
509,444,390,
509,445,386,
509,445,385,
510,445,379,
510,445,377,
510,446,380,
510,447,382,
510,448,383,
510,444,381,
510,443,382,
510,443,385,
509,439,434,
509,441,438,
508,451,441,
508,453,459,
508,450,441,
508,460,449,
508,466,434,
509,476,374,
509,480,391,
508,451,457,
508,455,440,
509,460,412,
508,494,492,
510,517,506,
510,530,518,
510,565,530,
510,513,469,
511,541,442,
510,515,544,
510,531,547,
510,499,551,
511,501,553,
512,517,557,
514,548,558,
514,573,559,
514,559,558,
514,520,555,
515,521,556,
515,497,555,
516,539,553,
516,540,538,
514,506,531,
514,492,519,
514,469,513,
517,454,499,
514,442,490,
514,431,480,
514,422,472,
514,418,464,
513,414,461,
514,415,458,
517,411,454,
519,412,456,
519,412,455,
523,415,457,
524,416,457,
525,417,455,
526,419,455,
526,419,455,
527,418,456,
526,418,454,
527,421,458,
526,420,453,
526,421,459,
526,422,459,
525,423,457,
525,429,456,
525,447,460,
525,454,461,
525,458,461,
525,456,462,
524,454,462,
523,454,462,
522,443,456,
521,425,455,
519,423,449,
517,427,443,
514,427,440,
512,428,380,
509,427,424,
508,429,407,
507,429,362,
505,434,406,
504,435,382,
502,436,370,
500,438,353,
497,441,367,
496,445,358,
495,450,360,
492,457,372,
489,459,355,
486,460,382,
485,467,419,
484,481,413,
482,490,404,
480,494,410,
479,477,416,
480,484,411,
480,489,381,
478,496,366,
476,501,422,
476,491,424,
475,493,428,
475,494,427,
475,493,422,
476,488,390,
476,486,359,
477,485,399,
478,488,414,
479,487,430,
480,488,431,
480,489,429,
