467,444,432,
468,453,431,
468,419,425,
467,430,423,
467,426,421,
468,461,420,
468,459,422,
469,456,425,
469,457,428,
470,458,426,
469,465,426,
469,461,427,
468,461,427,
467,479,434,
467,481,411,
461,436,425,
451,418,413,
461,425,427,
467,426,337,
466,431,359,
464,440,398,
470,442,411,
468,454,393,
465,441,426,
471,452,424,
463,472,448,
468,511,444,
448,485,488,
501,518,518,
490,485,540,
479,485,520,
485,524,513,
474,491,477,
486,506,450,
484,532,430,
500,495,433,
492,466,497,
490,464,503,
475,449,504,
480,446,496,
490,450,451,
475,439,486,
486,442,441,
486,438,383,
486,439,397,
463,421,410,
465,461,422,
464,443,421,
461,410,462,
470,415,461,
472,406,446,
460,442,383,
464,406,436,
486,431,454,
476,461,424,
476,445,415,
483,471,418,
480,371,409,
480,369,414,
481,373,418,
480,371,418,
472,369,398,
489,385,430,
474,372,418,
499,392,441,
487,384,431,
489,384,432,
479,377,421,
484,380,422,
470,368,407,
463,363,400,
468,369,400,
477,375,403,
476,375,399,
473,374,399,
481,394,402,
466,418,387,
522,437,408,
443,377,355,
464,424,369,
487,467,345,
461,440,356,
497,466,285,
470,443,344,
477,450,338,
484,487,345,
483,486,309,
480,480,369,
477,496,337,
469,492,349,
466,491,337,
464,425,319,
462,411,394,
457,412,450,
455,415,451,
451,410,443,
447,407,440,
445,411,390,
446,417,350,
440,420,344,
442,435,415,
442,463,423,
440,460,404,
497,518,393,
504,480,455,
504,538,465,
