487,413,437,
487,411,438,
487,412,438,
488,413,438,
488,413,438,
487,413,438,
488,414,430,
487,423,432,
487,423,439,
487,424,432,
488,417,405,
488,418,410,
489,426,378,
488,447,444,
488,437,422,
490,506,414,
489,501,440,
489,457,408,
487,448,459,
490,448,407,
490,479,421,
488,482,473,
494,478,443,
493,477,462,
494,491,448,
493,497,492,
496,499,516,
497,506,417,
498,512,528,
499,529,531,
502,499,534,
504,517,533,
505,517,537,
505,514,503,
506,504,525,
506,498,534,
506,489,530,
507,484,528,
508,478,501,
510,482,462,
510,466,509,
510,453,503,
511,444,494,
511,457,480,
511,437,470,
513,449,466,
513,409,415,
514,426,457,
514,423,451,
514,439,447,
515,446,447,
515,452,446,
515,436,445,
516,457,445,
516,456,446,
516,436,446,
516,438,446,
516,438,447,
517,438,448,
517,435,446,
516,434,428,
515,436,440,
515,435,370,
513,438,428,
512,442,407,
511,428,433,
511,432,433,
509,429,430,
508,433,400,
506,428,413,
504,442,413,
501,434,381,
502,439,378,
498,445,373,
495,451,402,
494,463,393,
493,492,399,
491,488,402,
498,486,374,
489,483,401,
489,486,402,
489,514,393,
489,523,391,
489,500,392,
489,514,396,
488,508,399,
489,532,399,
489,532,406,
494,540,411,
494,535,411,
495,535,412,
494,510,412,
494,507,412,
495,507,414,
495,501,414,
495,488,414,
495,493,414,
495,488,414,
495,494,415,
495,494,415,
