465,495,466,
465,495,466,
465,495,466,
465,495,466,
465,495,466,
465,495,466,
465,495,466,
465,495,466,
465,495,466,
465,495,466,
465,495,466,
465,495,466,
465,495,466,
465,495,466,
465,495,466,
465,495,466,
465,495,466,
465,495,466,
465,495,466,
465,495,466,
465,495,466,
465,495,465,
465,495,466,
465,495,466,
465,495,466,
465,495,466,
465,495,466,
465,495,466,
465,495,466,
465,495,466,
465,495,466,
465,495,466,
465,495,466,
465,495,466,
465,495,466,
465,495,467,
465,495,466,
465,495,466,
465,495,466,
465,495,466,
465,495,466,
465,495,466,
465,495,466,
465,495,466,
465,495,466,
465,495,466,
465,495,466,
465,495,466,
465,495,466,
465,495,466,
465,495,466,
465,495,466,
465,495,466,
465,495,466,
465,495,466,
465,495,466,
465,495,465,
466,494,465,
466,495,466,
465,495,465,
465,495,466,
465,495,466,
465,495,465,
465,494,465,
465,494,465,
465,493,465,
465,493,465,
465,491,464,
465,486,464,
465,480,464,
466,472,465,
466,466,465,
467,458,465,
468,448,465,
470,438,465,
476,431,470,
478,420,471,
475,406,466,
477,398,466,
477,390,466,
476,384,466,
474,379,465,
473,376,464,
471,372,462,
471,372,460,
468,370,460,
466,368,460,
465,369,460,
459,364,454,
462,367,453,
462,368,460,
463,370,430,
461,369,428,
460,370,425,
460,369,432,
459,369,449,
458,370,455,
459,370,454,
458,371,454,
457,371,455,
457,371,455,
457,371,455,
457,371,455,
457,372,455,
457,372,455,
457,372,455,
456,373,454,
457,373,455,
457,374,456,
457,374,456,
457,373,455,
457,374,456,
457,375,456,
458,375,457,
459,377,457,
460,378,458,
460,378,458,
461,380,459,
462,381,459,
464,383,460,
465,386,461,
466,391,461,
466,397,462,
463,398,462,
461,402,461,
459,408,461,
457,413,461,
457,417,461,
457,422,462,
457,426,462,
457,430,462,
456,434,462,
456,437,462,
456,441,462,
456,445,462,
456,450,462,
456,455,462,
456,461,462,
457,465,462,
456,469,463,
458,474,464,
458,477,465,
459,479,465,
459,480,466,
460,481,465,
459,481,465,
459,482,465,
456,479,462,
456,480,462,
455,479,461,
451,476,456,
436,459,439,
432,457,438,
430,454,435,
435,458,440,
433,457,439,
433,457,439,
436,460,442,
431,454,438,
449,473,454,
453,477,459,
455,479,460,
455,479,460,
456,480,461,
457,481,462,
458,482,463,
459,483,465,
460,484,465,
461,485,466,
461,485,467,
