456,482,462,
456,482,461,
457,482,461,
457,482,462,
457,482,462,
457,482,462,
457,483,462,
457,483,462,
458,483,462,
457,483,463,
457,483,463,
458,484,463,
458,484,463,
458,484,463,
458,483,463,
459,484,463,
458,484,464,
458,484,463,
458,484,463,
458,484,463,
458,484,463,
458,484,463,
458,484,463,
458,484,463,
459,484,463,
459,485,464,
459,485,464,
459,485,464,
459,485,464,
459,485,464,
460,485,464,
460,486,464,
460,485,464,
460,486,464,
460,486,465,
460,486,465,
461,486,465,
460,486,465,
460,486,465,
461,486,465,
461,486,466,
460,486,465,
461,486,465,
461,486,465,
461,487,466,
461,487,466,
461,487,466,
461,487,466,
461,487,466,
461,486,466,
461,485,466,
462,484,466,
462,481,466,
462,478,466,
462,472,466,
463,467,465,
464,464,465,
465,458,465,
467,453,465,
470,447,466,
472,440,466,
474,428,466,
476,420,466,
478,413,467,
479,404,466,
479,398,467,
480,392,467,
478,387,467,
478,385,467,
477,383,467,
475,380,465,
474,376,465,
474,375,465,
474,374,465,
474,373,465,
473,373,465,
473,372,464,
472,372,463,
472,372,463,
471,372,462,
470,372,462,
468,371,461,
467,371,460,
465,370,459,
464,369,459,
462,369,457,
461,368,456,
461,368,455,
460,369,456,
460,370,456,
460,370,455,
461,371,456,
459,370,455,
459,370,455,
459,371,455,
458,371,454,
458,370,454,
458,372,454,
459,372,455,
459,372,455,
460,372,456,
461,374,456,
463,375,457,
464,377,458,
465,379,458,
466,381,459,
468,384,459,
470,387,460,
472,391,460,
470,395,459,
470,403,459,
470,410,460,
466,415,456,
465,423,455,
465,432,456,
466,439,457,
467,446,457,
467,450,458,
468,454,458,
468,457,459,
468,460,459,
468,462,459,
468,465,459,
468,467,460,
469,470,460,
469,472,461,
469,473,461,
470,475,462,
471,476,462,
478,485,470,
478,485,470,
478,486,470,
479,487,471,
480,488,471,
480,488,471,
480,488,471,
480,489,472,
480,489,472,
481,490,472,
481,490,473,
481,490,473,
481,490,474,
481,490,474,
481,490,474,
481,490,474,
481,490,474,
481,491,474,
481,491,474,
482,491,474,
482,491,474,
482,491,474,
482,491,475,
481,491,475,
481,491,474,
481,490,475,
481,491,474,
481,491,475,
482,491,475,
481,491,475,
