14.0474,21.0979,18.9771,
14.0474,21.0979,19.0538,
14.0474,21.0112,18.9771,
13.9926,20.9249,19.0538,
14.0474,20.6687,19.1309,
13.9926,20.5841,19.0538,
14.0474,20.5841,19.0538,
14.0474,20.2501,19.0538,
13.9926,19.9225,19.0538,
13.9926,19.9225,18.9771,
13.9926,19.8416,18.9771,
13.9926,19.8416,18.9771,
13.9926,19.2862,18.9007,
14.0474,20.0855,18.9007,
14.1025,20.0855,18.9771,
14.1578,19.9225,18.9007,
14.1578,18.6738,18.9771,
14.2133,18.9771,18.9771,
14.3812,18.6738,20.7537,
14.3812,17.3075,19.2862,
14.2691,16.438,19.2084,
14.3812,18.45,18.8247,
14.2133,16.1166,18.45,
14.2691,16.3086,18.2293,
14.2691,14.6084,17.9399,
14.1578,14.4377,18.8247,
14.0474,13.5615,17.3765,
14.2133,17.2388,17.5154,
13.8835,16.5686,17.2388,
14.1578,12.6397,17.1024,
14.6084,14.5512,19.681,
14.7811,15.1927,21.0979,
15.1332,14.6084,22.9289,
14.2691,16.5686,20.4163,
14.4377,16.0532,18.9771,
14.8975,12.1069,17.2388,
13.6147,15.6781,15.99,
16.0532,18.3026,20.0038,
15.2525,15.6166,16.5032,
15.3126,16.1166,18.45,
14.6657,14.6657,20.7537,
13.7753,13.2471,27.0048,
14.2691,15.6781,16.3732,
14.4377,16.1166,23.7171,
14.3812,16.0532,14.6084,
14.2133,15.8021,18.1565,
14.1578,15.74,14.2691,
14.0474,15.3728,16.438,
14.1578,15.3728,14.1578,
14.0474,15.1332,14.0474,
14.0474,14.3812,14.0474,
13.9926,14.2691,14.2133,
13.9926,14.4943,14.3812,
13.9379,14.6657,16.7003,
13.8835,15.0739,17.1024,
14.0474,15.8645,20.6687,
14.0474,16.438,19.681,
13.9926,17.4458,16.7666,
14.2133,18.2293,21.6275,
14.9561,19.2862,26.1865,
14.2691,18.6738,21.6275,
16.0532,21.6275,23.7171,
17.1705,22.7371,23.0256,
14.8392,19.8416,22.5473,
15.3126,21.8077,22.642,
13.8835,19.6013,24.8584,
13.9379,20.2501,21.5381,
14.8392,20.5,20.5,
15.0739,20.8391,24.9657,
15.1927,21.1851,23.1228,
14.5512,20.5,28.1081,
14.7233,20.0038,23.4175,
14.5512,19.7611,20.2501,
14.5512,19.7611,23.818,
14.5512,19.9225,24.6457,
14.5512,19.8416,24.9657,
15.1332,20.5,25.8459,
13.9926,19.3644,24.8584,
13.7753,18.9007,24.7517,
13.7753,18.9771,25.5111,
14.1025,19.2862,26.8858,
14.0474,19.2862,23.4175,
13.9926,19.2084,23.3188,
13.9926,19.2862,22.642,
