12.7889,13.2471,13.9379,
12.7889,13.8293,13.9379,
12.739,14.8975,13.9379,
12.7889,13.5615,13.9379,
12.7889,13.4559,13.9379,
12.7889,13.299,13.9379,
12.7889,13.4559,13.9379,
12.7889,13.4034,13.9379,
12.7889,13.3511,13.9379,
12.7889,13.2471,13.9379,
12.7889,13.1954,13.8835,
12.7889,13.299,13.9379,
12.7889,13.2471,13.9379,
12.8391,14.3251,13.9379,
12.8391,14.7233,13.9379,
12.8391,14.5512,13.9379,
12.8391,14.6657,13.9379,
12.8391,14.6657,13.9926,
12.8894,14.7233,13.9926,
12.8894,13.9926,14.0474,
12.739,13.7753,13.8835,
12.8894,14.5512,13.9926,
13.0415,14.6657,14.1025,
13.1439,14.7233,15.3728,
13.2471,13.0926,14.4377,
13.9379,13.7216,15.0739,
13.8293,12.2981,15.1332,
13.9926,13.7753,15.1927,
14.3812,14.1025,15.4334,
12.7889,13.6147,13.5086,
13.0415,14.2691,13.5615,
13.0926,19.2084,13.7753,
14.4377,21.6275,15.0149,
12.6893,14.5512,12.6397,
12.1544,13.299,12.2021,
13.9379,13.668,17.4458,
15.0149,13.8293,15.8021,
14.6084,18.0839,14.6084,
15.1927,22.4531,19.443,
15.1927,17.7262,14.2691,
15.3126,23.1228,14.3251,
14.8975,21.3607,18.1565,
15.3126,19.6013,14.3251,
15.6166,19.5219,17.4458,
15.6166,20.6687,17.7971,
16.0532,20.5841,18.5988,
15.1332,20.9249,15.9271,
15.6166,17.3765,15.1332,
13.1439,17.1705,16.9,
14.6084,17.5854,14.7811,
12.7889,18.3026,13.668,
14.5512,20.4163,15.99,
14.7233,22.4531,16.3086,
13.0926,16.9672,14.6657,
13.8835,20.0855,14.5512,
13.668,20.0038,14.6657,
15.6166,20.4163,17.4458,
14.4377,19.2862,19.9225,
15.5552,19.8416,22.2663,
15.8021,19.9225,19.443,
15.4942,19.7611,19.9225,
14.6657,20.5841,18.5988,
15.3728,21.4492,20.333,
15.2525,20.333,19.5219,
15.1927,20.4163,20.0038,
15.3126,21.0112,19.5219,
15.6781,21.8077,21.0112,
15.0739,21.5381,19.5219,
14.6657,20.9249,19.2084,
13.8293,20.0855,18.0117,
13.6147,19.7611,18.0117,
13.4559,19.681,17.5854,
13.4034,19.681,17.5854,
13.3511,19.6013,17.5154,
13.3511,19.6013,17.4458,
13.3511,19.681,17.3765,
13.299,19.3644,17.3075,
