13.5086,21.3607,17.0346,
13.5086,21.1851,16.9672,
13.4559,20.5841,16.9672,
13.4034,21.0112,16.9,
13.3511,20.7537,16.9,
13.4034,21.0112,16.9,
13.3511,20.5,16.8331,
13.3511,20.7537,16.8331,
13.3511,21.0979,16.7666,
13.3511,21.0979,16.8331,
13.3511,21.0112,16.8331,
13.3511,20.7537,16.8331,
13.3511,20.9249,16.8331,
13.3511,20.8391,16.8331,
13.3511,20.9249,16.7666,
13.3511,21.0979,16.8331,
13.299,20.9249,16.8331,
13.3511,20.9249,16.8331,
13.3511,21.0979,16.7666,
13.3511,20.9249,18.9007,
13.3511,20.9249,17.2388,
13.4034,20.0038,17.1705,
13.5086,20.333,17.1705,
13.5086,20.6687,16.7666,
13.5615,18.45,16.2444,
14.2133,21.7174,19.443,
13.0415,19.7611,15.8021,
13.8293,20.8391,15.4334,
14.5512,19.1309,16.2444,
14.6657,18.7491,16.7003,
12.4922,13.5615,13.1954,
12.9399,13.0415,17.7262,
12.3463,12.6893,12.8894,
12.4434,13.5086,12.4922,
12.739,10.3819,13.3511,
12.2981,10.0566,11.9653,
12.3463,13.0415,14.1025,
12.3463,12.3948,12.0595,
12.3463,10.0166,11.9185,
12.2981,9.9767,18.45,
12.3463,10.0566,12.25,
12.3948,9.8973,13.7753,
12.4434,10.8015,12.1544,
12.3948,14.4377,12.3463,
12.3463,15.1927,12.5412,
12.3463,15.6781,12.8391,
12.2981,15.0739,14.2133,
12.8894,16.1166,17.3075,
14.1578,18.3026,19.8416,
12.9399,17.3765,16.9,
12.8894,18.5988,16.3086,
12.8894,16.9,16.3732,
13.1439,18.3761,15.8645,
12.9399,17.9399,17.1024,
12.9906,19.7611,16.1166,
13.0415,20.8391,16.8331,
13.299,21.3607,17.1705,
13.8835,19.6013,18.0839,
13.1439,21.0979,17.5154,
13.1439,18.9771,17.6556,
13.1439,21.0979,18.45,
13.2471,21.0979,17.9399,
13.2471,21.0979,18.0117,
13.4034,18.3761,18.1565,
13.4559,18.9771,18.3026,
13.5086,17.9399,18.3026,
13.6147,27.2449,18.45,
13.3511,26.4169,18.1565,
13.3511,26.8858,18.0839,
13.3511,26.7676,18.0839,
13.299,26.3014,18.0117,
13.299,25.4008,17.8683,
13.1954,22.4531,17.7971,
13.2471,23.2205,17.7971,
13.2471,24.331,17.7971,
13.1954,24.331,17.7262,
13.1439,24.1241,17.5854,
13.1439,24.2273,17.5854,
13.1439,24.0215,17.6556,
13.299,22.7371,17.7262,
