11.7329,21.2727,17.7971,
11.7329,21.4492,17.7971,
11.7329,21.3607,17.7971,
11.6869,21.5381,17.7262,
11.6869,21.1851,17.7262,
11.6869,21.2727,17.7262,
11.6411,21.2727,17.7262,
11.5954,21.0112,17.7262,
10.5899,21.3607,17.7262,
10.9303,21.4492,17.7262,
10.9735,21.2727,17.7262,
10.9303,21.3607,17.7262,
11.0169,21.3607,17.7262,
11.1042,21.0979,17.6556,
11.2806,21.0112,17.6556,
11.325,20.4163,17.7262,
11.325,21.0112,17.6556,
11.325,21.1851,17.5154,
11.148,20.333,17.4458,
11.8718,20.5,17.3765,
11.8253,21.0112,17.2388,
11.8253,21.1851,17.1705,
11.779,22.0814,16.9672,
11.8253,23.3188,16.6343,
11.779,21.3607,16.5686,
11.7329,21.2727,16.3732,
11.779,23.4175,15.8021,
11.8253,23.5168,15.4942,
11.779,22.9289,14.8392,
11.779,18.0117,16.0532,
11.8253,22.0814,16.5032,
11.779,18.7491,15.2525,
11.779,18.1565,13.4034,
11.779,17.9399,12.9399,
11.7329,16.7666,12.6397,
11.7329,15.8645,12.3948,
11.5954,16.1166,12.1544,
11.8718,17.1705,12.1069,
11.3697,15.5552,13.0415,
10.5899,12.8391,12.3463,
11.7329,12.6893,11.8253,
11.55,12.4922,11.6869,
11.7329,12.4922,13.299,
11.6869,13.4034,11.4595,
9.6623,12.9906,11.3697,
11.1042,13.3511,11.3697,
11.6869,11.8718,12.9906,
11.6869,11.9653,11.2806,
11.6411,12.0595,11.2806,
11.5954,12.5412,11.2806,
11.5954,12.739,11.2362,
11.6411,12.8894,11.2806,
11.6411,12.9906,11.5046,
11.55,13.8835,12.1544,
11.2806,16.1166,12.9399,
11.2806,15.8021,13.668,
11.2806,14.6084,14.3251,
11.192,18.0839,15.1927,
11.5954,20.5,15.8645,
11.5954,18.3761,18.5988,
11.5954,19.6013,17.0346,
11.6869,21.0112,18.2293,
11.7329,22.3595,17.4458,
11.7329,22.3595,18.7491,
11.779,16.6343,18.1565,
11.7329,19.0538,18.1565,
11.8253,19.7611,18.45,
11.8253,20.9249,18.45,
11.8718,23.0256,18.45,
11.8718,24.7517,18.45,
11.8253,25.5111,18.45,
11.8253,25.5111,18.45,
11.779,25.5111,18.45,
11.8253,25.6221,18.3761,
11.8718,25.6221,18.3761,
11.8718,25.5111,18.45,
11.9185,25.5111,18.45,
11.9185,25.4008,18.3761,
11.9185,25.5111,18.3026,
11.9185,25.4008,18.2293,
11.8718,25.4008,18.2293,
