11.9185,18.2293,21.7174,
11.9185,18.2293,21.7174,
11.9185,18.45,21.6275,
11.9185,18.9771,22.2663,
11.9653,18.9771,23.9195,
11.9653,19.0538,23.5168,
11.9653,18.9007,17.7262,
11.9653,18.7491,25.4008,
11.9653,18.6738,22.5473,
12.0123,18.0117,23.4175,
12.0123,14.3812,21.3607,
12.0123,14.2691,20.0855,
12.0123,13.668,18.9007,
11.9653,13.3511,19.7611,
11.8718,14.6657,20.333,
11.9653,18.7491,19.2862,
12.9399,19.2862,22.642,
13.9379,17.9399,21.0979,
13.8835,17.0346,21.6275,
13.8293,17.8683,19.443,
13.9379,16.2444,18.45,
13.8835,15.3728,20.0038,
13.8835,14.7233,21.9897,
13.668,14.2691,15.1332,
13.7753,13.7753,18.2293,
13.8293,12.2981,14.3251,
13.668,12.6893,19.7611,
13.7216,11.5954,14.3251,
13.668,10.6319,16.8331,
13.8293,13.8293,16.8331,
13.668,13.9379,14.1578,
13.0415,13.668,13.1954,
13.1439,14.1025,13.299,
13.4559,14.1578,16.9672,
12.9399,13.7753,24.0215,
13.0415,14.7811,16.2444,
13.0415,15.6166,14.4377,
12.25,15.3728,18.8247,
12.9906,17.7971,16.1804,
12.8894,18.9007,20.7537,
12.7889,19.8416,21.5381,
12.6397,19.6013,18.45,
12.8894,20.0038,19.681,
12.2981,19.2862,22.9289,
12.2981,19.5219,17.7262,
12.4434,19.8416,21.5381,
12.4922,20.0855,21.0112,
12.6397,20.0855,18.0839,
13.0415,20.5841,18.8247,
13.0415,20.5,26.5331,
13.0926,20.5841,21.5381,
13.0926,20.5,21.0979,
13.0926,20.5,23.4175,
13.0415,20.4163,27.2449,
12.9906,20.4163,31.0772,
13.0926,20.4163,21.6275,
13.0415,20.333,24.0215,
12.9906,20.1676,21.9897,
12.4922,19.5219,19.8416,
13.0926,20.333,20.2501,
12.9399,20.0855,20.1676,
13.0926,20.2501,21.9897,
12.9906,20.1676,29.1407,
13.0926,20.2501,23.4175,
14.5512,22.0814,25.182,
