11.5954,22.642,17.7262,
11.6411,22.642,17.6556,
11.6411,22.642,17.7262,
11.6411,22.4531,17.7262,
11.6411,22.642,17.6556,
11.6411,22.7371,17.7262,
11.6411,22.7371,17.7262,
11.6411,22.8328,17.8683,
11.6869,22.7371,17.7971,
11.5954,22.7371,17.7262,
11.5954,22.7371,17.6556,
11.6411,22.7371,17.6556,
11.55,22.642,17.5854,
11.55,22.5473,19.7611,
11.5954,22.5473,21.1851,
11.6411,22.3595,17.1024,
11.7329,21.8984,16.9672,
11.8253,22.2663,20.6687,
11.8253,22.1736,21.0979,
11.5954,21.8984,21.0979,
11.2806,21.5381,20.4163,
11.325,21.3607,19.7611,
11.8718,21.0979,15.6781,
11.8718,14.4943,15.4334,
11.8718,19.2862,15.1332,
11.8253,15.4334,14.7233,
11.8718,16.5032,14.4377,
11.8253,17.9399,15.1332,
11.8718,16.3732,17.0346,
11.8718,17.9399,20.1676,
11.8718,18.45,17.1024,
11.9185,19.443,13.4034,
11.9653,19.0538,16.9672,
11.9185,17.5154,13.0926,
12.0123,14.4377,13.1439,
12.0123,13.6147,12.3463,
11.9653,18.5988,16.0532,
12.0123,14.3812,15.0149,
11.9653,14.4943,11.9185,
11.9653,17.7262,13.5615,
11.9185,15.3728,11.6411,
11.9185,14.9561,11.779,
11.8718,13.7216,11.5954,
11.9185,17.0346,11.5046,
11.8718,15.4942,11.5046,
11.8718,15.99,11.5046,
11.8253,16.5686,11.5046,
11.8253,16.2444,11.55,
11.779,13.5615,11.6869,
11.8253,12.9906,12.1544,
11.8253,13.9379,12.5412,
11.8253,12.739,13.1439,
11.779,14.0474,16.0532,
11.779,15.4334,14.3251,
11.779,15.1927,14.7811,
11.779,15.0739,15.1927,
11.7329,16.438,15.6166,
11.7329,17.0346,18.5242,
11.779,17.3765,16.7666,
11.779,16.438,16.7666,
11.779,17.8683,16.9672,
11.779,16.0532,17.0346,
11.779,18.0839,17.3075,
11.779,17.1024,17.5154,
11.779,17.5154,17.7262,
11.779,24.8584,17.7262,
11.6411,25.182,18.6738,
11.6869,25.2911,17.9399,
11.6869,25.4008,18.0117,
11.6869,25.2911,18.0117,
11.6869,25.182,18.0117,
11.7329,25.0735,18.3026,
11.7329,24.6457,18.0839,
11.7329,24.5402,18.0117,
11.7329,24.5402,17.9399,
11.7329,24.5402,18.0117,
11.7329,24.5402,17.9399,
11.7329,24.4353,17.9399,
11.7329,24.4353,17.8683,
11.7329,24.4353,17.8683,
