13.9926,15.8645,18.1565,
13.9926,16.1166,18.1565,
13.9926,15.99,18.1565,
13.9926,16.438,18.1565,
13.9926,16.1166,18.1565,
13.9926,16.1804,18.0839,
13.9926,16.1804,18.0839,
13.9926,16.1804,18.0839,
14.0474,15.9271,18.0839,
14.0474,15.9271,18.0117,
14.0474,16.3732,18.0117,
14.0474,16.3086,17.9399,
14.1025,18.45,17.8683,
14.1578,16.8331,17.7262,
13.9379,19.3644,17.3765,
13.5086,17.5154,16.7003,
13.668,13.7753,16.5686,
14.0474,19.5219,16.7003,
14.1025,18.5242,16.438,
13.8835,14.4377,15.8645,
13.9379,16.3732,16.438,
14.2691,16.0532,15.6166,
14.7811,19.681,15.8645,
14.7811,19.8416,16.5686,
15.1332,15.99,20.9249,
14.9561,16.3732,20.2501,
14.5512,13.9926,17.0346,
14.3251,18.7491,19.2862,
13.4559,17.7971,13.668,
12.8391,15.8021,16.3732,
12.6893,14.6657,14.7811,
12.6397,14.8975,13.5615,
12.5904,16.0532,13.6147,
12.6397,15.0149,14.1578,
12.3948,16.0532,19.1309,
13.299,17.4458,14.6657,
13.0415,15.3728,14.2133,
12.0123,16.9,13.7753,
11.9185,18.0117,15.0739,
11.4595,14.7233,14.2691,
11.9185,17.5154,15.0149,
12.2021,16.9672,15.1332,
13.3511,20.6687,16.8331,
13.7216,16.3732,17.7262,
14.0474,15.0149,19.2862,
14.1578,18.2293,18.7491,
14.1578,19.9225,18.9007,
14.1578,19.443,19.0538,
14.1578,18.5988,19.0538,
14.1578,18.45,19.0538,
14.1578,20.9249,19.1309,
14.1578,19.6013,19.1309,
14.2133,19.5219,19.0538,
14.1578,19.2862,19.0538,
14.1025,18.2293,19.1309,
14.1578,17.3765,19.1309,
14.1025,18.0117,19.1309,
14.1025,18.5988,19.2084,
14.1025,19.0538,19.1309,
14.1025,19.2084,19.2084,
14.1025,18.8247,19.2862,
14.1025,18.45,19.2862,
14.1025,18.0117,19.2862,
14.0474,17.3075,19.2084,
14.0474,18.3026,19.2084,
13.9926,15.8645,19.1309,
