11.5954,23.818,16.9,
11.55,23.818,16.9,
11.5954,23.9195,16.9,
11.5954,23.9195,16.9,
11.5954,23.818,16.9,
11.5954,23.7171,16.9,
11.5954,23.818,16.8331,
11.6411,23.818,16.9,
11.5954,23.7171,16.9672,
11.6411,23.7171,16.9,
11.6869,23.7171,16.9,
11.8253,23.818,16.9,
12.1069,23.7171,16.9,
12.5412,23.818,16.9,
13.299,23.818,16.9,
14.3251,23.818,16.9672,
15.4334,23.9195,17.1705,
16.5686,23.9195,17.6556,
17.7262,23.818,19.2084,
18.8247,23.9195,20.0855,
19.8416,23.9195,19.0538,
20.6687,24.0215,17.1705,
21.1851,24.0215,17.1024,
21.6275,24.2273,17.1024,
21.9897,24.2273,17.1024,
22.1736,24.2273,17.1024,
22.5473,24.331,17.1705,
22.5473,24.5402,17.3765,
22.8328,24.5402,20.9249,
23.1228,24.6457,20.1676,
23.5168,24.6457,17.5154,
23.5168,24.8584,18.5988,
23.9195,24.8584,17.3075,
24.1241,24.9657,18.2293,
24.2273,24.9657,19.2862,
24.2273,24.9657,17.3765,
23.9195,24.9657,18.3761,
23.818,25.0735,18.5242,
23.6167,24.8584,18.3761,
23.3188,24.8584,17.7262,
22.7371,24.7517,20.6687,
21.7174,24.6457,20.5,
20.5841,24.6457,17.5854,
19.443,24.6457,17.4458,
18.2293,24.6457,17.5154,
17.1705,24.6457,17.5154,
16.2444,24.6457,17.5154,
15.4334,24.5402,17.5154,
14.7811,24.6457,17.3765,
14.2691,24.5402,18.3026,
13.8293,24.5402,19.3644,
13.5086,24.4353,18.6738,
13.1954,24.5402,18.2293,
13.0415,24.4353,18.45,
12.8391,24.331,18.6738,
12.6893,24.4353,18.45,
12.5904,24.5402,18.9007,
12.4434,24.331,18.9007,
12.2981,24.331,18.6738,
12.25,24.2273,19.9225,
12.2981,24.4353,18.2293,
12.3948,24.7517,18.9771,
12.5904,24.9657,22.1736,
13.1439,26.0723,19.3644,
13.9926,27.1245,22.2663,
14.3812,27.8577,21.0112,
14.1578,27.4878,20.0038,
14.4943,28.1081,20.5841,
14.3251,27.7337,20.4163,
15.1927,29.1407,21.4492,
15.74,29.6765,22.0814,
16.1166,30.226,22.642,
16.3732,30.6475,23.0256,
16.3732,30.6475,22.9289,
16.3732,30.6475,23.1228,
16.5686,30.5061,23.4175,
16.8331,30.3656,22.2663,
17.1024,29.9495,26.5331,
14.1025,24.8584,19.5219,
15.4334,25.9588,18.3761,
15.74,25.5111,18.0117,
18.6738,28.7475,26.7676,
19.443,29.4069,22.0814,
19.2084,28.7475,21.0979,
18.9771,28.1081,21.1851,
19.2084,28.3615,26.5331,
16.8331,25.4008,19.2862,
16.6343,24.8584,18.5242,
16.8331,25.182,21.4492,
16.9672,25.4008,20.0038,
16.1804,24.2273,20.8391,
15.74,23.6167,18.7491,
15.6781,23.3188,17.4458,
15.5552,23.1228,17.4458,
15.4942,22.7371,17.4458,
15.3728,22.3595,16.7666,
15.2525,21.3607,19.3644,
15.1927,21.0112,16.1166,
15.2525,20.7537,16.0532,
15.2525,20.6687,16.1804,
15.2525,20.5,17.5854,
15.3126,20.2501,17.7262,
15.4942,20.0855,17.7262,
15.6781,19.8416,17.7262,
15.8645,19.681,17.6556,
16.0532,19.443,17.7262,
16.2444,19.2084,17.9399,
16.3732,18.9771,18.9771,
16.5032,18.5988,19.0538,
16.6343,18.3761,18.5242,
16.7003,18.1565,18.5242,
16.7666,17.7971,18.5988,
16.9,17.5854,17.8683,
16.8331,17.3075,17.6556,
16.7003,16.7666,17.5854,
16.5686,16.5032,17.3075,
16.6343,16.3086,17.6556,
16.6343,16.1166,19.443,
16.7003,15.99,19.681,
16.7666,15.9271,18.3026,
16.6343,15.74,20.8391,
16.6343,15.6166,20.2501,
16.6343,15.6166,17.2388,
16.7666,15.5552,18.5988,
16.7666,15.4942,19.0538,
16.9,15.6166,17.7262,
16.9672,15.6781,17.4458,
17.0346,15.6781,17.6556,
17.2388,15.8645,21.5381,
17.4458,16.0532,18.9007,
17.3075,15.99,18.5988,
17.2388,15.8645,17.9399,
17.1024,15.6166,17.5154,
17.0346,15.5552,17.3765,
16.9,15.4942,17.1705,
16.8331,15.3728,17.0346,
16.8331,15.3728,16.9672,
16.7666,15.3728,17.1024,
16.7666,15.3126,17.1705,
16.7666,15.3126,17.5154,
16.8331,15.3126,17.8683,
16.7003,15.3126,19.7611,
