12.1069,24.5402,17.3765,
12.1069,24.5402,17.3075,
12.1069,24.331,17.2388,
12.1069,24.4353,17.2388,
12.1069,24.4353,17.1705,
12.1069,24.2273,17.1705,
12.1544,24.2273,17.1024,
12.1544,24.331,17.1024,
12.1544,24.2273,17.1024,
12.2021,24.1241,17.0346,
12.25,24.331,17.1024,
12.4434,24.2273,17.1024,
12.9906,24.331,17.1705,
13.7216,24.2273,17.8683,
14.6084,24.331,19.1309,
15.6781,24.1241,18.9771,
16.6343,24.2273,18.1565,
17.6556,24.2273,17.1024,
18.5988,24.5402,17.0346,
19.6013,24.6457,17.1705,
20.5841,24.6457,17.2388,
21.2727,24.8584,17.2388,
21.9897,24.9657,17.4458,
22.642,25.0735,17.5154,
22.9289,25.4008,17.3075,
23.3188,25.4008,17.7971,
23.7171,25.5111,17.5154,
23.9195,25.4008,18.3026,
24.2273,25.4008,17.8683,
24.331,25.2911,17.5154,
24.331,25.2911,17.5154,
24.2273,25.182,17.4458,
23.9195,24.9657,17.3765,
23.6167,24.9657,17.3075,
23.2205,24.8584,17.3075,
22.7371,24.7517,17.1705,
22.0814,24.5402,17.6556,
21.2727,24.6457,18.5988,
19.9225,24.4353,18.3761,
18.3761,24.2273,21.8077,
17.1024,24.331,20.4163,
15.9271,24.331,18.5242,
14.9561,24.2273,19.0538,
14.0474,24.2273,19.6013,
13.5615,24.2273,21.0979,
13.2471,24.2273,19.2084,
13.0415,24.1241,19.7611,
12.8391,24.1241,20.333,
12.739,24.0215,20.7537,
12.5904,24.0215,21.0979,
12.4922,24.0215,21.5381,
12.3948,24.1241,20.5,
12.2981,24.0215,18.3761,
12.2021,24.1241,17.5854,
12.1544,23.818,17.7262,
12.1069,24.0215,17.7262,
12.0595,23.9195,18.3761,
12.0123,23.9195,18.9007,
12.0123,23.818,19.0538,
12.0123,23.818,19.2084,
11.9653,23.818,19.2862,
11.9653,23.818,19.6013,
12.0123,23.818,19.2862,
12.1069,23.7171,18.6738,
12.2981,23.6167,20.1676,
12.4922,23.5168,16.7666,
12.7889,23.3188,16.3732,
13.1439,23.0256,16.438,
13.5086,22.8328,16.7003,
13.7216,22.4531,21.2727,
13.9379,22.2663,16.1166,
13.9379,22.1736,15.8645,
13.9379,21.8984,17.7262,
13.8835,21.8077,15.6781,
13.8835,21.5381,15.2525,
13.8835,21.2727,17.9399,
13.8835,21.0979,20.1676,
13.8835,20.8391,17.3075,
13.7753,20.6687,18.45,
13.7216,20.5841,15.1927,
13.668,20.2501,15.1332,
13.668,19.681,15.2525,
13.6147,18.9007,15.4334,
13.6147,18.45,15.4942,
13.668,18.0117,17.9399,
13.7753,17.8683,19.8416,
13.8835,17.5154,15.74,
14.1578,17.1705,16.1804,
14.3812,17.0346,16.7666,
14.6084,16.7666,16.7003,
14.7233,16.5032,16.7003,
14.8975,16.1804,16.7666,
15.0149,15.9271,16.0532,
15.1332,15.6166,16.1804,
15.1927,15.3728,16.0532,
15.2525,15.1927,16.0532,
15.3728,15.0149,16.0532,
15.3728,14.8392,16.438,
15.3728,14.7233,15.6166,
15.4334,14.6084,15.9271,
15.4334,14.5512,16.1804,
15.4334,14.4377,15.8645,
15.4942,14.3812,17.7971,
15.4942,14.3251,20.5,
15.4942,14.3251,16.5686,
15.4942,14.2691,19.1309,
15.4334,14.2133,18.8247,
15.4334,14.2133,18.5242,
15.4942,14.2133,17.7262,
15.4942,14.2133,17.3075,
15.4334,14.2133,16.1166,
15.4334,14.2133,16.1166,
15.4334,14.1578,19.0538,
15.4334,14.1578,16.9,
15.4334,14.1578,16.438,
15.4334,14.1578,16.6343,
15.4334,14.1578,16.5686,
15.4334,14.1578,16.3732,
15.4334,14.1578,16.0532,
15.4334,14.1025,16.0532,
15.4334,14.1025,15.99,
15.4334,14.1025,15.99,
15.4334,14.1025,15.9271,
