11.4145,22.7371,17.1705,
11.4145,22.7371,17.1705,
11.4145,22.8328,17.1024,
11.4145,22.7371,17.1024,
11.4145,22.8328,17.1705,
11.4145,22.8328,17.1024,
11.4145,22.9289,17.1024,
11.4145,22.8328,17.1024,
11.4145,22.642,17.1024,
11.4145,22.7371,17.1024,
11.4145,22.7371,17.1024,
11.4145,22.7371,17.1024,
11.4595,22.642,17.1024,
11.4145,22.7371,17.1024,
11.4595,22.7371,17.1024,
11.55,22.7371,17.1024,
11.5954,22.7371,17.0346,
11.7329,22.7371,17.1024,
11.9653,22.7371,17.1024,
12.3463,22.642,17.1024,
12.7889,22.7371,17.1024,
13.1439,22.5473,17.0346,
13.668,22.8328,17.1705,
14.0474,22.7371,17.1705,
14.1578,22.4531,16.9,
14.4377,22.4531,16.7666,
14.7811,22.5473,16.8331,
15.0739,22.5473,16.8331,
15.4334,22.4531,16.8331,
15.8021,22.5473,16.8331,
16.1166,22.5473,16.9,
16.438,22.5473,16.8331,
16.8331,22.5473,16.8331,
17.0346,22.4531,16.8331,
17.4458,22.4531,16.7666,
17.6556,22.4531,16.9,
17.9399,22.5473,16.9,
18.2293,22.5473,16.8331,
18.45,22.5473,16.9,
18.6738,22.5473,16.9,
18.6738,22.5473,16.9672,
18.9771,22.642,16.9,
19.1309,22.642,16.9,
19.2862,22.642,16.9,
19.443,22.642,16.9,
19.443,22.642,16.9672,
19.5219,22.5473,16.9672,
19.681,22.5473,16.9672,
19.7611,22.642,17.0346,
19.9225,22.642,17.0346,
20.0038,22.8328,17.1705,
20.0038,22.7371,17.2388,
20.1676,22.8328,17.2388,
20.2501,22.9289,17.3075,
20.5841,23.2205,17.5154,
20.7537,23.3188,17.5854,
20.8391,23.1228,17.5854,
20.9249,23.1228,17.5154,
20.9249,23.2205,17.5154,
21.3607,23.7171,18.0117,
22.8328,25.2911,19.3644,
23.3188,25.7337,19.7611,
23.818,26.3014,20.2501,
22.4531,25.182,19.2084,
22.0814,25.2911,19.2084,
19.7611,22.642,17.1024,
19.2862,22.2663,16.7666,
18.9771,22.3595,16.7666,
21.5381,25.8459,19.8416,
20.0855,24.5402,18.8247,
19.7611,24.7517,18.6738,
18.9771,23.9195,18.0839,
18.7491,23.9195,18.0839,
18.1565,23.7171,17.8683,
18.2293,24.6457,18.5988,
17.1024,23.9195,18.1565,
17.4458,25.2911,19.2862,
16.0532,24.2273,18.3761,
15.5552,24.0215,18.0839,
15.1332,24.0215,18.0839,
14.8975,24.0215,18.0839,
14.5512,23.7171,18.0117,
14.2133,23.818,17.9399,
13.9926,23.6167,17.8683,
13.7753,23.5168,17.7262,
13.6147,23.4175,17.6556,
13.4559,23.4175,17.5854,
13.3511,23.3188,17.6556,
13.299,23.4175,17.6556,
13.1954,23.3188,17.5854,
13.0926,23.3188,17.6556,
13.0415,23.3188,17.6556,
12.9906,23.3188,17.6556,
12.9399,23.2205,17.6556,
12.8894,23.4175,17.6556,
12.8391,23.4175,17.5854,
12.7889,23.4175,17.5854,
12.7889,23.4175,17.7262,
12.6893,23.4175,17.7262,
12.6893,23.5168,17.7971,
12.6397,23.4175,17.7971,
12.5904,23.4175,17.7971,
12.5904,23.4175,17.7971,
12.5904,23.4175,17.7971,
12.5904,23.6167,17.7971,
12.5904,23.6167,17.9399,
12.5904,23.7171,17.9399,
12.5412,23.7171,17.9399,
12.5412,23.7171,18.0117,
12.5904,23.818,18.0839,
12.5904,23.7171,18.0117,
12.5904,23.818,18.0117,
12.5412,23.7171,18.0117,
12.5412,23.818,18.0117,
12.5412,23.818,17.9399,
12.5412,23.7171,18.0117,
12.5412,23.818,18.0117,
12.5412,23.818,18.0117,
12.5412,23.818,18.0839,
12.5412,23.818,18.0839,
