10.9735,22.2663,17.7262,
10.9303,22.2663,17.7971,
10.9735,22.2663,17.7971,
10.9735,22.3595,17.7971,
10.9303,22.1736,17.7971,
10.9735,22.1736,17.7971,
10.9735,22.2663,17.7262,
10.9303,22.0814,17.7262,
10.9735,22.2663,17.7971,
10.9735,22.1736,17.7971,
10.9303,22.2663,17.7971,
10.9303,22.2663,17.7971,
11.0169,22.2663,17.7262,
11.0169,22.2663,17.7971,
11.0169,22.1736,17.7262,
11.0605,22.1736,17.7262,
11.1042,22.2663,17.7262,
11.192,22.2663,17.7971,
11.4145,22.1736,17.7262,
11.779,22.0814,17.7971,
12.1544,22.2663,17.7971,
12.6397,22.3595,17.7971,
13.1954,22.2663,17.7262,
13.8293,22.2663,17.7971,
14.3251,22.2663,17.7262,
14.7811,22.2663,17.7971,
15.3126,22.2663,17.7971,
15.8645,22.2663,17.7971,
16.3732,22.2663,17.7262,
16.6343,22.2663,17.7971,
17.0346,22.2663,17.7262,
17.3075,22.1736,17.7262,
17.6556,22.1736,17.7262,
17.7971,22.2663,17.7971,
18.0839,22.2663,17.7971,
18.3761,22.3595,17.7971,
18.5988,22.2663,17.7971,
18.8247,22.2663,17.7971,
19.0538,22.2663,17.8683,
19.3644,22.3595,17.7262,
19.5219,22.2663,17.7971,
19.681,22.2663,17.7971,
19.8416,22.2663,17.7971,
20.0038,22.2663,17.8683,
20.1676,22.2663,17.8683,
20.333,22.3595,17.8683,
20.5,22.3595,17.7971,
20.5,22.3595,17.8683,
20.6687,22.4531,17.9399,
20.7537,22.3595,17.8683,
20.9249,22.4531,17.9399,
21.0112,22.3595,17.9399,
20.9249,22.3595,17.9399,
21.0979,22.3595,17.8683,
21.0979,22.3595,17.9399,
21.0112,22.3595,17.9399,
21.1851,22.4531,17.9399,
21.0112,22.3595,17.8683,
20.8391,22.3595,17.8683,
20.6687,22.2663,17.7971,
20.4163,22.2663,17.7971,
20.0038,22.3595,17.8683,
19.0538,22.2663,17.8683,
18.45,22.2663,17.7971,
18.0839,22.2663,17.7262,
17.2388,22.2663,17.7971,
16.2444,22.2663,17.7971,
15.3126,22.2663,17.7971,
14.4943,22.1736,17.7262,
13.9926,22.2663,17.7971,
13.5086,22.1736,17.6556,
13.1954,22.2663,17.7262,
12.9399,22.2663,17.7262,
12.6893,22.1736,17.7262,
12.4922,22.2663,17.7262,
12.3463,22.1736,17.6556,
12.1069,22.1736,17.7262,
11.9653,22.1736,17.7262,
11.8253,22.0814,17.6556,
11.7329,22.1736,17.6556,
11.6869,22.1736,17.7262,
11.5954,22.1736,17.7262,
11.5046,22.1736,17.6556,
11.4595,22.1736,17.6556,
11.4145,22.1736,17.6556,
11.3697,22.1736,17.7262,
11.325,22.1736,17.6556,
11.2806,22.1736,17.6556,
11.2362,22.1736,17.7262,
11.192,22.1736,17.7262,
11.192,22.1736,17.7262,
11.192,22.2663,17.6556,
11.148,22.1736,17.7262,
11.148,22.1736,17.7262,
11.148,22.1736,17.6556,
11.148,22.1736,17.7262,
11.1042,22.0814,17.7262,
11.0605,22.1736,17.7262,
11.1042,22.0814,17.7262,
11.1042,22.0814,17.6556,
