11.148,20.6687,16.3086,
11.1042,21.0979,16.438,
11.148,21.2727,16.438,
11.148,21.1851,16.438,
11.148,21.2727,16.3086,
11.148,21.2727,16.3732,
11.2806,21.3607,16.2444,
11.148,21.3607,16.438,
11.2806,20.8391,16.3732,
11.3697,21.0112,15.99,
11.148,21.4492,16.438,
11.3697,21.0979,16.438,
11.55,20.9249,16.438,
11.9185,20.7537,16.1166,
12.4922,21.3607,16.1166,
12.8894,21.2727,16.5032,
13.8293,20.8391,16.1166,
14.3812,21.0112,15.9271,
14.9561,20.9249,16.0532,
15.74,21.0112,16.0532,
15.99,21.4492,16.6343,
16.5686,21.0112,16.5686,
16.9672,21.3607,16.438,
17.3765,21.6275,16.1166,
18.0117,21.3607,16.1804,
18.5242,21.3607,16.3086,
18.3761,21.3607,16.2444,
18.7491,20.7537,16.2444,
19.2084,21.1851,15.99,
19.5219,21.3607,16.3086,
19.443,21.0979,16.5686,
19.8416,21.3607,16.0532,
20.0038,21.4492,16.3086,
20.1676,21.0979,16.438,
20.5841,21.3607,16.3086,
20.5841,21.8077,16.3732,
20.9249,21.0112,16.3086,
20.5,21.1851,16.5686,
20.9249,21.0979,16.3732,
20.7537,21.4492,16.438,
21.2727,21.7174,16.3732,
21.6275,21.2727,16.1166,
21.2727,21.1851,16.1804,
21.5381,21.0112,16.1804,
21.3607,21.3607,16.0532,
21.0112,20.7537,16.3732,
21.6275,21.1851,16.3086,
21.5381,21.4492,16.1804,
21.5381,21.4492,16.0532,
21.4492,21.0979,15.9271,
21.0112,20.9249,16.2444,
21.2727,21.1851,16.1166,
20.9249,20.6687,16.3732,
21.0979,21.1851,16.1804,
20.333,21.0979,16.2444,
19.9225,21.0979,16.1804,
19.0538,20.7537,16.3732,
18.3026,21.2727,15.99,
17.2388,21.3607,16.1804,
16.3732,20.6687,16.1804,
15.6781,20.8391,15.9271,
14.8392,20.9249,16.2444,
14.5512,20.7537,16.0532,
14.0474,20.9249,16.3086,
13.8293,20.8391,16.1166,
13.668,21.2727,16.1166,
13.4034,21.4492,16.3086,
13.3511,21.2727,16.0532,
12.9399,21.3607,16.2444,
12.8391,20.7537,16.3086,
12.739,21.1851,16.0532,
12.3463,21.4492,16.3732,
12.2021,21.0112,16.2444,
12.0123,20.9249,16.2444,
11.8718,21.3607,16.438,
13.9926,24.5402,18.45,
13.7216,23.818,18.1565,
13.0415,22.7371,17.6556,
13.299,22.7371,18.0839,
12.2981,21.6275,16.9672,
13.5615,23.6167,18.1565,
13.4034,23.5168,18.5988,
13.5086,23.7171,18.9771,
13.4559,24.331,18.8247,
13.3511,24.2273,18.7491,
13.5086,24.6457,18.8247,
13.7753,24.7517,18.7491,
13.5615,24.6457,19.1309,
13.5615,24.331,19.3644,
13.4034,23.7171,18.8247,
13.6147,23.9195,18.5988,
13.7216,24.1241,18.8247,
13.4559,23.818,18.8247,
13.5086,24.2273,18.9007,
13.299,24.6457,18.9771,
13.4559,24.331,18.9007,
13.6147,24.6457,18.7491,
13.6147,24.1241,18.8247,
13.6147,24.331,18.7491,
13.299,24.6457,19.1309,
13.6147,24.2273,18.45,
13.4559,24.7517,19.3644,
13.5086,24.7517,18.8247,
