10.8872,21.5381,17.1705,
10.8443,21.4492,17.1705,
10.8872,21.4492,17.1705,
10.8443,21.4492,17.1705,
10.8872,21.4492,17.1024,
10.8443,21.3607,17.1705,
10.8872,21.4492,17.1024,
10.8872,21.3607,17.1024,
10.8443,21.3607,17.1705,
10.8872,21.4492,17.1024,
10.8872,21.4492,17.1705,
10.8872,21.3607,17.1024,
10.8872,21.4492,17.1024,
10.8872,21.4492,17.1024,
10.8872,21.4492,17.1705,
10.9303,21.3607,17.1024,
10.8872,21.3607,17.1024,
10.9303,21.4492,17.1705,
11.0169,21.4492,17.1705,
11.1042,21.4492,17.1024,
11.325,21.3607,17.1024,
11.779,21.4492,17.1024,
12.2981,21.4492,17.1024,
12.8894,21.3607,17.1705,
13.5615,21.5381,17.1705,
14.1025,21.6275,17.1024,
14.5512,21.5381,17.1705,
14.9561,21.5381,17.1024,
15.3728,21.4492,17.1024,
15.6781,21.5381,17.1705,
15.99,21.6275,17.1705,
16.3086,21.5381,17.1024,
16.6343,21.6275,17.1705,
16.9,21.5381,17.1705,
17.1705,21.6275,17.1705,
17.3765,21.5381,17.1705,
17.5854,21.5381,17.1705,
17.7971,21.6275,17.1705,
18.0117,21.5381,17.1705,
18.1565,21.5381,17.1705,
18.3026,21.5381,17.1705,
18.5242,21.6275,17.2388,
18.6738,21.5381,17.1705,
18.7491,21.6275,17.2388,
18.9771,21.6275,17.2388,
19.1309,21.6275,17.2388,
19.2084,21.6275,17.1705,
19.443,21.6275,17.1705,
19.5219,21.4492,17.2388,
19.6013,21.5381,17.1705,
19.7611,21.4492,17.1705,
19.7611,21.5381,17.2388,
19.7611,21.5381,17.2388,
19.8416,21.5381,17.2388,
20.0038,21.5381,17.2388,
20.0855,21.6275,17.3075,
20.0855,21.5381,17.3075,
20.1676,21.6275,17.3075,
20.2501,21.6275,17.3075,
20.1676,21.6275,17.2388,
20.333,21.6275,17.2388,
20.333,21.5381,17.2388,
20.2501,21.5381,17.2388,
20.2501,21.6275,17.2388,
20.1676,21.5381,17.2388,
20.0038,21.5381,17.1705,
19.9225,21.5381,17.2388,
19.681,21.5381,17.1705,
19.0538,21.5381,17.1705,
18.7491,21.5381,17.1705,
18.45,21.6275,17.1705,
18.0839,21.5381,17.1705,
17.5154,21.4492,17.1705,
16.8331,21.5381,17.1705,
16.1804,21.4492,17.1705,
16.0532,21.4492,17.1024,
15.74,21.5381,17.1024,
15.3126,21.4492,17.1024,
14.8975,21.5381,17.1024,
14.4377,21.5381,17.1024,
14.1025,21.5381,17.1024,
13.8293,21.4492,17.1024,
13.5615,21.5381,17.1024,
13.3511,21.5381,17.1024,
13.1439,21.4492,17.1024,
12.9906,21.5381,17.1024,
12.8391,21.5381,17.1024,
12.6397,21.5381,17.1024,
12.4922,21.4492,17.1024,
12.3948,21.5381,17.1024,
12.2021,21.3607,17.0346,
12.1069,21.4492,17.1024,
12.0123,21.4492,17.1024,
11.8253,21.2727,17.1024,
11.7329,21.4492,17.1024,
11.6411,21.3607,17.1024,
11.5954,21.4492,17.1024,
11.55,21.4492,17.1024,
11.4595,21.4492,17.0346,
11.4145,21.3607,17.1024,
11.3697,21.4492,17.1024,
11.325,21.4492,17.1024,
11.325,21.4492,17.1024,
11.2806,21.4492,17.1024,
11.2362,21.3607,17.0346,
11.192,21.3607,17.1024,
11.192,21.3607,17.1024,
11.148,21.3607,17.1024,
11.148,21.3607,17.1024,
11.148,21.4492,17.1024,
11.1042,21.3607,17.1024,
11.1042,21.3607,17.1024,
11.1042,21.4492,17.1024,
11.1042,21.3607,17.1024,
11.1042,21.3607,17.1024,
11.0605,21.3607,17.1024,
