11.192,21.7174,16.5032,
11.192,21.6275,16.5032,
11.148,21.7174,16.5686,
11.148,21.6275,16.5032,
11.148,21.6275,16.5686,
11.192,21.6275,16.5032,
11.148,21.5381,16.5032,
11.148,21.6275,16.438,
11.148,21.4492,16.5032,
11.148,21.5381,16.438,
11.192,21.5381,16.438,
11.192,21.5381,16.5032,
11.2362,21.5381,16.5032,
11.2806,21.5381,16.5032,
11.3697,21.4492,16.5032,
11.55,21.6275,16.5032,
11.779,21.6275,16.438,
12.1544,21.4492,16.5032,
12.4434,21.3607,16.5032,
12.8391,21.5381,16.5032,
13.2471,21.4492,16.5032,
13.6147,21.5381,16.5032,
14.0474,21.3607,16.5032,
14.3251,21.5381,16.5032,
14.6657,21.5381,16.5032,
15.0739,21.5381,16.5032,
15.4942,21.6275,16.5686,
15.8021,21.6275,16.5032,
16.1804,21.6275,16.5032,
16.5032,21.5381,16.5032,
16.8331,21.6275,16.5032,
17.1024,21.6275,16.5686,
17.3075,21.6275,16.5032,
17.5854,21.5381,16.5032,
17.7971,21.8077,16.5686,
18.0839,21.5381,16.5686,
18.1565,21.6275,16.5686,
18.45,21.5381,16.5686,
18.5988,21.5381,16.5032,
18.7491,21.5381,16.5032,
18.9771,21.5381,16.5032,
19.1309,21.6275,16.5686,
19.2084,21.7174,16.5032,
19.3644,21.7174,16.5686,
19.443,21.7174,16.5686,
19.5219,21.6275,16.5686,
19.681,21.6275,16.5686,
19.681,21.4492,16.5686,
19.7611,21.4492,16.5686,
19.8416,21.5381,16.5686,
19.8416,21.5381,16.5686,
19.9225,21.6275,16.5686,
19.9225,21.8077,16.5686,
20.0038,21.7174,16.5686,
19.9225,21.7174,16.5032,
19.9225,21.7174,16.5032,
19.8416,21.7174,16.5686,
19.8416,21.8077,16.5686,
19.7611,21.6275,16.5032,
19.681,21.8077,16.5032,
19.443,21.8077,16.5032,
19.3644,21.7174,16.5032,
19.1309,21.5381,16.438,
18.6738,21.6275,16.5032,
18.2293,21.6275,16.438,
17.9399,21.6275,16.5032,
17.5154,21.6275,16.438,
17.0346,21.4492,16.438,
16.5032,21.6275,16.438,
16.0532,21.6275,16.438,
15.8021,21.7174,16.3732,
15.3728,21.8077,16.438,
15.0739,21.8077,16.438,
14.8975,21.6275,16.438,
14.7233,21.8077,16.438,
14.4943,21.6275,16.3732,
14.2691,21.7174,16.3732,
13.9926,21.5381,16.3732,
13.7753,21.6275,16.3732,
13.6147,21.7174,16.3732,
13.4559,21.6275,16.438,
13.299,21.8077,16.438,
13.1439,21.8077,16.5032,
12.9906,21.7174,16.5032,
12.8894,21.8984,16.5032,
12.739,21.8077,16.5032,
12.6397,21.8077,16.5686,
12.5412,21.8077,16.5686,
12.4434,21.8077,16.5686,
12.3463,21.8077,16.5686,
12.25,21.8077,16.5686,
12.1544,21.8077,16.5686,
12.0595,21.6275,16.5686,
11.9653,21.7174,16.5032,
11.9185,21.7174,16.5686,
11.8718,21.7174,16.5032,
11.779,21.8077,16.5686,
11.779,21.7174,16.5032,
11.7329,21.6275,16.5686,
11.7329,21.5381,16.5032,
11.6869,21.6275,16.5032,
11.6411,21.6275,16.5032,
11.55,21.6275,16.5032,
11.55,21.4492,16.5032,
11.55,21.5381,16.5032,
11.5046,21.6275,16.5032,
11.5046,21.6275,16.438,
11.4595,21.6275,16.438,
11.4595,21.5381,16.438,
11.4145,21.5381,16.3732,
11.4595,21.5381,16.438,
11.4145,21.5381,16.438,
11.3697,21.6275,16.438,
11.3697,21.6275,16.438,
11.3697,21.3607,16.438,
11.3697,21.6275,16.438,
11.3697,21.4492,16.3732,
11.3697,21.5381,16.3732,
11.3697,21.5381,16.3732,
