11.2362,21.9897,16.5032,
11.4595,21.6275,16.3732,
11.3697,21.5381,16.5032,
11.3697,21.7174,16.5686,
11.3697,21.9897,16.5032,
11.325,21.8984,16.5032,
11.148,22.1736,16.5686,
11.325,22.2663,16.7003,
11.3697,21.6275,16.3732,
11.2806,21.8984,16.438,
11.2362,21.0979,16.3086,
11.325,21.6275,16.3086,
11.325,21.4492,16.438,
11.2362,21.1851,16.3732,
11.0605,21.5381,16.7003,
11.148,21.2727,16.438,
11.148,21.9897,16.5686,
11.3697,21.3607,16.5686,
11.4595,21.8984,16.2444,
11.325,21.8984,16.7666,
11.9185,21.4492,16.2444,
12.1544,21.6275,16.7003,
12.8391,21.8077,16.3086,
13.1439,21.7174,16.438,
13.5615,21.0112,16.5032,
14.2691,21.3607,16.3732,
14.5512,21.9897,16.5686,
15.2525,21.1851,16.3732,
15.5552,21.8077,16.5686,
15.99,21.3607,16.7003,
16.438,21.5381,16.3086,
16.438,21.8984,16.438,
16.7666,21.2727,16.7666,
17.2388,21.1851,16.3732,
17.1024,21.4492,16.5686,
17.6556,21.8984,16.3086,
18.1565,21.5381,16.3732,
17.8683,21.4492,16.7003,
17.8683,21.7174,16.5032,
18.3761,21.0112,16.5032,
18.6738,21.0979,16.5032,
18.6738,21.3607,16.7003,
18.9007,21.8077,16.438,
18.9771,21.8077,16.5032,
19.5219,21.5381,16.2444,
19.5219,21.8077,16.6343,
19.6013,21.9897,16.5686,
20.1676,21.8984,16.438,
20.1676,21.5381,16.438,
20.4163,21.3607,16.5686,
20.2501,21.6275,16.9672,
20.0855,21.6275,16.9,
20.4163,21.7174,16.7666,
20.7537,21.7174,16.8331,
20.7537,21.5381,16.9,
21.3607,21.4492,16.5032,
21.3607,21.2727,16.7666,
21.0979,21.5381,16.9672,
21.3607,21.4492,16.7666,
21.3607,22.0814,16.9672,
21.8984,21.5381,16.7666,
22.3595,21.9897,16.438,
21.7174,22.0814,16.8331,
22.4531,21.6275,16.1166,
22.2663,21.8984,16.5686,
22.642,21.6275,16.3732,
21.9897,22.0814,16.5032,
22.2663,21.3607,16.7666,
22.7371,21.4492,16.9,
22.1736,21.9897,16.8331,
22.2663,21.3607,16.7666,
21.8984,21.7174,17.2388,
21.1851,21.1851,16.7003,
20.5841,21.9897,16.8331,
19.6013,21.9897,16.7003,
19.6013,21.4492,16.438,
18.6738,22.0814,16.6343,
18.0117,21.0979,16.3732,
16.8331,21.5381,16.1804,
15.8021,21.4492,16.6343,
15.5552,21.0979,16.438,
14.9561,21.7174,16.438,
14.4377,21.6275,16.7666,
14.4377,21.7174,16.1804,
14.0474,21.1851,16.3732,
13.7216,21.6275,16.3086,
13.4559,21.6275,16.5686,
13.3511,21.9897,16.3732,
13.299,21.1851,16.3086,
13.1954,21.3607,16.438,
12.9399,21.2727,16.438,
12.6397,21.6275,16.9,
12.4434,21.5381,16.7003,
12.3948,22.1736,16.3732,
12.3948,22.2663,16.438,
12.25,21.8077,16.438,
11.8718,21.7174,16.5032,
11.9185,21.8077,16.1804,
11.9653,21.5381,16.1804,
11.8253,21.0979,16.3086,
11.8253,21.0979,16.3732,
11.6869,20.9249,16.3086,
11.6411,21.3607,16.438,
11.4145,21.6275,16.5032,
11.2806,21.7174,16.6343,
11.5046,21.9897,16.3086,
11.325,21.9897,16.7666,
11.4145,21.5381,16.438,
11.2362,21.9897,16.6343,
11.2806,21.9897,16.7003,
11.2362,21.8077,16.9,
11.192,21.9897,16.7003,
11.2806,21.9897,16.438,
11.0605,21.4492,16.7003,
11.1042,22.0814,16.7003,
11.192,22.0814,16.5686,
11.2362,21.8984,16.2444,
11.325,21.4492,16.3086,
11.192,21.1851,16.5686,
11.3697,21.6275,16.5032,
11.148,21.0979,16.5686,
11.325,21.3607,16.2444,
11.1042,21.3607,16.7003,
11.2362,21.4492,16.1166,
11.0169,21.8984,16.5686,
11.1042,21.3607,16.3732,
11.0169,22.1736,16.5686,
10.9735,21.7174,16.6343,
11.148,21.4492,16.3086,
11.148,21.8077,16.5032,
11.0605,21.0112,16.6343,
11.148,21.8077,16.2444,
10.9735,21.1851,16.7003,
11.0169,21.9897,16.3732,
