10.9303,21.0112,16.8331,
10.9303,21.0112,16.7666,
10.8872,20.9249,16.8331,
10.8872,20.9249,16.8331,
10.8872,20.9249,16.8331,
10.9303,21.0112,16.8331,
10.9303,21.0112,16.8331,
10.8872,20.9249,16.7666,
10.9303,21.0112,16.8331,
10.9303,20.9249,16.8331,
10.9735,21.0112,16.8331,
11.0169,20.9249,16.7666,
11.1042,20.9249,16.8331,
11.325,20.9249,16.8331,
11.8253,21.0112,16.7666,
12.4922,21.0979,16.8331,
13.0926,21.0112,16.8331,
13.7753,21.0112,16.7666,
14.4943,21.0112,16.7666,
15.1332,21.0112,16.8331,
15.6166,20.9249,16.8331,
16.1166,21.0979,16.8331,
16.6343,21.0979,16.8331,
16.9672,21.0979,16.8331,
17.3075,21.0112,16.8331,
17.6556,21.0112,16.8331,
17.8683,21.0979,16.8331,
18.2293,21.0979,16.8331,
18.5242,21.0979,16.8331,
18.7491,21.0979,16.9,
18.9771,21.0979,16.9,
19.1309,21.0112,16.9,
19.3644,21.0112,16.9,
19.5219,21.0112,16.9,
19.681,20.9249,16.9,
19.9225,21.0112,16.9,
20.0038,21.0112,16.9,
20.1676,21.0112,16.9,
20.2501,21.0112,16.9672,
20.333,21.0112,16.9672,
20.5841,21.0112,16.9672,
20.5,21.0979,16.9672,
20.6687,21.0979,16.9672,
20.7537,21.0979,16.9672,
20.7537,21.0979,16.9672,
20.9249,21.0979,16.9672,
20.9249,21.0979,16.9672,
21.0112,21.0979,16.9672,
20.9249,21.0112,16.9,
20.8391,21.0979,16.9672,
20.6687,21.0112,16.9,
20.6687,21.0112,16.9,
20.5841,21.0112,16.9672,
20.333,21.0979,16.8331,
19.8416,21.0979,16.9672,
19.1309,21.0112,16.9,
18.5988,21.0979,16.9,
17.8683,21.0112,16.8331,
17.0346,21.0112,16.8331,
16.0532,21.0112,16.8331,
15.2525,21.0979,16.8331,
14.6657,20.9249,16.8331,
14.1025,21.0112,16.8331,
13.7216,21.0979,16.8331,
13.3511,20.9249,16.8331,
13.0926,21.0979,16.8331,
12.8894,21.0112,16.8331,
12.6397,21.0112,16.7666,
12.4922,20.9249,16.8331,
12.2981,21.0112,16.8331,
12.2021,20.9249,16.8331,
12.0123,21.0112,16.7666,
11.9185,21.0112,16.8331,
11.779,21.0112,16.8331,
11.6869,21.0112,16.7666,
11.6411,21.0112,16.8331,
11.55,20.9249,16.8331,
11.4595,20.9249,16.7666,
11.4145,21.0112,16.8331,
11.3697,20.9249,16.7666,
11.325,21.0112,16.8331,
11.2806,20.9249,16.7666,
11.2362,20.9249,16.7666,
11.2362,20.9249,16.7666,
11.192,21.0112,16.7666,
11.148,21.0112,16.7666,
11.1042,21.0112,16.8331,
11.148,20.9249,16.8331,
11.1042,20.9249,16.7666,
11.1042,20.9249,16.7666,
11.1042,21.0112,16.8331,
11.0605,20.8391,16.8331,
11.0605,20.9249,16.7666,
11.0169,21.0112,16.8331,
11.0169,20.9249,16.7666,
11.0169,20.9249,16.7666,
11.0169,20.9249,16.7666,
11.0169,20.8391,16.7666,
10.9735,20.9249,16.7666,
11.0169,20.9249,16.7666,
10.9735,20.9249,16.8331,
10.9735,20.9249,16.7666,
