10.9735,21.3607,17.0346,
10.9735,21.3607,17.0346,
10.9735,21.3607,17.0346,
10.9735,21.1851,17.1024,
10.9735,21.2727,17.0346,
10.9735,21.2727,17.0346,
10.9735,21.3607,17.1024,
10.9303,21.3607,17.0346,
10.9735,21.3607,17.0346,
10.9735,21.2727,17.1024,
11.0169,21.2727,17.0346,
11.1042,21.2727,17.0346,
11.325,21.2727,17.0346,
11.779,21.3607,17.0346,
12.2981,21.3607,17.0346,
12.8391,21.3607,17.0346,
13.3511,21.2727,17.0346,
13.8835,21.3607,17.0346,
14.3251,21.2727,17.0346,
14.7233,21.3607,17.0346,
15.1332,21.4492,17.0346,
15.5552,21.3607,17.0346,
15.99,21.4492,17.1024,
16.2444,21.3607,17.0346,
16.5686,21.4492,17.1024,
16.9,21.3607,17.1024,
17.2388,21.4492,17.1024,
17.5854,21.3607,17.0346,
17.7971,21.3607,17.1024,
17.9399,21.3607,17.1024,
18.2293,21.4492,17.1024,
18.45,21.5381,17.1024,
18.5988,21.5381,17.1024,
18.7491,21.4492,17.1024,
18.9007,21.5381,17.1024,
19.0538,21.3607,17.0346,
19.2862,21.4492,17.1024,
19.443,21.4492,17.1024,
19.6013,21.4492,17.1024,
19.7611,21.4492,17.1024,
19.7611,21.5381,17.1024,
19.9225,21.4492,17.1024,
20.0038,21.4492,17.1024,
20.0855,21.4492,17.1705,
20.0855,21.5381,17.1705,
20.1676,21.4492,17.1705,
20.333,21.5381,17.1705,
20.4163,21.4492,17.1705,
20.5841,21.5381,17.1705,
20.5,21.5381,17.1024,
20.6687,21.4492,17.1705,
20.7537,21.5381,17.1705,
20.8391,21.5381,17.1024,
20.8391,21.5381,17.1024,
20.7537,21.4492,17.1024,
20.6687,21.3607,17.1024,
20.5841,21.4492,17.1024,
20.5841,21.4492,17.1024,
20.333,21.5381,17.1024,
19.9225,21.4492,17.1024,
19.2862,21.3607,17.0346,
18.9771,21.4492,17.1024,
18.5988,21.5381,17.0346,
18.1565,21.3607,17.0346,
17.4458,21.5381,17.0346,
16.6343,21.5381,17.0346,
15.8645,21.5381,17.0346,
15.1927,21.4492,17.0346,
14.7233,21.4492,17.0346,
14.2691,21.4492,17.0346,
13.9926,21.3607,17.0346,
13.668,21.3607,17.0346,
13.4034,21.3607,17.1024,
13.1439,21.3607,17.0346,
12.9399,21.4492,17.0346,
12.739,21.4492,16.9672,
12.5412,21.3607,17.1024,
12.3948,21.4492,17.0346,
12.25,21.3607,17.0346,
12.1069,21.4492,17.0346,
12.0123,21.4492,17.0346,
11.8718,21.3607,17.0346,
11.779,21.3607,17.0346,
11.6869,21.3607,17.0346,
11.6411,21.3607,17.0346,
11.55,21.3607,17.0346,
11.4595,21.3607,17.1024,
11.4145,21.3607,17.0346,
11.3697,21.2727,17.0346,
11.325,21.4492,17.1024,
11.325,21.2727,17.1024,
11.2806,21.3607,17.1024,
11.2362,21.4492,17.1024,
11.2362,21.3607,17.1024,
11.192,21.3607,17.1024,
11.148,21.3607,17.0346,
11.148,21.3607,17.1024,
11.1042,21.3607,17.1024,
11.148,21.3607,17.0346,
11.1042,21.3607,17.0346,
11.0605,21.2727,17.1024,
11.1042,21.3607,17.1024,
11.0605,21.3607,17.1024,
11.0605,21.3607,17.1024,
11.0605,21.3607,17.1024,
11.0605,21.3607,17.1024,
11.0605,21.2727,17.0346,
11.0605,21.3607,17.0346,
11.0169,21.3607,17.0346,
11.0169,21.1851,17.0346,
