11.0605,21.1851,17.0346,
11.0605,21.2727,17.0346,
11.0605,21.3607,17.0346,
11.0605,21.2727,17.0346,
11.0605,21.2727,17.0346,
11.0605,21.2727,17.0346,
11.0605,21.2727,17.0346,
11.0605,21.2727,17.0346,
11.0605,21.1851,16.9672,
11.1042,21.3607,17.0346,
11.192,21.2727,17.0346,
11.4145,21.2727,17.0346,
11.9653,21.2727,17.0346,
12.7889,21.1851,17.0346,
13.5086,21.2727,17.0346,
14.1578,21.3607,17.0346,
14.6657,21.2727,17.0346,
15.2525,21.4492,17.0346,
15.8021,21.3607,16.9672,
16.1166,21.3607,17.0346,
16.438,21.2727,17.0346,
16.7666,21.3607,17.0346,
17.0346,21.3607,17.0346,
17.3075,21.3607,17.0346,
17.5854,21.3607,17.1024,
17.7971,21.3607,17.1024,
18.0839,21.3607,17.1024,
18.2293,21.3607,17.0346,
18.5242,21.3607,17.1024,
18.6738,21.4492,17.0346,
18.9007,21.3607,17.1024,
19.0538,21.2727,17.0346,
19.2084,21.3607,17.1024,
19.443,21.3607,17.1024,
19.5219,21.3607,17.1024,
19.681,21.4492,17.1024,
19.8416,21.4492,17.1024,
19.9225,21.3607,17.1024,
20.0038,21.3607,17.1024,
20.1676,21.3607,17.1024,
20.1676,21.4492,17.1024,
20.333,21.4492,17.1024,
20.333,21.3607,17.1024,
20.5841,21.3607,17.1024,
20.5841,21.3607,17.1024,
20.6687,21.4492,17.1024,
20.7537,21.3607,17.1705,
20.6687,21.3607,17.1024,
20.8391,21.2727,17.1024,
20.8391,21.4492,17.1024,
20.8391,21.4492,17.1024,
20.6687,21.4492,17.1024,
20.6687,21.3607,17.1024,
20.5841,21.3607,17.1024,
20.5841,21.3607,17.1024,
20.5,21.3607,17.0346,
19.9225,21.2727,16.9672,
19.2862,21.3607,16.9,
18.8247,21.2727,16.9672,
18.45,21.2727,16.9672,
17.9399,21.2727,16.9672,
17.1705,21.2727,16.9672,
16.2444,21.2727,16.9672,
15.4334,21.2727,16.9672,
14.7811,21.1851,16.9672,
14.2691,21.2727,16.9672,
13.8293,21.2727,16.9672,
13.4559,21.2727,16.9672,
13.1439,21.3607,16.9672,
12.8894,21.2727,16.9672,
12.739,21.2727,16.9,
12.5904,21.2727,16.9672,
12.3948,21.2727,16.9672,
12.2981,21.2727,16.9,
12.1544,21.2727,16.9672,
12.0595,21.1851,16.9672,
11.9653,21.2727,16.9672,
11.8718,21.2727,16.9,
11.8253,21.2727,16.9672,
11.7329,21.2727,16.9672,
11.6411,21.2727,16.9672,
11.5954,21.3607,16.9672,
11.55,21.1851,16.9672,
11.5046,21.2727,16.9672,
11.4595,21.1851,16.9,
11.4145,21.2727,16.9,
11.3697,21.3607,16.9672,
11.325,21.1851,16.9672,
11.2806,21.2727,16.9672,
11.2806,21.2727,16.9,
11.2362,21.2727,16.9672,
11.2806,21.1851,16.9,
11.2362,21.2727,16.9672,
11.2362,21.2727,16.9672,
11.192,21.1851,16.9672,
11.192,21.1851,16.9672,
11.192,21.1851,16.9672,
11.192,21.2727,16.9672,
11.148,21.1851,16.9672,
11.148,21.1851,16.9672,
11.148,21.1851,16.9672,
11.148,21.0979,16.9,
11.1042,21.1851,16.9672,
11.1042,21.2727,16.9672,
11.1042,21.2727,16.9672,
11.1042,21.1851,16.9672,
