11.4145,23.4175,18.7491,
11.4145,23.4175,18.9007,
11.4145,23.3188,18.7491,
11.4145,23.4175,18.8247,
11.3697,23.4175,18.7491,
11.3697,23.2205,18.7491,
11.3697,23.2205,18.7491,
11.4145,23.3188,18.7491,
11.3697,23.2205,18.6738,
11.3697,23.3188,18.6738,
11.4145,23.3188,18.5988,
11.3697,23.2205,18.7491,
11.4145,23.1228,18.6738,
11.4145,23.1228,18.6738,
11.4145,23.1228,18.6738,
11.4145,23.1228,18.5988,
11.4145,23.1228,18.5988,
11.4145,23.1228,18.5988,
11.55,23.1228,18.5988,
11.9185,23.0256,18.5242,
12.4922,23.1228,18.5988,
13.1954,23.1228,18.5988,
13.9379,23.2205,18.5988,
14.7233,23.1228,18.5988,
15.4334,23.2205,18.5988,
16.1166,23.2205,18.5988,
16.6343,23.1228,18.5242,
17.1705,23.3188,18.5988,
17.6556,23.2205,18.5988,
18.0117,23.2205,18.5988,
18.45,23.1228,18.5242,
18.8247,23.2205,18.5988,
19.0538,23.1228,18.5988,
19.3644,23.2205,18.5988,
19.5219,23.2205,18.5988,
19.9225,23.3188,18.6738,
20.2501,23.3188,18.6738,
20.333,23.2205,18.6738,
20.6687,23.3188,18.5988,
20.8391,23.2205,18.6738,
21.0979,23.2205,18.5988,
21.1851,23.2205,18.6738,
21.2727,23.2205,18.5988,
21.3607,23.2205,18.5988,
21.1851,23.2205,18.5988,
21.0979,23.0256,18.5242,
21.0112,23.1228,18.5242,
20.8391,23.1228,18.5242,
20.5841,23.0256,18.45,
20.0855,23.1228,18.5242,
19.1309,23.1228,18.45,
18.5242,23.1228,18.45,
17.8683,22.9289,18.45,
17.1024,22.9289,18.45,
15.99,22.9289,18.45,
15.0739,23.0256,18.3761,
14.3812,23.0256,18.3761,
13.8293,23.0256,18.3761,
13.3511,22.9289,18.45,
12.9906,23.0256,18.3761,
12.739,23.0256,18.3761,
12.5412,23.0256,18.3761,
12.3948,22.9289,18.3761,
12.2021,23.0256,18.3761,
12.0595,23.0256,18.3761,
11.9185,22.9289,18.3026,
11.779,22.9289,18.3026,
11.7329,22.8328,18.3026,
11.6869,22.9289,18.3026,
11.5954,22.7371,18.2293,
11.5046,22.8328,18.3026,
11.4145,22.8328,18.3026,
11.3697,22.7371,18.3026,
11.3697,22.8328,18.2293,
11.325,22.8328,18.2293,
11.2806,22.8328,18.2293,
11.2806,22.7371,18.3026,
11.2362,22.8328,18.3026,
11.2362,22.642,18.2293,
11.2362,22.7371,18.3026,
11.192,22.642,18.1565,
11.148,22.642,18.2293,
11.148,22.7371,18.2293,
11.148,22.642,18.2293,
11.148,22.5473,18.1565,
11.1042,22.642,18.2293,
11.1042,22.642,18.2293,
