10.9303,21.2727,16.1166,
10.9303,21.1851,16.1166,
10.9303,21.2727,16.1166,
10.9303,21.2727,16.1804,
10.9303,21.2727,16.1804,
10.8872,21.1851,16.1166,
10.9303,21.2727,16.1166,
10.9303,21.0979,16.1166,
10.9303,21.1851,16.1166,
10.9303,21.0979,16.1166,
10.9303,21.1851,16.1804,
10.9303,21.2727,16.1166,
10.9303,21.1851,16.1166,
10.9303,21.1851,16.1166,
10.9735,21.1851,16.1166,
11.0169,21.2727,16.1804,
11.0605,21.2727,16.1166,
11.1042,21.1851,16.1166,
11.2806,21.2727,16.1166,
11.5046,21.3607,16.1804,
11.8253,21.2727,16.1166,
12.1069,21.1851,16.1166,
12.4434,21.2727,16.1804,
12.739,21.3607,16.1804,
13.0415,21.4492,16.1166,
13.4034,21.3607,16.1166,
13.668,21.4492,16.1804,
14.0474,21.3607,16.1804,
14.2691,21.3607,16.1804,
14.5512,21.4492,16.1804,
14.8392,21.4492,16.1804,
15.1332,21.4492,16.1804,
15.4334,21.3607,16.1804,
15.6781,21.3607,16.1166,
15.9271,21.2727,16.1804,
16.2444,21.3607,16.1804,
16.5032,21.3607,16.1166,
16.9,21.1851,16.1804,
17.1024,21.2727,16.1804,
17.4458,21.2727,16.1804,
17.6556,21.4492,16.1804,
17.9399,21.3607,16.1804,
18.2293,21.4492,16.1804,
18.45,21.3607,16.2444,
18.6738,21.3607,16.1804,
18.9007,21.4492,16.2444,
19.1309,21.4492,16.2444,
19.2862,21.4492,16.2444,
19.3644,21.4492,16.2444,
19.443,21.4492,16.3086,
19.5219,21.3607,16.2444,
19.6013,21.5381,16.2444,
19.7611,21.4492,16.2444,
19.8416,21.5381,16.2444,
19.9225,21.4492,16.3086,
20.0038,21.4492,16.2444,
19.9225,21.4492,16.2444,
20.0038,21.4492,16.2444,
19.8416,21.3607,16.2444,
19.8416,21.2727,16.2444,
19.681,21.3607,16.1804,
19.681,21.3607,16.2444,
19.6013,21.3607,16.1804,
19.443,21.3607,16.1804,
19.2862,21.2727,16.1804,
18.9771,21.3607,16.1166,
18.8247,21.4492,16.1804,
18.5988,21.3607,16.1804,
18.2293,21.4492,16.1804,
17.7262,21.3607,16.1804,
17.2388,21.3607,16.1804,
16.9,21.1851,16.1166,
16.7666,21.3607,16.1166,
16.5686,21.2727,16.1166,
16.3086,21.3607,16.1804,
15.8021,21.3607,16.1166,
15.4942,21.3607,16.1166,
15.0739,21.4492,16.1804,
14.8392,21.5381,16.1804,
14.6084,21.6275,16.3086,
14.3251,21.5381,16.3086,
13.9926,21.4492,16.2444,
13.668,21.3607,16.1804,
13.4559,21.4492,16.1804,
13.2471,21.3607,16.1166,
13.0415,21.2727,16.1166,
12.8894,21.1851,16.1166,
12.6893,21.1851,16.1166,
12.5412,21.2727,16.1166,
12.4434,21.1851,16.1166,
12.2981,21.2727,16.1166,
12.2021,21.1851,16.1166,
12.1069,21.1851,16.1804,
12.0123,21.1851,16.1166,
11.9185,21.1851,16.1804,
11.8718,21.1851,16.1804,
11.779,21.1851,16.1166,
11.6869,21.1851,16.1166,
11.6411,21.1851,16.1166,
11.55,21.2727,16.0532,
11.5046,21.0979,16.1166,
11.4595,21.1851,16.1166,
11.4145,21.1851,16.1166,
11.325,21.2727,16.1166,
11.325,21.1851,16.1166,
11.2806,21.1851,16.0532,
11.2806,21.0979,16.1166,
11.192,21.1851,16.1166,
11.192,21.1851,16.1166,
11.148,21.2727,16.1166,
11.148,21.0112,16.1166,
11.1042,21.1851,16.1166,
11.1042,21.2727,16.1166,
11.1042,21.1851,16.1166,
11.0605,21.1851,16.1166,
11.1042,21.1851,16.0532,
11.0605,21.2727,16.1166,
11.1042,21.1851,16.1166,
11.0605,21.2727,16.1166,
11.0605,21.2727,16.1166,
11.0605,21.1851,16.1166,
11.0605,21.2727,16.1166,
11.0605,21.1851,16.1166,
11.0169,21.2727,16.1804,
11.0169,21.2727,16.1804,
11.0169,21.1851,16.1804,
11.0169,21.3607,16.1804,
11.0169,21.4492,16.1804,
11.0169,21.2727,16.1804,
10.9735,21.3607,16.1804,
11.0169,21.3607,16.1804,
10.9735,21.3607,16.1804,
11.0169,21.3607,16.2444,
11.0169,21.2727,16.1804,
10.9735,21.3607,16.1804,
11.0169,21.2727,16.1804,
10.9735,21.3607,16.1804,
10.9735,21.2727,16.1804,
11.0169,21.2727,16.1804,
10.9735,21.3607,16.1166,
10.9735,21.2727,16.1804,
10.9735,21.2727,16.1804,
10.9735,21.2727,16.1166,
10.9735,21.1851,16.1166,
10.9735,21.2727,16.1804,
10.9735,21.3607,16.1804,
11.0169,21.2727,16.1804,
11.0169,21.3607,16.1804,
10.9735,21.1851,16.1166,
10.9735,21.3607,16.1804,
10.9735,21.3607,16.1166,
10.9735,21.1851,16.1166,
10.9303,21.1851,16.1804,
10.9303,21.1851,16.1804,
