562,403,473,
560,401,472,
561,401,473,
561,400,472,
562,404,473,
560,402,473,
561,401,472,
561,401,471,
561,405,473,
561,402,474,
560,401,474,
556,401,472,
551,401,472,
538,403,472,
526,402,473,
507,403,472,
488,402,472,
474,403,472,
460,403,473,
454,404,473,
448,401,472,
437,401,472,
434,400,472,
430,402,473,
428,402,473,
424,402,471,
419,402,473,
416,403,472,
414,403,470,
412,403,471,
408,402,471,
407,402,470,
404,402,471,
402,403,472,
400,402,472,
400,403,471,
397,401,472,
397,403,471,
399,404,471,
399,402,471,
399,401,470,
402,403,471,
401,401,471,
403,403,472,
409,402,472,
415,403,471,
421,402,471,
433,403,473,
444,402,471,
458,402,471,
469,400,471,
482,400,472,
496,402,472,
511,402,472,
529,401,472,
538,402,471,
544,400,471,
550,400,473,
550,403,472,
553,402,472,
554,400,471,
555,402,472,
556,402,473,
557,401,473,
558,402,473,
558,402,471,
559,401,472,
558,402,471,
559,403,472,
559,400,473,
558,400,470,
557,400,472,
558,401,472,
559,401,474,
560,401,471,
559,400,470,
560,402,471,
558,401,471,
558,402,474,
559,402,472,
