557,399,468,
557,399,468,
556,399,468,
556,399,467,
557,399,470,
556,399,468,
557,400,469,
557,399,469,
555,399,470,
556,398,468,
550,399,470,
544,399,469,
532,399,468,
518,399,468,
501,399,469,
487,399,468,
476,400,468,
461,399,469,
450,401,468,
441,398,467,
434,399,468,
428,400,469,
423,399,469,
419,398,468,
415,399,468,
411,399,472,
408,400,468,
402,397,467,
403,399,467,
400,400,467,
402,401,468,
399,401,469,
399,399,468,
402,398,466,
401,400,469,
406,400,469,
403,401,468,
407,396,468,
415,400,467,
423,397,469,
433,400,467,
446,400,467,
458,398,467,
473,401,468,
488,400,468,
502,399,468,
512,398,468,
518,397,469,
528,400,470,
536,399,467,
543,400,469,
548,397,468,
544,399,468,
545,397,468,
546,399,469,
554,399,467,
552,399,467,
555,399,468,
553,396,467,
554,398,469,
553,399,469,
552,399,466,
554,397,468,
556,399,468,
558,399,471,
559,396,469,
557,398,468,
556,399,469,
557,399,469,
557,399,469,
558,400,467,
,
