559,399,471,
560,401,471,
559,401,470,
559,400,470,
558,402,471,
560,402,470,
558,400,469,
555,401,470,
552,398,470,
541,400,468,
530,402,472,
517,402,471,
502,400,471,
489,400,468,
473,400,472,
464,400,471,
453,398,470,
447,400,470,
442,399,469,
434,400,470,
433,401,470,
426,398,468,
422,399,471,
420,403,470,
417,401,471,
415,402,470,
409,401,471,
408,401,470,
407,402,471,
404,401,471,
403,402,471,
403,401,469,
400,402,469,
400,401,471,
400,403,470,
402,404,471,
399,398,470,
399,401,470,
400,400,471,
402,402,470,
403,401,470,
403,401,470,
409,401,471,
416,402,470,
428,401,469,
435,401,469,
443,399,470,
459,399,468,
475,399,469,
487,399,470,
498,401,471,
505,397,469,
513,398,469,
519,399,469,
525,400,470,
527,401,469,
533,398,469,
537,401,470,
539,401,469,
543,402,471,
545,400,470,
547,399,469,
549,400,469,
550,399,472,
552,401,471,
552,398,469,
553,400,470,
554,400,469,
555,401,469,
556,401,470,
557,400,469,
556,399,471,
557,400,468,
557,401,471,
558,402,471,
557,399,471,
559,399,469,
557,400,470,
559,400,470,
559,401,471,
560,402,470,
,
