561,399,470,
559,400,469,
561,399,469,
561,400,472,
562,401,471,
561,401,471,
559,400,469,
559,400,469,
557,398,472,
552,403,472,
543,399,471,
530,399,470,
518,400,471,
502,401,470,
489,400,471,
476,402,471,
459,401,470,
451,399,471,
443,401,471,
436,401,472,
430,400,471,
425,399,469,
422,400,469,
418,400,471,
415,401,467,
411,402,468,
408,400,469,
406,399,467,
404,402,468,
403,400,469,
400,400,468,
398,402,469,
399,399,469,
399,401,469,
401,402,470,
400,400,469,
401,401,468,
403,399,470,
403,400,470,
405,401,469,
409,396,470,
414,400,470,
420,401,470,
431,400,469,
445,401,471,
455,398,470,
470,402,471,
480,402,470,
491,401,470,
504,400,472,
513,399,470,
521,400,469,
528,400,470,
535,401,470,
539,399,470,
541,399,470,
543,399,470,
545,399,471,
548,401,472,
549,400,471,
549,399,470,
551,400,468,
552,401,471,
554,401,469,
555,398,470,
554,398,469,
554,400,471,
555,401,470,
556,402,470,
557,401,470,
556,399,469,
556,399,470,
558,400,469,
556,399,469,
557,401,470,
558,401,469,
557,402,470,
557,400,470,
559,402,471,
558,400,470,
,
