12.7889,19.6013,13.4034,
12.7889,18.3026,13.3511,
12.7889,18.45,13.4034,
12.7889,18.5242,13.3511,
12.739,18.5242,13.3511,
12.739,18.45,13.3511,
12.739,18.5242,13.299,
12.739,18.3761,13.299,
12.739,18.5988,13.299,
12.739,18.5988,13.3511,
12.739,18.3761,13.299,
12.739,18.8247,13.299,
12.8391,18.7491,13.2471,
12.8894,18.7491,13.2471,
12.8894,20.0038,15.3728,
12.8391,20.5,18.7491,
12.8391,17.6556,15.6781,
12.7889,16.0532,16.6343,
12.7889,21.3607,13.0415,
12.7889,20.9249,16.1166,
12.739,20.5,14.1578,
12.7889,18.8247,16.6343,
12.739,18.3026,11.5046,
12.8391,17.2388,11.4145,
12.6893,12.9399,14.1025,
12.739,13.6147,12.3463,
12.739,11.325,11.779,
12.739,13.4559,11.6411,
12.6893,10.7164,11.1042,
12.6893,11.7329,11.0169,
12.6893,13.299,10.3408,
12.6397,13.5615,10.1371,
12.6397,13.299,9.9369,
12.6397,13.9379,9.8578,
12.5904,13.9926,10.0566,
12.5904,13.0926,10.3408,
12.5904,13.3511,10.6319,
12.6397,12.6893,10.9735,
12.6397,13.8835,11.55,
12.4922,13.2471,11.9653,
12.5412,13.1439,12.25,
12.5412,18.8247,12.4922,
12.5412,17.1705,12.5904,
12.5412,18.0839,12.9399,
12.5412,18.8247,13.2471,
12.5904,18.2293,13.4559,
12.6397,19.1309,13.668,
12.5904,18.9771,13.7216,
12.5904,18.2293,13.8293,
12.4922,12.739,13.9379,
12.5412,18.5988,13.9926,
12.5412,18.3761,14.8975,
12.5412,18.3761,15.1332,
12.5412,18.3761,15.0149,
12.5412,17.9399,14.7233,
12.4922,16.7666,14.2691,
12.4922,14.9561,14.3812,
12.4922,13.6147,14.1578,
12.4922,18.8247,14.2691,
12.4922,18.7491,14.1025,
12.4922,19.0538,14.2691,
12.4922,19.0538,14.3251,
12.5904,18.9771,14.5512,
12.6893,19.1309,14.1025,
12.739,19.2084,15.3126,
12.8391,18.5988,15.8645,
12.9399,18.6738,15.6166,
13.0926,18.6738,16.1166,
13.1954,17.1705,16.1804,
13.299,17.5854,23.5168,
13.3511,17.9399,17.2388,
13.5615,18.45,17.8683,
13.6147,17.8683,17.7971,
13.6147,16.9,17.6556,
13.668,16.1804,19.681,
13.7216,13.5086,16.3732,
13.8293,16.6343,16.9,
13.8835,17.7262,17.1024,
13.9379,16.7666,18.2293,
13.9926,17.0346,17.1024,
13.9926,15.4334,16.9672,
14.0474,15.2525,17.2388,
13.9379,14.2691,16.2444,
14.0474,14.7233,17.3075,
14.1025,14.7811,17.3075,
13.8835,14.5512,17.1705,
13.9926,14.4377,17.7971,
14.1025,14.7811,17.7971,
14.1025,14.4377,18.3761,
14.2133,14.5512,18.45,
14.1578,14.6084,18.45,
14.2133,14.5512,18.45,
14.1578,14.4943,18.45,
14.1578,14.4943,18.45,
14.1578,14.7233,18.5988,
14.1578,14.4943,18.7491,
14.1578,14.4943,20.6687,
14.1578,14.2691,19.7611,
14.1578,13.8293,19.0538,
14.1025,13.5086,20.5841,
14.1025,14.2691,20.5,
14.1025,13.2471,19.9225,
14.1025,12.4434,20.9249,
14.1025,14.1578,18.5242,
14.1025,14.6657,18.5242,
