13.0926,18.0117,18.3761,
13.0926,17.7262,17.1705,
13.0926,17.9399,17.1024,
13.0926,18.0117,15.8021,
13.0415,18.0839,15.74,
13.0415,18.0117,15.9271,
13.0415,17.9399,15.99,
12.9906,17.8683,15.9271,
12.9906,17.7971,15.9271,
12.9906,17.7971,15.99,
12.9906,17.7971,15.8021,
12.9906,17.7262,15.74,
12.9906,17.6556,15.6781,
12.9399,17.5154,15.74,
12.9399,17.4458,15.1927,
12.8894,17.3765,14.4377,
12.9906,17.3075,17.0346,
13.0926,17.3765,14.7233,
13.0415,16.438,22.1736,
13.0926,15.8645,16.438,
13.1439,17.1705,15.1332,
13.0926,16.7666,16.6343,
13.0415,17.1024,16.1166,
13.0926,16.5686,14.8975,
12.8894,16.7003,13.9926,
12.7889,15.4334,16.1804,
15.2525,17.8683,16.5686,
15.4942,14.3812,15.5552,
15.6781,14.3251,19.1309,
15.4942,12.6397,19.6013,
14.7811,12.4922,20.6687,
14.8392,12.3948,18.3026,
14.6084,15.3126,13.5086,
14.6084,15.8021,13.5615,
14.4943,15.6781,14.4943,
14.4943,15.6166,13.1954,
14.4377,15.4942,13.2471,
14.3251,15.3126,17.1024,
14.0474,15.0739,12.9399,
14.2691,15.3728,13.299,
15.3728,16.7666,14.3251,
14.0474,16.2444,13.0415,
13.5615,17.1024,19.5219,
13.3511,18.0117,19.3644,
13.299,18.5988,21.9897,
13.299,19.0538,16.3732,
13.299,19.5219,14.6657,
13.1439,19.7611,15.8645,
13.3511,20.0038,15.6781,
13.4559,20.1676,19.6013,
13.5615,20.333,16.3732,
13.5086,20.2501,18.6738,
14.0474,21.0112,21.5381,
14.7233,21.8984,17.3075,
14.6657,21.7174,17.4458,
14.7233,21.7174,17.1024,
14.7233,21.6275,17.5154,
15.2525,22.1736,18.0839,
15.4334,22.2663,18.6738,
15.4942,22.2663,18.8247,
15.5552,22.3595,19.0538,
15.4942,22.1736,19.0538,
15.4334,22.0814,19.0538,
15.3126,21.8984,18.9007,
15.4334,21.9897,18.9771,
15.5552,21.9897,19.0538,
15.4334,21.8984,19.3644,
15.3126,21.8984,22.4531,
15.2525,21.8984,22.1736,
12.9906,19.0538,19.681,
12.739,18.7491,16.5686,
13.1439,19.0538,17.3075,
13.0415,18.8247,17.4458,
13.1954,18.9771,18.0117,
13.3511,18.9007,20.0855,
13.4034,19.1309,18.7491,
13.299,18.5988,18.9007,
13.8293,19.1309,20.7537,
13.5086,18.6738,29.1407,
14.4377,19.681,23.6167,
13.7216,16.8331,19.8416,
13.299,16.7003,24.2273,
13.6147,16.8331,21.5381,
13.5086,17.7262,18.9771,
13.4559,17.4458,18.2293,
13.5086,17.3075,20.333,
13.5615,16.9672,20.8391,
13.6147,15.8021,19.1309,
13.668,15.4334,24.4353,
13.7216,15.8021,21.8984,
13.7216,15.4942,19.681,
13.7753,15.0739,18.5988,
13.7753,15.1927,18.5242,
13.7753,15.1927,18.9007,
13.8293,15.1927,24.4353,
13.8835,15.2525,22.0814,
13.8835,15.2525,22.5473,
13.9379,15.1927,17.7262,
13.9379,15.2525,22.9289,
13.9379,15.2525,24.5402,
13.9379,15.1927,20.7537,
13.9926,15.1927,20.2501,
13.9926,15.1332,17.7971,
13.9926,15.3126,17.2388,
13.9379,15.1332,17.1024,
13.9926,14.9561,17.2388,
14.0474,14.8392,19.6013,
14.0474,15.0149,18.0839,
