13.299,15.99,17.0346,
13.299,14.1025,16.9672,
13.299,13.4034,16.9672,
13.3511,12.5412,16.9672,
13.299,12.739,16.9672,
13.4034,13.7753,17.0346,
13.4034,14.0474,17.0346,
13.9926,14.4943,17.6556,
14.6657,15.1332,18.3761,
15.8645,16.1166,19.7611,
15.8645,16.0532,19.681,
15.2525,16.6343,18.8247,
14.7233,16.3086,18.0117,
14.7811,15.99,17.8683,
14.8975,16.3732,17.5854,
14.6084,12.9399,21.4492,
14.7811,17.0346,16.7666,
14.6657,17.8683,20.1676,
14.7811,14.7233,17.3075,
14.8392,13.9926,15.74,
14.7811,17.6556,25.0735,
14.0474,12.8391,15.2525,
13.3511,13.8835,12.9906,
13.0926,11.0169,12.5412,
13.0415,15.8021,12.4434,
12.8894,15.3728,12.3948,
12.6893,15.1332,12.2021,
12.5904,15.1927,12.1544,
12.5412,15.8021,12.4922,
12.4922,16.6343,12.8894,
12.3948,17.7262,13.2471,
12.3463,17.1705,13.5086,
12.2981,17.5854,14.3812,
12.3463,16.5032,15.2525,
12.3463,15.0739,18.7491,
12.3463,16.7666,16.3086,
12.4434,20.4163,16.8331,
12.4434,18.6738,16.9,
12.4434,12.6397,16.9,
12.4922,21.4492,17.0346,
12.4922,20.7537,17.0346,
12.4922,18.5988,17.0346,
12.4922,15.8021,16.9672,
12.4922,16.2444,16.9,
12.4922,16.3732,16.7666,
12.5412,16.3732,16.7003,
12.5904,16.7666,16.8331,
12.6893,17.7262,16.9672,
12.8391,19.2084,17.2388,
12.9399,20.4163,17.5154,
12.9906,20.333,17.8683,
13.0926,20.2501,18.0839,
13.0926,20.0855,18.3761,
13.0926,19.9225,18.6738,
13.1439,17.7262,21.6275,
13.1954,16.2444,31.9623,
13.299,16.8331,20.1676,
13.668,18.2293,20.6687,
14.0474,17.7971,27.6104,
14.2691,17.1024,21.1851,
15.3126,18.45,23.5168,
15.6781,19.2084,26.7676,
15.4334,19.0538,28.1081,
15.4334,20.2501,28.2344,
15.3126,20.5,23.0256,
15.3126,20.5,22.1736,
15.3126,20.4163,22.1736,
15.3126,20.0855,22.1736,
15.1927,18.1565,26.1865,
15.1927,17.9399,25.182,
15.3126,19.3644,21.9897,
15.2525,19.7611,22.0814,
