12.5904,13.7216,18.9771,
12.5904,12.9906,18.9771,
12.5412,18.3026,18.9771,
12.5904,17.5854,19.1309,
12.5412,17.6556,18.9771,
12.5412,17.7971,19.0538,
12.5904,17.2388,18.9007,
12.5412,17.6556,19.1309,
12.5412,17.5854,19.0538,
12.5412,17.5854,19.0538,
12.5412,16.3086,19.1309,
12.5412,16.9672,19.1309,
12.5412,17.5854,19.2862,
12.5412,17.2388,19.3644,
12.5412,17.5854,19.681,
12.5412,17.4458,19.2084,
12.5412,17.4458,18.8247,
12.5412,17.5854,18.8247,
12.5412,17.6556,19.0538,
12.5412,17.3075,18.8247,
12.5412,17.0346,19.1309,
12.5412,16.8331,20.5,
12.5412,17.8683,20.5,
12.5412,17.8683,15.3728,
12.5412,17.9399,20.0038,
12.5412,17.8683,15.4942,
12.5412,17.5854,17.7971,
12.4922,15.4334,18.45,
12.4434,16.438,15.74,
12.4434,12.8894,18.3026,
12.3948,11.3697,13.3511,
12.3948,16.5032,11.148,
12.3463,17.1024,10.8872,
12.2981,16.5686,11.6411,
12.2981,14.7811,10.548,
12.2981,13.9926,10.2589,
12.25,14.2691,10.4232,
12.25,13.9926,10.8443,
12.25,13.9926,10.548,
12.2021,13.9379,10.4232,
12.2021,14.7811,10.3819,
12.1544,15.0149,10.7589,
12.1544,15.6166,12.739,
12.1069,15.6166,11.2806,
12.1069,16.0532,11.325,
12.1069,15.6781,11.55,
12.1069,16.6343,11.6869,
12.1069,17.3765,11.9653,
12.1069,18.5242,12.4922,
12.1069,18.5988,12.9399,
12.1069,18.9007,13.4034,
12.1544,14.0474,13.8293,
12.1544,12.8391,14.2133,
12.2021,13.299,16.0532,
12.25,14.7233,14.8392,
12.2021,13.6147,14.7811,
12.25,15.6166,14.7811,
12.2981,18.0839,14.7811,
12.2981,17.2388,14.9561,
12.2981,17.4458,15.0149,
12.2981,21.7174,15.3728,
12.2981,21.4492,15.4334,
12.3463,20.7537,15.3728,
12.2981,20.6687,15.1927,
12.2981,20.8391,15.1927,
12.2981,20.5841,15.1332,
12.2981,14.6657,15.0739,
12.2981,16.1166,15.0149,
12.2981,16.438,14.9561,
12.2981,16.2444,14.8975,
12.3463,16.2444,14.8975,
12.3463,16.5032,14.8975,
12.3463,16.1166,14.8392,
12.3463,16.3086,14.7811,
12.4434,16.1804,14.8392,
12.5412,15.3728,15.0739,
12.6893,14.5512,15.3126,
12.8391,14.7233,15.6166,
12.9906,17.3075,16.3086,
13.1439,16.2444,16.5686,
13.2471,20.6687,16.7003,
13.3511,20.4163,17.0346,
13.4034,19.6013,23.2205,
13.4559,18.2293,17.5154,
13.5086,14.7233,21.1851,
13.5615,14.6657,19.0538,
13.668,13.5086,18.2293,
13.668,15.3126,22.5473,
13.668,14.2133,18.7491,
13.7216,18.3761,21.7174,
13.7216,18.45,21.2727,
13.668,16.1166,21.6275,
13.668,15.3126,21.3607,
13.668,15.1927,21.3607,
13.668,14.7811,20.1676,
13.668,14.6084,20.7537,
13.6147,13.1954,22.3595,
13.5615,19.0538,20.4163,
13.5615,18.5988,20.4163,
13.5615,18.45,24.1241,
13.5086,15.9271,23.3188,
13.5086,15.9271,22.0814,
13.5086,16.1804,19.2862,
13.4559,14.4377,23.2205,
13.4559,14.9561,18.2293,
13.4034,14.7233,18.1565,
13.4034,14.3812,18.0839,
13.4034,14.6657,17.9399,
13.4034,15.9271,17.8683,
13.3511,15.3126,17.7971,
13.3511,15.3126,17.7971,
13.3511,15.2525,17.7971,
13.299,15.1927,17.7262,
13.299,15.1927,17.7971,
