14.4943,20.1676,24.1241,
14.4377,18.0839,23.818,
14.4377,19.2862,24.0215,
14.4377,21.0979,23.818,
14.3812,21.0112,24.331,
14.4377,21.2727,24.4353,
14.4943,21.6275,24.1241,
14.4377,21.8077,24.2273,
14.4943,21.8077,24.4353,
14.4943,21.8077,22.9289,
14.4943,21.7174,24.0215,
13.1439,20.1676,21.0112,
12.9906,19.8416,18.5988,
12.7889,19.681,17.8683,
12.7889,19.6013,17.2388,
12.7889,19.9225,17.3765,
12.739,20.6687,20.7537,
12.739,20.6687,20.5,
12.739,20.4163,17.3765,
12.739,17.7262,21.4492,
13.4559,18.45,20.8391,
12.7889,17.9399,19.6013,
14.1025,19.6013,20.0038,
13.9926,19.443,25.2911,
13.5086,18.3761,17.7971,
14.5512,15.1927,18.7491,
14.5512,17.3075,24.8584,
14.4377,14.3812,21.3607,
14.6084,9.9369,23.5168,
14.9561,16.5686,16.0532,
15.1332,22.642,15.74,
14.8392,16.1166,14.9561,
14.7811,17.5154,14.5512,
15.0149,18.1565,15.1332,
15.0149,16.1166,16.1804,
14.8975,19.443,14.5512,
14.7811,16.7666,14.2133,
14.2133,17.9399,16.7666,
14.3251,16.3086,14.4377,
14.2133,17.1705,17.2388,
14.1578,17.4458,17.3765,
14.1025,19.8416,17.7262,
14.1025,20.0038,17.7971,
14.1578,17.3075,16.6343,
14.1578,21.7174,19.8416,
14.1578,19.2084,16.1804,
14.2133,16.9,16.6343,
14.1025,20.5841,17.3075,
13.9926,15.8645,17.8683,
14.0474,19.443,24.4353,
14.0474,20.333,18.5242,
14.1025,23.4175,21.7174,
14.1025,23.0256,21.4492,
14.1025,22.8328,21.8077,
14.1025,23.1228,21.3607,
14.1025,22.8328,20.7537,
14.1025,22.0814,20.6687,
13.9926,17.4458,23.7171,
14.0474,18.5988,21.4492,
14.0474,18.5988,20.1676,
14.0474,18.3026,19.8416,
14.0474,18.3026,19.7611,
13.9926,15.3728,19.5219,
13.9926,17.3765,19.8416,
14.0474,17.7262,19.8416,
14.1025,18.5988,20.1676,
14.2133,18.3026,20.5,
14.2691,17.0346,21.0112,
14.2691,16.9672,22.2663,
14.2691,17.7971,20.6687,
14.2691,16.3732,22.3595,
14.2691,15.9271,26.7676,
14.4377,14.4943,21.0112,
14.4377,14.2133,23.7171,
15.0739,27.366,25.0735,
15.1332,27.0048,24.1241,
15.3126,22.2663,36.9756,
15.3126,16.2444,23.6167,
15.3126,16.5032,27.6104,
15.2525,19.7611,24.7517,
15.3728,18.3761,23.7171,
15.1927,18.5988,23.4175,
15.1927,17.1705,23.4175,
15.1927,16.3732,23.4175,
15.1927,23.3188,23.3188,
15.1332,24.0215,23.2205,
15.1927,20.333,23.2205,
14.8975,14.8392,22.642,
14.8975,20.6687,22.3595,
14.8975,18.3761,22.3595,
14.7811,14.0474,22.1736,
14.7811,14.0474,21.9897,
14.7811,14.2133,21.8984,
14.8392,16.9672,22.0814,
14.8975,17.2388,22.0814,
14.8975,17.3765,22.0814,
14.8392,16.2444,21.9897,
14.8392,16.9672,21.8984,
