12.6893,17.4458,15.6166,
12.6397,17.5854,15.6166,
12.6397,17.7971,15.6781,
12.6397,19.0538,15.6166,
12.6397,17.5154,15.6166,
12.6397,17.7262,15.5552,
12.6397,17.3765,15.6166,
12.6397,16.9,15.6166,
12.6397,16.3086,15.5552,
12.5904,18.45,15.5552,
12.5904,18.3026,15.5552,
12.5904,18.3761,15.5552,
12.5904,18.5242,15.5552,
12.5904,17.9399,15.5552,
12.5904,17.9399,15.5552,
12.5904,22.0814,15.6166,
12.6397,20.6687,15.5552,
12.5904,20.5841,15.5552,
12.6397,20.0855,15.5552,
12.6397,18.3761,15.5552,
12.6893,18.45,15.5552,
12.6893,17.6556,14.8975,
12.6893,19.681,15.6166,
12.6397,16.9,18.6738,
12.6397,14.6657,16.7666,
12.5904,17.3075,14.3812,
12.5904,17.2388,13.7216,
12.5412,14.4377,17.2388,
12.4922,14.7233,19.443,
12.4434,14.2133,17.9399,
12.4434,11.779,12.4922,
12.3948,12.8894,11.4595,
12.3463,11.8253,11.325,
12.3463,10.5899,12.1069,
12.2981,12.0595,11.4145,
12.2981,11.192,11.6411,
12.25,10.1775,11.55,
12.25,12.5412,11.4145,
12.2021,11.8253,11.4145,
12.2021,11.6411,11.325,
12.2021,11.8718,11.6869,
12.1544,13.6147,10.8443,
12.1544,14.3812,11.6869,
12.1544,14.9561,11.6411,
12.1544,12.8391,11.8718,
12.1544,16.3732,12.1544,
12.1544,17.5154,12.9399,
12.1544,18.0117,13.6147,
12.1544,18.45,14.2133,
12.2021,17.3765,14.4943,
12.2021,18.45,14.8975,
12.25,18.2293,15.3126,
12.25,17.6556,15.6166,
12.2981,18.3761,15.74,
12.2981,14.4377,15.8021,
12.2981,18.5242,15.8021,
12.3463,18.5988,15.8645,
12.3463,18.5988,15.9271,
12.3463,18.7491,15.8645,
12.2981,16.7666,15.9271,
12.2981,16.7003,15.8645,
12.2981,16.7003,15.8021,
12.3463,17.0346,15.74,
12.3463,16.9,15.74,
12.2981,17.0346,15.6781,
12.2981,16.9672,15.6166,
12.2981,17.0346,15.5552,
12.2981,16.9672,15.4942,
12.3463,16.8331,15.4334,
12.3463,16.8331,15.3728,
12.3948,16.8331,15.4334,
12.4434,16.9672,15.4334,
12.4434,17.1024,15.4334,
12.5412,17.1024,15.4942,
12.5904,15.8021,15.6781,
12.7889,15.8645,16.0532,
12.8894,16.1804,16.438,
12.9399,15.3126,17.1024,
12.9906,15.6781,17.4458,
13.0926,16.0532,17.5854,
13.1439,17.2388,17.8683,
13.2471,18.3761,21.3607,
13.1954,14.8975,22.3595,
13.299,16.7003,18.5988,
13.4034,16.3732,18.7491,
13.4559,15.3728,18.6738,
13.5086,14.2691,20.1676,
13.5615,13.1954,19.0538,
13.6147,13.8835,19.2084,
13.668,15.0149,19.3644,
13.7753,14.4943,21.0112,
13.8835,15.3728,19.6013,
13.9379,15.4334,22.2663,
13.9379,17.5854,20.0038,
13.9379,17.5854,20.333,
13.9379,17.9399,19.443,
13.8835,17.7262,20.0038,
13.8835,15.2525,19.3644,
13.9379,15.2525,21.5381,
13.9379,15.1927,21.8984,
13.9379,14.9561,22.8328,
13.9379,14.5512,24.2273,
13.8835,14.2691,19.3644,
13.8835,14.9561,19.3644,
13.8835,17.6556,21.1851,
13.8293,17.5854,20.5841,
13.8293,17.2388,19.443,
13.7753,16.9,19.7611,
13.7753,16.5032,20.5841,
13.7753,14.4377,20.2501,
13.7216,14.2133,20.0855,
13.7216,12.9906,19.0538,
13.7216,12.1069,18.9771,
