14.7233,24.2273,18.9007,
14.6657,24.331,18.8247,
14.6657,24.1241,18.8247,
14.7233,24.331,18.8247,
14.7233,24.1241,18.9007,
14.7233,24.1241,18.9007,
14.7233,23.5168,18.8247,
14.7233,23.3188,18.7491,
14.6657,23.5168,18.8247,
14.6657,23.7171,18.8247,
14.7233,23.7171,18.7491,
14.7233,23.5168,18.8247,
14.7233,23.6167,18.7491,
14.6657,23.5168,18.6738,
14.6657,23.4175,18.7491,
14.6084,21.4492,18.6738,
14.6657,21.9897,18.5988,
14.6657,23.2205,18.45,
14.7811,23.6167,18.3026,
14.3251,23.0256,17.7262,
17.8683,21.4492,24.8584,
19.3644,23.6167,26.3014,
13.9926,13.6147,15.6781,
15.99,21.7174,17.1024,
13.7216,16.8331,15.6166,
16.6343,14.2133,16.5686,
14.7811,13.4034,14.6657,
15.6781,15.8645,15.4334,
17.7262,21.8077,16.9672,
14.9561,18.0117,14.2691,
14.6657,17.3765,13.9379,
15.1927,17.7262,14.4943,
14.5512,17.1024,13.9379,
14.4377,16.9672,14.1025,
13.2471,16.438,13.2471,
13.668,17.8683,14.0474,
13.299,16.5686,13.9926,
14.7233,19.0538,15.9271,
14.9561,21.0979,16.7666,
15.0149,19.2862,17.5854,
15.5552,15.99,18.9771,
14.7233,20.0855,18.5242,
15.1927,17.0346,19.2862,
14.6084,16.7666,19.1309,
14.1578,18.7491,19.2862,
13.4034,14.2691,19.443,
13.4034,17.4458,18.3026,
13.5615,18.0839,18.3026,
13.9379,16.7666,18.9007,
15.4334,21.6275,20.5841,
15.3728,21.8077,20.4163,
15.5552,22.2663,20.5,
15.3728,18.5988,20.1676,
15.4334,18.1565,20.2501,
14.3812,16.9672,18.9007,
13.5615,16.0532,17.9399,
12.2981,15.3126,16.5032,
14.4377,17.5854,19.0538,
14.4377,17.5854,19.2084,
14.4377,18.3761,19.2862,
14.3251,19.443,19.2084,
13.668,15.9271,18.5242,
13.5086,18.5988,18.45,
16.5032,20.2501,21.9897,
15.2525,18.5242,21.3607,
14.5512,15.2525,28.4893,
17.6556,22.2663,24.9657,
15.4334,20.333,22.9289,
13.8835,16.0532,26.3014,
13.9926,15.6781,20.7537,
16.0532,17.9399,27.7337,
14.2691,13.8293,25.6221,
16.6343,17.6556,25.4008,
14.4377,16.1804,25.2911,
14.8392,17.8683,25.4008,
16.7666,17.9399,28.618,
14.1578,14.6084,24.5402,
14.0474,15.3728,25.182,
14.1578,15.6166,22.4531,
14.1025,15.2525,28.618,
14.0474,15.4942,24.5402,
13.8835,14.6084,23.9195,
13.8293,13.6147,22.1736,
13.9379,13.668,26.3014,
13.9379,15.0739,25.2911,
13.9926,16.438,27.1245,
14.2133,16.3086,21.6275,
14.4377,16.438,25.6221,
14.6084,16.6343,28.4893,
14.2133,16.2444,27.0048,
