12.6893,21.7174,14.1025,
12.6893,19.8416,14.2133,
12.6893,20.0038,14.2691,
12.6893,19.8416,14.3251,
12.6893,19.9225,14.3251,
12.6893,19.8416,14.3251,
12.6893,19.681,14.3251,
12.6893,19.1309,14.3251,
12.6893,23.0256,14.3251,
12.6893,23.1228,14.3251,
12.6893,23.2205,14.3251,
12.6397,23.2205,14.3251,
12.6893,23.2205,14.3251,
12.6397,23.1228,14.3251,
12.6397,23.4175,14.3251,
12.6397,23.3188,14.3251,
12.6397,23.2205,14.2691,
12.6893,23.2205,14.2691,
12.6893,23.2205,14.2691,
12.6893,23.0256,14.2133,
12.6893,21.9897,14.1578,
12.6893,21.2727,13.9926,
12.6397,21.8984,14.1578,
12.6397,18.0839,13.9926,
12.5904,19.7611,12.8391,
12.5412,15.8645,14.2691,
12.4922,17.5154,13.1439,
12.4434,15.5552,12.2981,
12.4434,14.9561,11.9653,
12.3948,13.8293,12.0595,
12.4434,12.7889,11.6411,
12.3948,11.6411,11.55,
12.3948,11.5954,11.5046,
12.3463,10.8872,11.5046,
12.3463,11.5954,11.5046,
12.3463,11.2362,11.5954,
12.2981,12.6397,11.9653,
12.25,14.2133,12.25,
12.0595,13.9379,12.2021,
12.25,14.2691,12.8894,
12.25,15.4942,14.3251,
12.25,14.3812,14.1578,
12.25,15.2525,14.7811,
12.25,15.6781,15.5552,
12.2981,15.8645,15.9271,
12.2981,15.1332,14.3251,
12.2981,22.7371,14.6657,
12.3948,22.642,14.8392,
12.4434,22.5473,14.8392,
12.4434,19.681,14.6657,
12.4434,17.5154,13.668,
12.4434,15.8645,14.4943,
12.4922,16.7666,14.3812,
12.4922,16.7666,14.1578,
12.4922,16.7003,13.9379,
12.4922,16.5032,13.668,
12.4922,16.8331,13.5615,
12.4922,17.2388,13.3511,
12.3463,16.7666,13.1439,
12.6397,17.1024,13.4034,
12.739,16.9672,13.5086,
12.8391,16.5032,13.8293,
12.8894,16.6343,14.1025,
13.0926,21.8077,14.4377,
13.2471,21.9897,14.7811,
13.4559,22.7371,15.1332,
13.7216,19.443,17.9399,
13.9926,18.0839,16.438,
14.3251,15.5552,15.9271,
14.4943,16.5032,18.6738,
14.5512,16.8331,16.5686,
14.5512,15.6166,17.3765,
14.6084,16.5032,18.5988,
14.5512,14.8975,18.6738,
14.4377,14.2691,17.4458,
14.3812,13.2471,17.4458,
14.3251,14.7811,19.0538,
14.2133,14.3812,17.5854,
14.1578,13.5086,17.5854,
14.1025,14.1025,17.4458,
14.1025,12.4434,17.4458,
14.0474,11.8718,17.4458,
14.0474,12.4434,17.3075,
14.0474,12.25,17.3075,
13.9926,12.3463,20.5,
13.9379,12.6397,19.5219,
13.9379,12.5904,17.7262,
13.9379,12.6397,17.5854,
13.8835,12.5904,18.45,
13.8835,12.1544,19.6013,
13.8835,12.1069,19.443,
13.8835,13.2471,18.0839,
13.8293,12.8391,19.8416,
13.7753,12.8391,20.4163,
13.8293,12.1069,20.1676,
13.7753,11.9653,20.333,
