12.5904,15.2525,16.6343,
12.5904,14.9561,16.6343,
12.5904,15.0739,16.6343,
12.5904,14.5512,16.6343,
12.5904,14.4943,16.6343,
12.5412,14.4377,16.6343,
12.5904,15.5552,16.6343,
12.5412,15.6166,16.5686,
12.5412,16.0532,16.5686,
12.5412,17.2388,16.5686,
12.5412,16.9672,16.5686,
12.5412,16.7003,16.5686,
12.5412,15.99,16.438,
12.5412,15.6166,16.3086,
12.5412,16.0532,20.0038,
12.5904,15.4942,19.9225,
12.5412,15.3728,22.0814,
12.5904,15.1927,16.3086,
12.5412,13.0926,22.2663,
12.5412,16.3732,16.0532,
12.5412,14.6657,15.0149,
12.5412,16.1166,18.5988,
12.4922,16.9,19.5219,
12.5412,15.0149,19.8416,
12.4922,13.1954,12.8391,
12.4434,15.1332,12.25,
12.4434,14.7233,11.9653,
12.3948,11.5954,11.7329,
12.3948,14.7233,11.6869,
12.3463,14.4377,11.6411,
12.3463,13.9379,11.6411,
12.2981,14.4943,11.779,
12.2981,14.8975,11.9653,
12.25,15.1927,12.2981,
12.25,15.3728,12.5904,
12.25,14.1025,12.8391,
12.25,18.5242,17.3765,
12.25,18.5242,14.3251,
12.25,19.2084,15.5552,
12.25,17.5854,15.3728,
12.25,16.7003,15.74,
12.25,15.8021,16.0532,
12.3463,14.7233,16.3732,
12.3463,17.1705,17.7262,
12.3463,17.2388,16.8331,
12.3463,17.1024,16.7666,
12.3463,18.45,16.8331,
12.3463,18.5988,16.9672,
12.3948,18.3761,16.7666,
12.3948,18.1565,16.7003,
12.3948,17.9399,16.7003,
12.3948,17.8683,16.5686,
12.3948,17.7262,16.5032,
12.3948,17.5154,16.5032,
12.3948,17.4458,16.438,
12.3463,17.2388,16.3086,
12.3463,17.1024,16.438,
12.6397,17.7262,16.7666,
12.6893,18.0839,17.1024,
12.739,16.7666,17.4458,
12.8391,13.1439,17.7262,
12.9399,17.1705,22.1736,
12.9399,16.7003,18.6738,
12.9906,13.6147,19.3644,
13.0926,15.8645,24.6457,
13.1439,13.5086,19.7611,
13.1954,13.4559,20.333,
13.3511,19.6013,23.7171,
13.4034,18.45,22.0814,
13.5086,18.7491,27.366,
13.6147,18.5988,23.7171,
13.6147,17.9399,26.3014,
13.668,16.8331,23.4175,
13.7216,19.1309,22.4531,
13.7216,17.7262,25.182,
13.7216,14.8975,26.65,
13.7753,17.2388,20.8391,
13.7753,16.5686,26.7676,
13.7753,16.3732,25.182,
13.7216,15.6781,20.333,
13.7216,16.3086,24.2273,
13.7216,15.99,22.7371,
13.7216,17.3765,21.2727,
13.668,16.8331,20.2501,
13.668,16.9672,19.9225,
13.668,17.0346,19.9225,
13.668,17.0346,19.9225,
13.6147,17.0346,22.642,
13.6147,16.8331,25.2911,
13.6147,16.9,20.1676,
