15.8645,17.3765,18.2293,
15.8021,16.7666,18.3026,
15.8021,19.2084,18.7491,
15.8645,18.3761,18.9007,
15.8645,18.6738,19.0538,
15.8021,16.2444,19.1309,
15.8021,16.3732,18.9771,
15.74,16.5686,18.7491,
15.74,16.5032,18.5242,
15.6781,16.438,18.6738,
15.74,15.99,18.6738,
15.74,16.2444,18.5988,
15.8021,16.2444,18.5988,
15.8645,15.1332,18.0839,
15.8645,15.0149,19.8416,
16.2444,17.9399,18.7491,
16.9,19.2862,19.681,
16.2444,18.7491,18.5988,
15.8645,18.6738,27.1245,
15.9271,18.3026,24.6457,
16.0532,17.6556,20.9249,
15.6781,17.5154,19.8416,
15.8021,16.7003,21.3607,
15.99,17.5854,18.6738,
15.6166,16.8331,18.8247,
16.1166,15.5552,17.1024,
15.8021,13.3511,17.3765,
17.1024,14.7811,14.6084,
13.8835,12.9906,12.9906,
14.4943,14.7811,11.9185,
15.1332,14.7811,12.8894,
14.7811,12.6893,13.2471,
15.4334,14.4377,15.2525,
14.7233,13.6147,16.9672,
14.8392,12.2981,18.3761,
13.9379,14.2133,18.1565,
14.3812,15.9271,14.1025,
14.4943,16.0532,13.7753,
15.3728,17.0346,13.7216,
15.0739,17.2388,14.1578,
14.4943,16.9672,16.9,
15.3728,17.7262,14.7233,
14.7233,17.5154,17.5854,
14.7233,17.7971,22.2663,
14.7233,17.7262,21.0112,
16.1166,19.0538,19.9225,
15.99,16.2444,18.9771,
16.0532,17.4458,19.0538,
16.2444,19.9225,16.1804,
15.6781,19.5219,16.2444,
15.5552,20.2501,17.2388,
16.3086,17.5154,22.2663,
16.0532,20.2501,17.9399,
14.7233,18.3026,16.7003,
15.3126,16.2444,18.8247,
15.3126,17.3075,19.5219,
14.8975,15.6166,19.2862,
15.0739,23.4175,20.0038,
15.0739,23.6167,19.6013,
15.0149,23.2205,19.2862,
15.0739,23.4175,19.2862,
15.5552,23.6167,20.9249,
14.5512,22.0814,18.3761,
15.4334,23.3188,19.2862,
13.9926,21.4492,17.5854,
14.6657,22.1736,18.3026,
14.5512,22.1736,18.2293,
15.1332,22.8328,19.0538,
14.8392,22.5473,18.9771,
15.6781,23.7171,20.1676,
16.1166,24.2273,20.7537,
15.8021,23.6167,20.7537,
15.2525,23.0256,20.5,
15.3126,23.0256,20.8391,
15.4942,23.1228,20.8391,
15.0149,21.2727,20.5841,
15.9271,19.2862,21.8984,
12.7889,17.8683,20.0855,
17.4458,22.8328,25.0735,
16.0532,18.8247,23.6167,
14.6657,15.8645,26.1865,
16.2444,17.6556,24.9657,
14.1025,15.9271,34.5047,
15.6781,17.4458,26.3014,
15.2525,16.9672,27.0048,
14.8392,14.6657,26.1865,
14.8975,14.7233,30.7898,
15.0739,15.0739,23.6167,
15.2525,14.1578,27.1245,
15.74,14.3812,25.7337,
15.9271,14.4377,27.1245,
16.0532,18.7491,29.4069,
16.1804,19.8416,21.2727,
16.5032,19.7611,16.9672,
16.6343,19.5219,16.9,
16.9,19.9225,17.4458,
17.1705,20.1676,17.6556,
17.3075,19.8416,21.6275,
17.2388,19.3644,25.6221,
17.6556,19.1309,26.3014,
17.5154,18.0117,19.5219,
17.5154,16.1166,18.9007,
17.6556,16.3086,20.4163,
14.1025,12.9906,21.3607,
13.7216,15.0739,16.6343,
13.7216,12.0123,15.99,
