512,352,411,
512,351,411,
512,352,411,
513,353,411,
513,352,411,
513,353,411,
513,352,411,
513,352,412,
513,352,411,
513,352,412,
513,352,412,
513,353,412,
513,353,412,
512,354,412,
508,354,412,
501,353,411,
486,352,412,
465,353,413,
443,353,412,
423,353,411,
403,352,412,
389,352,411,
377,352,411,
367,353,411,
360,354,411,
356,352,412,
364,350,410,
360,351,411,
366,351,410,
342,352,410,
361,352,410,
369,351,411,
357,351,411,
335,351,412,
338,351,412,
337,351,411,
337,351,411,
339,350,411,
343,352,413,
347,352,413,
352,352,413,
358,352,413,
363,353,415,
371,353,414,
379,352,415,
389,353,414,
399,353,415,
410,353,414,
420,352,414,
431,354,414,
442,353,415,
450,353,415,
459,353,414,
466,353,415,
472,353,414,
477,354,415,
482,354,415,
486,354,414,
489,353,415,
493,353,415,
496,354,415,
498,354,414,
500,352,415,
502,353,414,
504,352,415,
505,352,413,
507,353,413,
508,352,414,
509,353,415,
510,353,415,
510,353,415,
511,354,415,
511,354,414,
512,354,414,
512,354,415,
513,354,416,
513,354,415,
513,353,416,
514,354,415,
