511,364,429,
511,364,429,
511,364,430,
511,364,429,
512,363,430,
512,364,429,
512,364,429,
512,364,429,
512,363,430,
512,365,429,
512,363,429,
512,365,429,
511,364,429,
510,365,429,
507,365,429,
502,364,430,
491,364,430,
471,365,430,
454,365,430,
438,365,429,
423,364,427,
411,364,426,
399,364,427,
389,363,426,
381,364,424,
373,363,425,
367,363,423,
362,362,426,
358,362,426,
356,360,426,
354,360,424,
349,360,424,
346,359,421,
342,360,426,
342,361,426,
341,359,426,
341,358,426,
343,359,428,
343,359,427,
343,359,428,
344,360,428,
347,360,427,
346,359,428,
348,360,428,
351,361,428,
354,361,428,
358,362,429,
361,361,428,
365,362,429,
371,362,429,
376,362,429,
384,362,429,
396,362,428,
404,363,429,
414,363,428,
422,363,428,
433,363,428,
442,363,426,
447,363,426,
451,364,420,
457,363,423,
462,364,425,
467,363,425,
472,364,427,
477,363,428,
481,362,427,
486,363,427,
488,363,427,
493,363,426,
494,363,426,
497,364,428,
498,363,428,
500,362,427,
502,365,427,
503,362,427,
505,362,426,
505,363,426,
