480,342,402,
479,341,401,
480,340,402,
481,343,403,
481,341,403,
482,342,404,
484,343,405,
484,345,405,
484,344,405,
485,345,404,
483,343,404,
481,342,402,
481,342,402,
480,341,402,
478,341,401,
478,340,401,
476,340,402,
473,340,401,
468,340,400,
458,337,398,
443,338,399,
430,338,399,
423,339,401,
407,338,401,
396,338,401,
387,339,400,
379,338,397,
371,339,405,
367,342,394,
368,348,420,
365,350,440,
360,351,444,
352,345,426,
344,339,408,
342,339,393,
342,342,411,
344,344,415,
342,347,403,
329,334,398,
325,333,411,
339,350,431,
342,353,435,
343,354,437,
343,354,439,
344,353,437,
345,354,438,
346,354,439,
346,355,439,
348,355,439,
350,356,439,
353,357,440,
357,356,439,
360,357,440,
366,358,440,
368,359,440,
374,358,439,
380,358,439,
391,358,439,
400,358,439,
409,357,440,
418,359,441,
429,358,440,
438,358,439,
445,359,428,
453,358,438,
461,360,437,
468,359,437,
473,359,435,
477,358,410,
481,358,421,
484,358,427,
487,357,429,
489,358,433,
491,358,429,
493,358,432,
494,358,435,
496,359,431,
497,359,434,
498,359,433,
498,359,434,
499,359,434,
499,357,433,
500,359,432,
500,358,433,
501,359,433,
501,358,433,
501,359,433,
501,358,434,
