512,353,417,
510,352,415,
511,352,417,
511,353,416,
511,352,416,
512,353,417,
512,354,417,
513,355,418,
514,356,419,
514,354,419,
513,355,419,
512,354,419,
508,355,419,
503,355,419,
493,356,419,
475,356,420,
458,356,420,
445,355,421,
430,355,420,
417,355,419,
404,355,420,
390,354,420,
379,354,418,
370,354,419,
363,351,418,
359,351,418,
354,349,418,
350,349,417,
347,349,416,
342,347,416,
337,346,412,
328,341,406,
327,339,406,
331,341,411,
330,341,410,
334,343,409,
338,346,413,
341,348,413,
349,349,416,
352,349,416,
358,350,416,
367,351,417,
375,351,417,
386,353,417,
395,352,416,
407,351,416,
417,352,415,
429,352,417,
439,353,417,
446,352,417,
455,352,418,
462,353,419,
469,353,418,
475,353,416,
480,353,416,
484,353,414,
487,353,413,
487,350,415,
489,350,405,
484,346,394,
475,337,399,
491,349,412,
498,353,418,
500,353,418,
501,353,419,
502,352,418,
502,354,419,
503,353,418,
503,354,418,
