497,346,406,
498,346,405,
497,344,406,
498,346,405,
498,347,406,
498,346,406,
498,346,406,
497,347,407,
496,347,408,
495,347,407,
492,347,408,
483,347,409,
462,346,408,
440,346,408,
423,346,408,
408,346,408,
395,344,408,
381,344,407,
371,345,408,
362,345,407,
356,343,407,
350,343,408,
345,341,401,
340,341,405,
336,342,408,
335,341,395,
336,344,407,
336,348,408,
327,339,394,
327,338,394,
324,337,392,
324,337,396,
322,336,401,
324,336,403,
327,337,403,
328,338,405,
332,339,405,
338,340,405,
339,341,405,
346,341,406,
353,342,407,
361,342,407,
372,344,405,
384,342,406,
400,342,406,
416,343,407,
428,343,408,
440,342,409,
451,343,407,
459,343,397,
464,344,409,
468,343,408,
471,343,406,
474,343,406,
475,341,405,
478,342,406,
480,342,405,
481,340,406,
482,342,405,
484,341,403,
485,343,403,
487,342,406,
487,344,408,
488,342,408,
488,344,407,
489,343,408,
490,344,409,
490,344,409,
490,344,409,
