507,363,432,
508,362,432,
508,362,432,
508,362,431,
508,362,432,
508,361,431,
508,362,430,
508,362,430,
508,361,430,
508,362,430,
508,362,429,
508,362,429,
508,362,430,
508,362,429,
506,362,430,
501,362,429,
488,361,428,
468,361,427,
451,361,428,
437,360,427,
424,360,433,
412,361,431,
402,360,424,
390,361,434,
381,361,430,
374,362,415,
368,362,413,
364,360,427,
358,359,429,
356,358,428,
355,358,428,
351,359,415,
350,358,427,
347,357,422,
345,359,424,
345,357,418,
342,358,428,
342,358,429,
343,358,428,
343,358,428,
343,359,429,
343,358,430,
345,357,430,
347,359,430,
349,359,430,
350,361,431,
354,361,431,
359,361,432,
361,361,433,
364,360,432,
371,361,432,
375,360,433,
382,360,432,
393,361,433,
404,362,432,
413,362,431,
422,361,411,
432,362,431,
439,363,430,
447,362,431,
452,362,431,
459,362,430,
466,363,429,
471,361,429,
476,362,431,
481,363,431,
485,362,431,
489,363,431,
492,362,431,
494,362,431,
496,362,430,
497,363,431,
499,363,429,
500,362,431,
502,362,430,
504,361,430,
504,363,429,
505,363,430,
505,363,428,
506,362,428,
506,363,429,
507,362,430,
507,364,431,
507,363,430,
508,362,430,
508,363,431,
508,363,430,
