516,337,406,
516,337,407,
516,338,405,
517,337,407,
517,336,409,
517,337,407,
517,334,408,
517,333,408,
516,332,408,
515,332,409,
512,333,408,
504,332,407,
484,333,408,
461,332,411,
443,333,414,
430,332,415,
418,332,416,
407,334,420,
400,332,424,
393,332,427,
384,330,428,
379,330,418,
375,332,410,
368,332,420,
363,332,415,
360,330,419,
359,330,419,
355,331,417,
351,331,417,
351,329,413,
344,330,412,
341,329,414,
339,329,414,
338,329,414,
338,328,415,
338,328,416,
339,331,415,
341,328,416,
343,330,416,
345,329,416,
350,329,417,
354,332,416,
362,331,416,
370,329,417,
380,332,419,
393,329,433,
406,331,431,
418,330,430,
431,331,423,
442,329,425,
451,330,429,
460,331,425,
468,329,430,
474,329,424,
480,330,418,
484,330,418,
488,331,416,
491,330,416,
493,330,418,
495,332,419,
497,330,439,
499,330,445,
500,332,419,
501,332,421,
502,332,422,
503,332,420,
503,333,419,
504,331,417,
505,331,418,
