504,351,415,
504,352,415,
504,351,415,
504,352,415,
505,352,416,
505,351,416,
505,352,416,
505,352,416,
504,352,415,
501,351,414,
498,351,414,
491,352,414,
473,351,415,
451,348,413,
436,349,412,
424,348,413,
413,350,413,
400,349,413,
387,350,413,
377,349,412,
367,348,412,
362,348,413,
355,347,413,
350,347,413,
350,349,416,
345,349,415,
341,349,403,
339,345,412,
334,343,411,
325,335,400,
325,337,398,
326,337,401,
326,338,395,
325,335,398,
325,334,397,
324,332,395,
325,331,395,
327,332,395,
330,334,396,
334,333,396,
342,336,401,
347,337,403,
353,338,403,
362,336,402,
370,336,400,
381,336,400,
388,335,399,
399,336,395,
407,336,394,
415,335,396,
421,335,396,
429,336,398,
435,335,396,
442,335,389,
448,334,396,
452,334,397,
456,335,396,
459,334,396,
466,336,399,
470,338,400,
473,339,400,
475,339,402,
476,339,401,
479,340,399,
481,341,400,
483,341,400,
484,339,398,
485,340,399,
485,340,399,
486,341,399,
487,340,403,
488,341,405,
488,341,404,
489,341,405,
489,342,404,
490,341,404,
490,341,405,
491,342,404,
