515,355,398,
515,355,397,
515,353,401,
515,353,401,
515,354,397,
515,354,395,
515,352,396,
515,355,396,
516,355,398,
516,355,399,
516,355,399,
515,355,400,
515,355,401,
514,355,402,
512,354,401,
507,353,402,
493,355,405,
471,354,405,
446,353,405,
424,353,407,
405,352,395,
394,352,404,
382,352,405,
373,352,407,
364,352,404,
357,352,401,
390,351,398,
348,351,398,
349,350,399,
340,350,398,
339,348,401,
337,349,402,
336,348,405,
340,348,404,
340,348,404,
342,349,404,
347,350,404,
349,350,405,
356,351,404,
364,350,405,
377,350,407,
391,351,407,
407,351,407,
422,352,407,
443,351,405,
440,351,402,
460,350,402,
467,352,403,
475,351,403,
479,352,404,
484,352,404,
488,353,403,
492,352,406,
495,352,404,
496,352,404,
498,353,405,
500,353,402,
502,352,404,
505,353,404,
508,353,403,
505,352,404,
509,352,403,
513,353,403,
513,353,404,
511,353,404,
511,353,403,
511,352,404,
