511,363,418,
511,363,417,
511,363,418,
511,364,423,
511,363,426,
512,364,428,
511,364,428,
512,364,429,
511,362,429,
511,364,429,
511,363,429,
510,365,429,
508,364,430,
504,364,430,
497,363,430,
485,364,429,
470,364,430,
451,364,428,
436,365,431,
422,363,425,
413,363,415,
401,363,425,
391,363,428,
381,362,427,
375,362,428,
369,361,428,
363,359,428,
359,358,427,
356,359,423,
354,357,427,
351,357,428,
348,356,426,
344,357,426,
344,357,424,
343,357,419,
343,357,425,
341,356,423,
342,356,423,
341,357,425,
343,357,427,
345,358,427,
345,358,427,
347,358,427,
348,359,427,
351,359,429,
354,359,431,
358,359,430,
362,360,431,
367,360,429,
373,360,430,
379,359,432,
388,361,433,
396,361,433,
405,363,433,
413,361,432,
420,363,432,
430,362,432,
439,362,432,
446,362,431,
452,363,431,
459,361,431,
466,361,431,
472,363,431,
477,362,430,
482,362,430,
486,361,427,
489,362,431,
493,363,430,
495,362,431,
497,362,431,
499,363,430,
500,362,430,
502,363,430,
503,363,430,
503,362,429,
505,362,427,
505,362,427,
506,362,431,
506,362,430,
506,364,431,
507,363,430,
507,362,430,
507,363,430,
508,363,431,
508,363,430,
508,363,429,
