514,335,404,
514,335,404,
514,334,404,
514,335,404,
515,333,403,
515,335,404,
515,334,403,
515,336,404,
515,336,404,
515,336,403,
515,337,404,
515,337,404,
514,336,404,
513,335,406,
508,336,410,
497,335,411,
477,335,414,
455,338,415,
440,334,416,
425,332,417,
412,333,417,
403,335,414,
392,335,413,
382,335,416,
374,337,418,
369,335,419,
361,334,423,
356,335,433,
354,333,446,
351,335,443,
345,333,434,
341,333,418,
338,334,416,
336,336,415,
337,334,416,
336,334,417,
337,334,417,
339,334,417,
340,335,417,
342,334,416,
345,335,418,
347,336,417,
350,337,418,
356,334,418,
361,334,419,
366,335,418,
375,334,418,
384,335,416,
394,335,418,
404,335,417,
413,337,417,
423,337,417,
434,336,418,
443,336,417,
451,336,416,
457,335,416,
465,337,416,
471,335,416,
476,336,416,
481,335,417,
484,336,417,
488,336,417,
491,337,417,
494,336,418,
496,336,419,
498,336,419,
500,337,416,
501,336,420,
503,333,424,
504,335,426,
504,333,431,
505,334,429,
506,333,421,
507,334,419,
507,335,418,
508,335,417,
508,335,416,
509,335,415,
509,334,415,
509,336,415,
510,335,414,
510,336,414,
