515,351,388,
515,349,389,
515,350,390,
516,350,390,
515,351,391,
516,350,391,
516,351,392,
516,350,393,
516,349,394,
516,351,397,
515,350,392,
514,350,391,
511,349,391,
503,351,385,
483,348,381,
455,349,381,
429,349,383,
406,348,386,
387,349,390,
380,349,395,
363,348,379,
357,347,373,
352,345,374,
348,345,375,
345,347,381,
340,345,380,
338,346,403,
336,344,399,
336,344,391,
336,345,397,
336,345,395,
339,346,395,
341,346,395,
347,347,395,
352,348,391,
361,349,400,
372,348,397,
386,349,392,
406,348,395,
421,348,392,
434,349,392,
447,347,382,
456,349,383,
465,348,375,
471,348,374,
477,349,375,
481,351,372,
485,349,390,
489,350,390,
492,349,384,
495,349,388,
497,349,386,
499,347,398,
501,347,398,
502,348,396,
503,348,396,
504,348,402,
505,349,401,
506,349,400,
507,350,399,
508,350,397,
508,350,396,
508,350,390,
509,351,384,
