515,367,473,
516,367,470,
516,366,477,
516,367,466,
516,367,469,
516,366,469,
516,366,468,
516,367,472,
516,367,480,
516,367,474,
516,367,473,
516,367,475,
516,368,470,
515,368,473,
514,368,475,
512,367,440,
510,368,427,
507,369,434,
502,368,514,
492,368,497,
469,368,464,
450,368,473,
435,367,480,
423,367,506,
420,367,476,
394,366,472,
384,359,457,
375,368,463,
366,370,460,
359,368,458,
352,371,457,
348,375,449,
344,372,441,
341,372,435,
336,349,430,
335,370,421,
335,366,419,
334,367,425,
338,361,418,
338,367,420,
341,366,419,
343,367,419,
347,367,419,
353,368,419,
358,368,412,
365,368,417,
374,369,481,
385,367,482,
396,370,491,
405,371,506,
421,369,493,
431,370,496,
441,369,504,
451,368,516,
460,366,517,
469,366,522,
475,367,492,
481,366,453,
485,364,435,
488,367,447,
492,368,488,
494,365,486,
497,358,491,
499,359,477,
502,363,484,
505,363,516,
506,364,522,
508,365,508,
508,367,515,
509,367,507,
510,367,481,
511,367,485,
511,367,491,
511,368,516,
512,369,514,
512,368,521,
513,370,525,
513,369,516,
513,368,521,
