456,481,446,
456,481,447,
457,481,447,
457,481,446,
457,482,404,
457,482,387,
457,481,388,
457,482,402,
457,482,370,
457,482,395,
457,482,395,
457,481,400,
456,481,405,
456,480,443,
455,478,443,
455,472,443,
454,464,445,
453,460,444,
452,457,445,
452,451,447,
451,442,444,
450,432,440,
449,424,443,
448,416,430,
448,410,413,
448,402,392,
447,396,428,
446,393,438,
446,391,421,
446,388,438,
446,388,436,
446,388,419,
446,389,433,
447,390,438,
448,390,438,
448,391,438,
448,393,440,
449,395,440,
449,398,440,
449,400,440,
450,404,437,
450,409,433,
450,414,415,
450,419,381,
449,424,433,
450,430,444,
449,436,443,
450,441,440,
450,447,436,
450,454,444,
450,460,444,
450,465,445,
451,469,446,
451,474,425,
452,478,426,
453,481,433,
453,484,418,
454,485,450,
455,488,436,
455,489,449,
456,490,451,
457,490,453,
457,491,452,
458,491,453,
458,491,453,
458,491,453,
459,490,454,
460,490,454,
461,489,454,
462,486,454,
464,483,454,
467,479,455,
469,473,455,
471,463,456,
472,451,456,
475,440,457,
478,434,458,
482,425,458,
486,415,458,
490,408,458,
494,402,458,
497,397,457,
500,388,456,
503,387,452,
505,384,438,
507,383,446,
509,381,455,
510,379,450,
512,378,421,
514,378,451,
515,377,415,
516,376,401,
517,374,391,
517,372,467,
518,371,488,
519,369,465,
520,368,483,
520,366,457,
521,364,444,
522,361,451,
523,360,450,
523,359,453,
524,358,453,
525,357,455,
526,355,492,
526,355,474,
527,355,505,
528,355,456,
529,355,450,
530,356,443,
530,355,452,
531,357,452,
532,357,453,
533,357,454,
533,357,452,
534,358,451,
534,358,453,
535,358,453,
535,358,453,
535,359,452,
536,360,453,
536,360,452,
536,360,452,
536,359,452,
536,359,451,
536,360,451,
536,359,451,
536,359,450,
537,359,450,
537,360,450,
537,360,450,
538,360,450,
538,360,450,
538,361,450,
538,360,450,
538,361,451,
538,361,451,
538,363,450,
538,362,450,
538,362,450,
538,361,450,
538,362,450,
539,362,450,
539,362,450,
