471,496,429,
471,498,431,
471,501,431,
471,500,430,
471,504,429,
471,509,430,
471,510,429,
471,509,430,
471,512,430,
471,511,430,
471,510,430,
471,510,429,
471,509,429,
471,509,429,
471,509,429,
471,509,429,
471,507,430,
471,506,430,
472,500,430,
472,493,434,
471,493,431,
471,488,435,
470,478,435,
470,473,435,
470,465,432,
469,444,429,
468,420,435,
468,416,420,
467,408,438,
466,404,429,
466,401,431,
465,399,435,
465,397,438,
464,396,427,
464,394,408,
463,393,428,
462,392,440,
462,392,395,
462,392,413,
463,392,415,
463,392,407,
463,393,416,
464,394,412,
465,394,410,
466,396,407,
465,399,405,
466,400,407,
466,403,406,
466,407,418,
467,409,421,
466,414,428,
466,418,423,
466,422,436,
467,430,433,
466,435,436,
467,441,437,
467,447,436,
468,454,436,
468,460,437,
468,467,437,
468,473,434,
468,478,434,
468,481,434,
468,485,434,
468,487,431,
468,489,426,
468,490,434,
469,491,434,
469,492,434,
469,492,434,
469,493,434,
469,492,435,
470,492,434,
470,492,437,
471,490,437,
471,487,438,
472,480,438,
473,470,439,
474,463,439,
475,457,440,
477,448,441,
477,435,440,
478,420,441,
479,413,442,
480,406,441,
481,399,442,
483,394,442,
485,389,442,
487,388,440,
489,386,440,
491,385,443,
468,362,419,
469,361,420,
471,359,419,
472,358,419,
473,354,417,
475,355,418,
475,353,416,
474,351,413,
471,345,409,
464,338,401,
445,322,385,
466,335,402,
443,315,380,
464,326,403,
441,309,378,
446,310,394,
440,304,377,
512,351,434,
504,343,427,
466,314,437,
485,329,445,
466,318,409,
449,304,387,
464,313,389,
478,322,409,
456,309,383,
469,317,393,
463,313,396,
456,306,360,
449,302,373,
450,303,378,
484,324,407,
486,326,414,
488,328,422,
497,333,438,
499,334,444,
520,348,459,
525,351,446,
529,354,458,
530,355,458,
533,358,458,
534,358,457,
534,358,458,
534,358,461,
535,358,463,
535,359,461,
537,360,462,
537,360,462,
537,360,461,
537,361,458,
538,361,445,
538,362,444,
538,362,412,
538,362,424,
538,362,431,
538,362,447,
539,362,444,
539,363,446,
539,364,463,
539,364,456,
