421,449,421,
420,448,420,
420,448,421,
420,448,421,
420,448,421,
417,446,418,
419,447,419,
422,450,422,
422,450,422,
421,450,423,
424,451,424,
424,452,424,
424,451,425,
424,452,424,
425,451,425,
425,450,425,
424,447,426,
425,444,426,
425,437,426,
425,429,427,
426,415,427,
425,404,426,
425,394,426,
425,388,427,
427,384,428,
421,372,422,
414,367,419,
402,355,406,
415,363,419,
411,359,415,
408,358,366,
402,352,407,
403,354,406,
406,357,410,
409,357,412,
413,362,416,
412,361,416,
409,361,412,
410,363,412,
412,368,415,
411,371,415,
411,375,414,
413,378,415,
414,383,388,
412,384,396,
412,389,396,
408,387,410,
411,395,414,
403,394,406,
421,419,425,
416,422,420,
419,432,424,
425,443,428,
422,444,426,
421,445,423,
421,448,406,
425,453,394,
424,453,426,
425,456,426,
426,458,418,
426,459,428,
425,457,429,
426,458,428,
426,458,429,
426,456,429,
426,450,429,
429,444,429,
431,434,428,
431,424,428,
433,414,430,
434,400,430,
433,386,427,
436,379,428,
440,371,431,
443,364,432,
445,363,430,
448,363,416,
448,358,431,
453,358,419,
454,356,430,
454,354,422,
457,353,416,
444,339,414,
445,337,414,
446,335,417,
457,338,426,
454,332,423,
459,332,422,
457,325,420,
465,328,426,
467,327,427,
452,314,410,
446,309,399,
456,307,441,
482,331,434,
491,336,447,
517,353,504,
513,348,458,
476,318,464,
486,329,427,
486,325,422,
494,330,426,
482,323,414,
473,315,422,
495,331,433,
484,323,434,
484,322,426,
479,322,443,
487,325,473,
507,336,489,
500,331,466,
496,327,461,
493,327,454,
501,333,458,
499,330,456,
494,327,422,
493,325,421,
495,328,421,
496,329,438,
498,330,423,
487,323,411,
506,336,424,
507,337,423,
506,338,423,
506,338,423,
