11.9185,14.0474,16.3086,
11.9185,13.8293,16.438,
11.8718,13.9379,16.3732,
11.9185,13.9379,16.3086,
11.8718,13.8835,16.1804,
11.9185,13.9379,16.3732,
11.9653,14.1025,16.3086,
11.9653,13.8835,16.438,
12.0123,13.9926,16.3086,
11.9185,13.8293,16.3086,
11.9653,13.9379,16.2444,
11.9653,13.9926,16.5032,
11.9653,14.0474,16.3086,
11.9185,13.8835,16.438,
11.9185,13.7753,16.1804,
12.0123,14.0474,16.3086,
11.9653,13.9926,16.438,
11.9653,13.9379,16.3732,
11.9185,13.8835,16.1804,
11.8718,13.8835,16.3086,
11.9653,13.9926,16.5032,
11.9185,14.0474,16.5032,
11.8718,14.1025,16.438,
11.9653,14.1025,16.438,
11.9185,13.9926,16.3086,
12.0123,14.1578,16.6343,
12.0595,14.1578,16.5686,
11.9185,14.1578,16.7003,
11.9653,14.1578,16.6343,
11.9653,14.2691,16.7003,
12.0595,14.3812,16.8331,
12.0595,14.2691,16.9,
12.0595,14.3812,16.9,
12.1069,14.3251,16.8331,
12.0595,14.3812,16.8331,
12.25,14.4377,16.9672,
12.1069,14.4943,16.9672,
12.1069,14.4377,17.0346,
12.0595,14.6084,16.9,
12.0595,14.6084,16.9672,
12.1069,14.7233,17.1024,
12.1069,14.6657,16.9672,
12.0595,14.8975,17.0346,
12.1069,14.8392,17.0346,
12.0595,14.9561,17.1024,
12.1544,14.8975,17.1024,
12.1069,14.8392,17.0346,
12.1069,15.0149,16.9672,
12.0595,14.9561,17.0346,
12.1069,14.9561,17.1705,
12.1069,15.0149,17.1024,
12.1069,14.9561,17.1024,
12.0595,15.0739,17.2388,
12.0123,15.0149,17.1705,
12.0595,15.0739,17.1705,
12.2021,15.1332,17.1024,
12.0123,15.1332,17.1705,
12.1069,15.0739,17.1024,
12.0595,15.0739,17.0346,
12.1069,15.1927,17.1024,
12.2021,15.1927,17.2388,
12.25,15.4334,17.1705,
12.2021,15.2525,17.2388,
12.1544,15.3126,17.1024,
12.2981,15.4334,17.3765,
12.2021,15.4334,17.4458,
12.2981,15.3728,17.4458,
12.2981,15.3728,17.1705,
12.2981,15.4942,17.2388,
12.4922,15.6781,17.3765,
12.4434,15.6781,17.3765,
12.4434,15.5552,17.2388,
12.6893,15.6781,17.2388,
12.6893,15.8645,17.3765,
12.8391,16.0532,17.4458,
12.9399,16.1804,17.5154,
12.9906,16.3732,17.5154,
12.9399,16.438,17.5154,
13.0926,16.438,17.5154,
13.2471,16.8331,17.5154,
13.4034,16.8331,17.4458,
13.4559,16.9672,17.5154,
13.4559,17.0346,17.6556,
13.5615,17.1024,17.5154,
13.7753,17.3075,17.6556,
13.7753,17.4458,17.5154,
13.8293,17.6556,17.5154,
13.8835,17.7971,17.5154,
13.9926,17.8683,17.5854,
13.9926,17.7971,17.5854,
14.0474,17.8683,17.4458,
13.9926,18.0117,17.5854,
13.8293,17.8683,17.3765,
13.9926,17.8683,17.5854,
13.9926,18.0839,17.5854,
13.8835,18.0117,17.4458,
13.8293,17.8683,17.4458,
13.7216,18.0117,17.4458,
13.7216,18.0117,17.5854,
13.7216,17.9399,17.4458,
13.5615,17.8683,17.3075,
13.4034,17.6556,17.3765,
13.2471,17.4458,17.3075,
13.0926,17.4458,17.4458,
13.0415,16.7666,17.3765,
12.7889,16.5686,17.4458,
12.739,16.1804,17.4458,
12.6397,15.99,17.3075,
12.5412,15.9271,17.3765,
12.4434,15.5552,17.2388,
12.3948,15.2525,17.4458,
12.1544,15.0149,17.3075,
12.2021,14.8975,17.5154,
12.1544,14.7233,17.4458,
12.0123,14.3812,17.5154,
11.9653,14.2691,17.3765,
11.8253,14.1578,17.3075,
11.779,14.1578,17.5154,
11.9185,13.9926,17.5154,
11.8718,13.8835,17.3765,
11.8718,13.8835,17.3765,
11.8253,13.7753,17.4458,
11.8718,13.8293,17.3765,
11.8253,13.7753,17.5854,
11.779,13.7753,17.5154,
11.779,13.7753,17.4458,
11.7329,13.668,17.3765,
11.8253,13.8293,17.5154,
11.8253,13.7216,17.5854,
11.779,13.7216,17.4458,
11.779,13.668,17.5154,
11.7329,13.7216,17.4458,
11.8253,13.7216,17.5154,
11.8253,13.7753,17.4458,
