12.2021,14.5512,17.2388,
12.25,14.4943,17.3765,
12.25,14.5512,17.2388,
12.1544,14.5512,17.3075,
12.1544,14.6657,17.1705,
12.2021,14.6084,17.1705,
12.25,14.6084,17.2388,
12.2021,14.6657,17.3075,
12.25,14.7233,17.2388,
12.25,14.8392,17.1705,
12.5412,14.9561,17.3075,
12.739,15.0739,17.3075,
12.8894,15.1927,17.2388,
13.1439,15.3126,17.1705,
13.3511,15.4942,17.3075,
13.7216,15.74,17.3765,
13.8293,15.8021,17.3765,
14.0474,15.8645,17.3765,
14.2133,15.99,17.2388,
14.3251,16.1804,17.1024,
14.6084,16.438,17.4458,
14.6657,16.438,17.3765,
14.8392,16.5032,17.3075,
14.8975,16.5686,17.2388,
14.9561,16.7003,17.3075,
15.1927,16.9,17.3765,
15.1332,16.8331,17.3075,
15.1927,17.2388,17.4458,
15.1332,17.0346,17.1024,
15.3126,17.2388,17.4458,
15.4334,17.5154,17.3765,
15.4942,17.3765,17.3765,
15.4942,17.5854,17.4458,
15.4334,17.6556,17.2388,
15.6781,17.7971,17.3075,
15.8021,17.9399,17.3075,
15.8021,17.8683,17.3075,
15.8645,18.0117,17.3765,
15.8021,17.9399,17.1705,
15.9271,18.0117,17.5154,
16.0532,18.3026,17.4458,
15.99,18.2293,17.4458,
15.9271,18.3026,17.3075,
15.9271,18.45,17.3075,
16.1166,18.3026,17.3765,
16.1166,18.45,17.5154,
16.1166,18.5242,17.3075,
16.1804,18.5988,17.3765,
16.1166,18.5988,17.3075,
16.3086,18.9007,17.4458,
16.1804,18.7491,17.4458,
16.2444,18.5988,17.3765,
16.2444,18.5988,17.3765,
16.1804,18.5988,17.2388,
16.2444,18.7491,17.4458,
16.0532,18.45,17.3075,
16.0532,18.2293,17.3765,
15.74,18.2293,17.3075,
15.6166,18.0117,17.2388,
15.4942,17.9399,17.3765,
15.3728,17.8683,17.3765,
15.0149,17.5154,17.3075,
14.8392,17.2388,17.2388,
14.6657,17.2388,17.2388,
14.6657,17.2388,17.1705,
14.4943,16.9,17.3075,
14.2133,16.8331,17.2388,
14.0474,16.6343,17.2388,
13.9379,16.5686,17.1705,
13.9379,16.5686,17.4458,
13.7753,16.3732,17.1705,
13.5086,15.9271,17.2388,
13.299,15.6166,17.0346,
13.1439,15.6166,17.3075,
13.0926,15.3728,17.3075,
12.9906,15.2525,17.1705,
12.9399,15.0149,17.3075,
12.739,14.8975,17.3075,
12.8391,14.8975,17.3075,
12.6893,14.7233,17.3075,
12.6893,14.6657,17.3075,
12.5412,14.6657,17.2388,
12.6397,14.6657,17.3075,
12.6397,14.6657,17.5854,
12.6397,14.5512,17.4458,
12.5904,14.4943,17.3765,
12.5412,14.4943,17.3765,
12.5904,14.4943,17.3765,
12.5412,14.7233,17.5154,
12.5904,14.4377,17.5854,
12.4434,14.4943,17.5154,
12.4922,14.3812,17.5154,
12.5904,14.4377,17.4458,
12.5412,14.5512,17.5854,
12.5904,14.5512,17.5154,
12.5904,14.5512,17.2388,
12.3948,14.3812,17.3765,
12.5412,14.4943,17.5854,
12.5904,14.5512,17.6556,
12.5904,14.4377,17.4458,
12.5412,14.6657,17.4458,
