13.7753,14.8975,17.1024,
13.7753,14.8975,17.1705,
13.7753,14.8975,17.1024,
13.7753,14.8975,17.1024,
13.7753,14.8975,17.1024,
13.7753,14.8975,17.1024,
13.7753,14.8975,17.1024,
13.7753,14.8975,17.1024,
13.7753,14.8392,17.1024,
13.7753,14.8975,17.1024,
13.7753,14.8975,17.1024,
13.7753,14.8975,17.1024,
13.7753,14.8975,17.1024,
13.7753,14.8975,17.1705,
13.7753,14.8975,17.1024,
13.7753,14.8975,17.1024,
13.7753,14.8975,17.1705,
13.7753,14.8975,17.1024,
13.7753,14.8975,17.1024,
13.7753,14.9561,17.1024,
13.7753,14.9561,17.1705,
13.7753,14.9561,17.1705,
13.7753,15.0149,17.1705,
13.7753,15.0149,17.1705,
13.7753,15.1332,17.2388,
13.7753,15.1927,17.2388,
13.7753,15.3728,17.1024,
13.7753,15.4942,17.1024,
13.7753,15.6166,17.0346,
13.7753,15.6781,17.0346,
13.7753,15.8021,17.1024,
13.7753,15.99,17.1024,
13.7753,16.1804,17.0346,
13.7753,16.2444,17.2388,
13.7753,16.3086,17.1705,
13.7753,16.3732,17.1024,
13.7753,16.5032,17.1705,
13.7753,16.6343,17.1024,
13.7753,16.9,17.1024,
13.7753,17.0346,17.1024,
13.7753,17.1705,17.1024,
13.7753,17.3765,17.1705,
13.7753,17.5854,17.2388,
13.7753,17.7262,17.2388,
13.7753,17.9399,17.1705,
13.7753,18.0117,17.2388,
13.8293,18.1565,17.3075,
13.8293,18.2293,17.2388,
13.8293,18.3026,17.3075,
13.8835,18.3026,17.2388,
13.8835,18.3761,17.2388,
13.8835,18.45,17.3075,
13.9379,18.45,17.2388,
13.9926,18.45,17.2388,
13.9926,18.45,17.2388,
13.9926,18.45,17.2388,
13.9926,18.45,17.2388,
13.9379,18.45,17.2388,
13.9926,18.3761,17.2388,
13.9926,18.3761,17.2388,
13.9926,18.3761,17.2388,
13.9379,18.3026,17.3075,
13.9926,18.3026,17.3075,
13.9926,18.3026,17.3765,
13.9379,18.1565,17.3765,
13.8835,17.9399,17.3075,
13.8835,17.7971,17.3075,
13.8835,17.6556,17.3075,
13.8835,17.3765,17.2388,
13.8835,17.1705,17.3075,
13.8835,17.0346,17.3075,
13.8835,16.9672,17.2388,
13.8835,16.7666,17.2388,
13.8835,16.7003,17.2388,
13.8835,16.5686,17.3075,
13.8835,16.5032,17.3075,
13.8835,16.3732,17.3075,
13.8835,16.2444,17.3075,
13.8835,16.0532,17.3765,
13.8835,15.8645,17.3765,
13.8293,15.74,17.3765,
13.8293,15.6781,17.3765,
13.8293,15.5552,17.3765,
13.8293,15.4942,17.3765,
13.8293,15.4942,17.3765,
13.8293,15.4942,17.3765,
13.8293,15.4334,17.3075,
13.8293,15.3728,17.1705,
13.8293,15.3728,17.2388,
13.8293,15.2525,17.3075,
13.8293,15.2525,17.1705,
13.8293,15.1927,16.9672,
13.8293,15.1927,17.0346,
13.8293,15.1332,17.1024,
13.8293,15.1332,17.1024,
13.8293,15.0739,17.1024,
13.8293,15.0739,17.0346,
13.8293,15.0739,17.1024,
13.8293,15.0149,17.1024,
13.8293,15.0149,17.1024,
13.8293,15.0149,17.1024,
13.7753,15.0149,17.1705,
13.8293,14.9561,17.1705,
13.8293,14.9561,17.1705,
13.8293,14.9561,17.1705,
13.8293,14.9561,17.1024,
13.8293,14.9561,17.1705,
13.8293,14.9561,17.1024,
13.8293,14.8975,17.0346,
13.8293,14.8975,16.9672,
13.8293,14.8975,16.9,
13.8293,14.8975,16.9672,
13.8293,14.8975,16.9672,
13.8293,14.8975,16.9672,
13.7753,14.8975,16.9672,
13.8293,14.8392,16.9,
13.8293,14.8975,16.9672,
13.8293,14.8975,16.9,
13.8293,14.8975,16.9,
13.8293,14.8975,16.9,
13.8293,14.8975,16.9672,
13.8293,14.8975,16.9,
13.8293,14.8975,16.9,
13.8293,14.8975,16.9,
13.7753,14.8392,16.9,
