14.5512,14.8392,17.2388,
14.5512,14.8392,17.2388,
14.5512,14.8392,17.2388,
14.5512,14.8392,17.2388,
14.5512,14.8975,17.2388,
14.5512,14.8392,17.2388,
14.5512,14.8392,17.2388,
14.5512,14.7811,17.2388,
14.5512,14.8392,17.2388,
14.5512,14.8392,17.2388,
14.5512,14.8392,17.2388,
14.5512,14.8392,17.2388,
14.5512,14.8392,17.1705,
14.5512,14.8392,17.2388,
14.5512,14.8392,17.2388,
14.5512,14.8975,17.2388,
14.5512,14.8975,17.2388,
14.5512,14.9561,17.2388,
14.5512,15.0149,16.8331,
14.5512,15.0739,16.5032,
14.5512,15.1332,16.5032,
14.6084,15.1927,16.7666,
14.5512,15.3126,17.1705,
14.5512,15.4942,17.3765,
14.5512,15.74,17.2388,
14.5512,15.8021,17.2388,
14.5512,15.9271,17.1024,
14.5512,16.0532,17.1024,
14.5512,16.2444,17.1705,
14.5512,16.438,16.3732,
14.5512,16.5686,16.3086,
14.5512,16.7003,16.2444,
14.5512,16.8331,16.3732,
14.5512,16.9672,16.3086,
14.5512,17.1705,16.3732,
14.5512,17.4458,16.438,
14.5512,17.7262,16.3086,
14.5512,18.0839,16.2444,
14.5512,18.3026,17.7262,
14.5512,18.5242,16.3086,
14.6084,18.5988,16.7003,
14.6657,18.5988,18.7491,
14.7233,18.7491,16.438,
14.7811,18.7491,16.6343,
14.7811,18.7491,17.3765,
14.7811,18.6738,16.7666,
14.7233,18.6738,16.3086,
14.7233,18.6738,16.7003,
14.7233,18.5988,16.9,
14.6657,18.5242,17.1705,
14.6084,18.3026,17.1024,
14.6084,18.0839,18.8247,
14.6084,17.8683,19.443,
14.5512,17.6556,18.6738,
14.5512,17.4458,18.45,
14.5512,17.3075,18.3761,
14.5512,17.1024,18.2293,
14.5512,16.9672,18.45,
14.5512,16.8331,18.5242,
14.5512,16.7666,18.45,
14.5512,16.7666,18.45,
14.5512,16.6343,18.3761,
14.5512,16.5032,17.9399,
14.5512,16.5032,18.0839,
14.5512,16.3732,18.3761,
14.5512,16.3086,18.1565,
14.5512,16.2444,18.1565,
14.5512,16.1804,18.0839,
14.5512,16.1166,18.0839,
14.5512,16.1166,18.1565,
14.5512,16.0532,18.0117,
14.5512,15.9271,18.1565,
14.5512,15.8645,18.45,
14.5512,15.8021,18.9007,
14.4943,15.8021,18.9007,
14.5512,15.74,19.0538,
14.5512,15.6781,18.7491,
14.5512,15.6166,18.9771,
14.4943,15.6166,20.0038,
14.5512,15.5552,20.1676,
14.5512,15.5552,20.6687,
14.5512,15.4334,21.0112,
14.5512,15.4334,19.3644,
14.5512,15.3728,19.0538,
14.5512,15.3126,19.2084,
14.5512,15.3126,19.681,
14.5512,15.2525,19.7611,
14.5512,15.1927,18.7491,
14.5512,15.1332,20.333,
14.5512,15.0739,17.2388,
14.5512,15.0149,17.0346,
14.5512,15.0149,17.1705,
14.5512,14.9561,19.9225,
14.5512,14.9561,19.1309,
14.5512,14.9561,16.6343,
14.5512,14.8975,16.7003,
14.5512,14.8975,16.6343,
14.5512,14.8975,16.7003,
14.5512,14.8975,16.7003,
14.5512,14.8975,16.6343,
14.5512,14.8975,16.5686,
14.5512,14.8392,16.5686,
14.5512,14.8392,16.5686,
14.5512,14.8392,16.5686,
14.5512,14.8392,16.5686,
14.5512,14.8392,16.5686,
14.5512,14.8392,16.5686,
