446,474,444,
445,475,446,
446,474,445,
446,473,446,
445,474,446,
446,476,445,
446,474,444,
446,474,445,
446,474,446,
445,474,445,
445,474,446,
446,474,446,
445,472,445,
446,473,445,
445,474,445,
445,474,446,
446,472,443,
445,470,443,
445,465,446,
445,462,446,
446,461,446,
445,458,447,
448,456,445,
446,452,446,
448,447,449,
451,446,450,
451,443,448,
449,436,452,
449,433,449,
449,429,450,
450,423,445,
449,420,444,
449,418,445,
450,413,449,
454,415,446,
451,409,452,
447,405,426,
441,394,403,
438,391,403,
440,391,441,
438,385,385,
436,388,425,
443,388,425,
433,379,424,
432,376,425,
431,377,440,
431,376,439,
434,376,434,
430,374,440,
428,373,448,
431,375,448,
432,376,449,
432,377,445,
433,378,450,
434,378,454,
434,380,457,
433,382,457,
436,384,458,
436,385,459,
437,387,461,
436,389,465,
437,392,468,
438,392,467,
438,394,470,
438,394,470,
439,396,471,
439,398,473,
438,399,474,
439,399,476,
439,401,480,
440,402,485,
438,404,485,
438,404,483,
439,404,486,
439,404,491,
438,406,532,
438,407,526,
438,409,507,
438,410,539,
438,411,537,
437,411,538,
437,413,540,
438,413,535,
438,416,510,
438,418,507,
439,419,511,
438,419,510,
438,422,510,
437,424,485,
437,427,478,
436,428,493,
437,431,512,
438,434,491,
439,437,490,
439,439,505,
442,444,512,
451,455,530,
453,458,526,
451,460,530,
448,460,516,
452,465,519,
454,466,526,
452,468,527,
452,467,481,
449,466,508,
450,468,510,
448,466,507,
448,468,520,
447,468,508,
444,465,494,
438,459,481,
434,456,468,
433,455,466,
414,437,463,
418,441,444,
420,442,470,
421,445,467,
421,445,466,
424,444,468,
424,445,465,
424,446,469,
424,445,467,
421,446,469,
423,445,465,
423,445,466,
424,445,465,
423,443,466,
424,443,468,
424,444,465,
423,442,465,
423,440,465,
422,438,465,
419,432,461,
416,427,459,
411,419,449,
428,434,454,
443,443,466,
448,447,458,
449,443,476,
453,438,485,
455,434,493,
456,432,477,
458,430,463,
462,429,492,
463,428,492,
467,425,502,
466,423,450,
468,420,450,
470,418,463,
471,418,473,
473,416,488,
475,417,462,
475,418,484,
476,417,476,
478,417,469,
478,419,446,
478,418,473,
481,417,415,
480,415,508,
480,417,496,
482,416,501,
482,416,496,
482,416,507,
482,414,516,
484,415,512,
483,415,524,
484,415,527,
483,415,524,
484,415,518,
485,414,510,
486,413,508,
485,409,505,
477,404,499,
473,399,492,
473,397,490,
473,399,477,
471,394,462,
464,387,450,
465,384,446,
476,394,459,
472,387,451,
487,398,464,
488,397,463,
489,395,461,
491,397,460,
489,395,460,
491,395,456,
489,393,455,
483,387,449,
482,384,444,
483,386,446,
481,384,445,
485,386,448,
484,384,445,
480,379,440,
482,382,440,
485,384,442,
493,390,449,
492,390,451,
491,392,450,
491,391,447,
487,388,444,
486,384,443,
483,383,442,
478,379,436,
491,388,448,
494,392,451,
496,391,449,
496,392,451,
495,392,453,
495,394,453,
495,393,453,
496,394,452,
495,390,450,
494,390,450,
494,395,452,
494,396,454,
496,397,452,
494,392,451,
493,390,450,
492,388,449,
493,389,448,
492,388,449,
490,389,448,
490,386,447,
487,384,447,
486,385,446,
487,383,445,
485,379,442,
485,379,442,
483,378,444,
482,378,440,
481,379,442,
480,378,442,
482,377,441,
481,380,441,
481,377,442,
