464,452,432,
464,452,433,
464,452,433,
465,453,433,
467,455,434,
467,454,432,
467,453,434,
466,455,434,
466,454,433,
466,455,434,
466,454,433,
467,455,435,
469,457,437,
471,457,436,
472,458,436,
472,458,438,
472,457,437,
470,458,438,
471,458,439,
473,459,438,
472,458,438,
473,457,439,
473,458,440,
472,457,439,
472,456,439,
472,452,437,
470,446,438,
471,442,438,
472,441,438,
471,441,438,
471,437,438,
471,433,436,
471,430,435,
468,424,435,
468,421,433,
467,416,433,
463,409,428,
464,405,431,
469,407,435,
469,407,436,
466,400,431,
467,404,437,
460,396,427,
457,392,426,
458,393,426,
459,392,424,
458,391,424,
456,390,426,
461,393,428,
462,391,428,
459,388,426,
457,385,425,
456,382,426,
454,380,425,
452,377,424,
453,376,423,
453,376,423,
451,375,423,
451,373,423,
452,375,425,
452,375,423,
451,375,423,
452,378,424,
450,377,424,
454,378,424,
453,380,424,
452,379,424,
453,380,423,
453,383,424,
453,385,424,
454,387,423,
453,390,424,
454,390,425,
455,391,425,
455,394,425,
454,394,427,
455,395,424,
454,397,424,
454,396,426,
455,398,427,
456,399,426,
455,400,428,
456,400,425,
454,402,425,
454,402,426,
455,402,425,
455,406,425,
456,405,424,
454,406,428,
456,409,427,
457,411,428,
457,412,428,
456,416,429,
458,417,427,
457,418,428,
456,419,427,
456,423,428,
458,426,427,
457,425,427,
456,425,426,
455,428,425,
456,430,425,
454,432,426,
456,435,425,
456,436,419,
457,437,413,
457,439,390,
457,441,425,
456,442,370,
458,443,427,
455,442,393,
461,449,432,
456,446,382,
465,455,433,
459,452,430,
464,456,435,
464,459,402,
465,457,433,
464,459,435,
468,463,437,
469,465,437,
468,467,441,
468,468,438,
467,466,438,
467,468,438,
469,469,440,
470,469,440,
469,469,442,
469,470,426,
470,471,439,
469,470,441,
470,470,441,
471,470,439,
469,469,440,
469,468,440,
471,467,439,
471,466,439,
471,463,440,
471,463,439,
471,460,439,
470,458,438,
470,453,440,
471,449,440,
471,448,442,
471,448,441,
470,446,442,
471,446,443,
472,443,440,
471,439,442,
470,434,441,
473,432,442,
472,427,442,
472,427,446,
473,423,447,
472,422,450,
474,419,452,
475,418,454,
474,415,445,
474,415,458,
475,414,459,
477,413,461,
477,412,463,
478,412,466,
479,410,469,
479,409,469,
480,407,472,
479,407,474,
475,403,471,
467,396,463,
464,392,460,
466,391,460,
471,394,464,
467,390,460,
470,391,462,
480,400,469,
470,389,456,
470,386,454,
472,388,453,
473,386,452,
476,386,451,
480,391,455,
476,385,448,
476,381,446,
484,387,449,
484,389,451,
485,387,450,
481,382,444,
484,383,446,
487,385,448,
489,385,449,
489,386,447,
490,386,448,
490,384,447,
491,387,448,
492,386,446,
492,386,448,
493,388,448,
493,386,447,
493,385,448,
492,387,448,
495,386,447,
494,386,446,
493,386,447,
493,384,447,
493,385,448,
494,386,447,
494,386,446,
494,386,447,
493,386,448,
493,386,447,
493,386,447,
494,387,447,
494,387,447,
494,388,449,
494,387,447,
495,386,447,
495,386,447,
494,387,448,
495,385,448,
494,387,446,
494,387,448,
494,385,447,
494,386,447,
494,386,448,
495,386,449,
