458,473,440,
458,474,440,
458,472,440,
458,473,440,
458,472,440,
456,472,442,
458,471,442,
457,473,441,
456,472,441,
459,474,442,
459,474,441,
458,472,442,
459,472,442,
458,473,442,
459,472,441,
459,472,441,
459,472,440,
458,472,442,
460,473,441,
457,472,442,
457,472,443,
458,470,442,
458,471,440,
457,472,443,
458,470,441,
458,472,442,
459,471,443,
458,470,441,
458,468,441,
459,469,442,
458,468,444,
460,466,442,
458,463,444,
459,460,442,
457,452,441,
457,446,442,
456,441,442,
456,438,442,
455,435,442,
456,431,440,
456,427,438,
453,422,440,
449,413,433,
439,402,424,
442,405,429,
440,399,425,
444,401,429,
454,406,438,
449,404,436,
440,395,427,
434,390,422,
449,400,434,
445,397,432,
446,398,432,
439,389,420,
446,394,430,
450,395,433,
438,383,421,
436,381,420,
441,383,426,
446,386,428,
446,386,431,
445,383,428,
447,387,433,
445,383,433,
446,385,433,
447,385,433,
444,384,434,
446,385,432,
447,387,434,
447,386,435,
448,386,434,
450,388,434,
448,388,436,
450,389,434,
450,392,435,
449,391,435,
450,393,436,
452,395,435,
452,398,434,
451,396,437,
451,400,436,
452,399,437,
453,402,436,
451,402,438,
454,405,436,
453,407,436,
454,407,413,
452,407,440,
453,413,437,
453,410,431,
453,411,438,
454,412,438,
455,415,405,
453,414,435,
452,417,436,
454,420,398,
452,420,436,
453,422,435,
453,422,426,
452,425,438,
453,428,436,
453,428,435,
453,430,436,
453,429,436,
453,432,435,
453,433,436,
453,435,436,
452,436,437,
452,441,439,
450,439,435,
448,440,434,
453,447,440,
453,448,440,
452,449,439,
452,452,442,
452,455,442,
451,455,436,
451,458,439,
453,461,389,
442,452,368,
450,462,442,
452,465,438,
450,467,441,
451,468,349,
452,468,433,
452,468,411,
447,467,441,
447,465,438,
446,465,438,
446,464,436,
444,464,434,
450,472,404,
452,475,388,
450,474,442,
450,474,442,
451,472,440,
451,474,440,
449,474,440,
448,472,436,
447,472,417,
448,473,440,
448,472,430,
448,474,438,
448,472,433,
447,471,424,
448,472,433,
448,470,435,
446,470,435,
447,472,436,
448,470,435,
447,468,434,
447,467,434,
447,466,434,
448,464,433,
448,463,430,
448,461,426,
450,461,426,
449,458,424,
450,456,425,
451,453,421,
451,452,422,
450,448,423,
451,445,422,
452,441,410,
454,434,389,
457,428,395,
456,425,402,
456,419,440,
457,416,429,
458,414,444,
459,408,438,
461,408,445,
461,407,444,
460,404,448,
462,403,450,
463,401,449,
462,400,455,
466,398,455,
465,397,456,
466,397,458,
469,397,462,
470,396,462,
472,397,464,
472,394,465,
473,395,464,
474,393,466,
473,393,468,
476,394,468,
476,394,470,
476,393,469,
477,393,467,
478,389,465,
479,389,464,
472,383,457,
485,390,464,
479,385,455,
490,390,462,
483,381,453,
491,388,459,
481,379,448,
486,381,449,
495,385,454,
487,378,447,
479,373,438,
489,379,447,
487,377,444,
493,381,450,
493,382,449,
493,382,449,
494,382,449,
497,383,450,
499,384,451,
500,385,454,
500,384,454,
500,386,455,
501,386,454,
502,387,453,
502,386,455,
502,390,456,
503,388,455,
502,388,456,
503,389,457,
505,391,456,
505,390,456,
502,391,458,
505,391,457,
505,392,457,
505,390,457,
505,390,457,
505,390,457,
506,393,459,
