442,462,433,
443,463,431,
444,462,433,
444,462,433,
443,463,434,
443,463,432,
444,463,431,
443,464,433,
444,462,430,
443,463,432,
445,463,431,
444,462,432,
443,461,432,
442,462,434,
444,461,434,
443,461,432,
443,460,433,
443,458,433,
443,458,431,
444,458,433,
444,454,435,
445,454,432,
445,453,432,
444,448,432,
444,449,433,
442,443,433,
443,437,431,
441,433,428,
439,427,429,
440,425,432,
443,422,431,
441,421,432,
443,418,434,
443,415,432,
441,413,430,
440,409,431,
434,402,425,
430,396,420,
432,394,421,
434,395,424,
427,384,414,
428,384,418,
431,384,422,
434,387,425,
436,384,426,
433,382,425,
434,381,426,
435,377,424,
436,379,425,
437,374,426,
435,373,426,
437,377,429,
439,378,432,
440,379,430,
439,377,430,
438,379,431,
438,378,432,
439,378,430,
440,378,430,
441,378,431,
441,380,431,
440,380,432,
444,382,429,
442,384,430,
442,385,431,
443,384,429,
442,390,432,
441,390,431,
443,395,432,
443,395,431,
443,397,432,
444,398,434,
443,401,432,
443,401,433,
443,404,432,
443,406,434,
443,407,430,
445,409,428,
442,411,421,
442,411,423,
444,414,408,
442,413,421,
442,414,427,
443,416,424,
443,418,412,
442,421,403,
444,420,409,
442,421,414,
443,422,415,
443,424,416,
442,427,418,
443,429,413,
444,431,402,
445,432,399,
443,432,395,
443,434,399,
443,436,400,
444,438,395,
444,438,418,
443,438,431,
441,438,433,
441,440,432,
438,438,428,
415,417,406,
439,441,427,
437,441,428,
435,442,428,
435,445,426,
435,444,425,
437,447,426,
435,446,427,
431,441,420,
431,444,423,
433,446,420,
432,446,424,
433,450,419,
432,448,422,
431,448,422,
427,444,416,
426,442,399,
424,442,412,
424,443,415,
423,441,413,
423,440,412,
422,440,413,
420,437,407,
418,434,408,
414,434,407,
414,432,407,
415,433,404,
415,433,406,
414,432,407,
415,432,406,
415,432,405,
415,433,407,
415,430,405,
415,431,405,
415,432,406,
416,429,408,
416,428,406,
417,428,406,
416,427,406,
417,428,406,
416,424,408,
420,422,407,
422,421,407,
423,419,408,
424,418,409,
426,417,409,
425,413,409,
426,409,410,
430,405,412,
430,402,414,
432,400,412,
433,399,417,
444,409,395,
461,421,442,
464,421,442,
468,421,451,
468,420,444,
470,419,458,
470,417,461,
470,416,462,
471,415,464,
471,415,466,
471,414,467,
475,412,464,
473,412,467,
475,409,470,
475,408,471,
477,409,473,
477,407,474,
479,405,472,
479,405,471,
481,402,472,
482,400,471,
483,398,471,
486,397,469,
487,397,467,
489,396,466,
490,394,466,
491,394,464,
488,390,457,
479,382,448,
488,385,454,
490,387,455,
490,387,453,
474,372,427,
479,375,434,
481,374,439,
472,367,432,
485,378,441,
489,378,444,
489,380,444,
481,372,434,
476,370,432,
477,370,430,
482,373,432,
479,371,431,
480,371,435,
475,369,429,
477,368,429,
474,368,428,
476,369,427,
475,367,427,
475,369,429,
477,371,430,
475,367,427,
475,367,426,
473,365,426,
473,364,424,
473,366,424,
473,364,423,
471,365,425,
471,365,425,
470,366,425,
471,365,424,
472,365,424,
471,365,424,
469,365,425,
471,364,425,
470,365,423,
469,363,421,
468,362,421,
468,362,421,
468,362,421,
468,362,423,
467,362,421,
469,364,425,
471,363,425,
