10.7589,21.0979,16.8331,
10.7589,21.0979,16.8331,
10.7164,21.1851,16.8331,
10.7589,21.1851,16.8331,
10.7589,21.1851,16.8331,
10.7164,21.1851,16.8331,
10.7589,21.1851,16.8331,
10.7589,21.1851,16.8331,
10.7589,21.0979,16.8331,
10.7164,21.1851,16.8331,
10.7589,21.1851,16.8331,
10.7589,21.0979,16.7666,
10.7589,21.1851,16.8331,
10.8015,21.1851,16.7666,
10.7589,21.0979,16.8331,
10.7589,21.1851,16.7666,
10.7589,21.0979,16.8331,
10.7589,21.1851,16.8331,
10.8015,21.2727,16.8331,
10.8015,21.1851,16.8331,
10.8015,21.0979,16.7666,
10.8015,21.1851,16.8331,
10.8443,21.1851,16.7666,
10.8443,21.0979,16.8331,
10.8872,21.0979,16.8331,
10.8872,21.1851,16.7666,
10.8872,21.0979,16.8331,
10.8872,21.1851,16.7666,
10.9303,21.1851,16.8331,
10.9303,21.0979,16.8331,
11.0169,21.1851,16.8331,
11.1042,21.0979,16.8331,
11.192,21.1851,16.8331,
11.5046,21.0979,16.8331,
12.0123,21.0979,16.7666,
12.5412,21.0979,16.7666,
13.1439,21.1851,16.8331,
13.6147,21.1851,16.8331,
14.0474,21.0979,16.8331,
14.2691,21.0112,16.7666,
14.6084,21.0112,16.8331,
15.0149,21.0979,16.9,
15.3126,21.0979,16.9,
15.6781,21.2727,16.9,
16.0532,21.1851,16.9,
16.5686,21.1851,16.9,
16.9672,21.1851,16.8331,
17.3075,21.1851,16.8331,
17.8683,21.1851,16.8331,
18.3026,21.5381,16.9672,
18.7491,21.7174,17.0346,
19.0538,21.8077,17.1024,
19.443,21.8077,17.1024,
19.681,21.7174,17.1024,
20.0855,21.7174,17.1024,
20.4163,21.8984,17.2388,
21.7174,22.8328,18.0839,
23.0256,23.9195,18.9771,
22.0814,22.8328,18.0839,
23.4175,23.9195,19.0538,
23.7171,24.0215,19.1309,
24.2273,24.4353,19.443,
23.1228,23.2205,18.3761,
22.5473,22.642,17.9399,
22.2663,22.642,17.8683,
22.1736,22.642,17.8683,
22.0814,22.642,17.9399,
21.8984,22.5473,17.8683,
21.7174,22.5473,17.9399,
22.0814,23.2205,18.5242,
21.8077,23.4175,18.7491,
21.8984,23.818,19.1309,
21.8984,24.5402,19.8416,
20.4163,23.5168,18.7491,
20.8391,24.2273,19.681,
19.681,24.1241,19.443,
17.6556,22.5473,18.0839,
16.3732,22.0814,17.5154,
16.5686,22.8328,18.2293,
16.1804,22.9289,18.3761,
15.9271,22.9289,18.3761,
15.5552,23.0256,18.3761,
15.3126,23.0256,18.45,
15.0739,23.0256,18.3761,
14.8392,22.9289,18.45,
14.6657,23.0256,18.45,
13.9379,22.3595,17.9399,
13.7216,22.3595,17.9399,
13.4559,22.4531,18.0117,
13.2471,22.4531,18.0117,
13.1439,22.3595,18.0117,
12.9906,22.5473,18.0117,
12.8894,22.5473,18.0839,
12.8391,22.5473,18.1565,
12.739,22.7371,18.2293,
12.9906,23.2205,18.5988,
13.299,23.7171,19.0538,
12.6397,22.9289,18.3761,
12.2981,22.5473,18.1565,
12.5904,23.1228,18.5242,
11.779,22.0814,17.5854,
11.55,21.8984,17.4458,
12.0595,22.5473,18.1565,
12.6397,23.6167,18.9771,
11.6869,22.2663,17.7971,
11.3697,21.7174,17.4458,
11.2362,21.7174,17.3075,
11.2806,21.8984,17.3765,
11.2806,21.7174,17.4458,
11.2806,21.8077,17.4458,
11.192,21.8077,17.3765,
11.1042,21.7174,17.3075,
11.1042,21.7174,17.3075,
11.1042,21.7174,17.3075,
11.1042,21.7174,17.3075,
11.1042,21.6275,17.3075,
11.0605,21.7174,17.3075,
11.0605,21.7174,17.3075,
