10.3819,21.4492,17.2388,
10.3408,21.3607,17.2388,
10.3408,21.3607,17.2388,
10.3408,21.3607,17.1705,
10.3408,21.4492,17.1705,
10.3408,21.2727,17.3075,
10.3819,21.2727,17.2388,
10.3408,21.3607,17.2388,
10.3408,21.3607,17.1705,
10.3408,21.2727,17.1705,
10.3408,21.3607,17.2388,
10.3408,21.3607,17.2388,
10.3408,21.4492,17.2388,
10.3408,21.3607,17.1705,
10.3408,21.3607,17.2388,
10.3408,21.3607,17.2388,
10.3408,21.3607,17.1705,
10.3408,21.2727,17.1705,
10.3408,21.3607,17.1705,
10.4232,21.3607,17.2388,
10.3819,21.4492,17.1705,
10.4232,21.4492,17.2388,
10.5063,21.3607,17.1705,
10.548,21.3607,17.2388,
10.8015,21.3607,17.2388,
11.4145,21.3607,17.1705,
12.0123,21.3607,17.1705,
12.4434,21.3607,17.2388,
12.9399,21.3607,17.2388,
13.5086,21.3607,17.1705,
14.0474,21.3607,17.1705,
14.4943,21.3607,17.1024,
15.0739,21.3607,17.1705,
15.6166,21.3607,17.1705,
16.2444,21.4492,17.1705,
16.9,21.3607,17.1024,
17.5154,21.3607,17.1705,
17.8683,21.3607,17.1024,
18.2293,21.3607,17.1705,
18.5242,21.3607,17.1024,
18.6738,21.4492,17.1024,
18.9007,21.6275,17.1024,
19.0538,21.7174,17.1705,
19.3644,21.8077,17.1024,
19.681,21.7174,17.1024,
20.1676,21.8077,17.1024,
20.5,21.7174,17.1024,
20.9249,21.8077,17.1705,
21.1851,21.8077,17.1705,
21.5381,21.8984,17.2388,
21.7174,21.9897,17.2388,
21.9897,21.8984,17.2388,
21.8984,21.8984,17.2388,
22.0814,21.9897,17.3075,
22.1736,21.9897,17.3075,
22.0814,21.8984,17.2388,
22.0814,21.8984,17.3075,
21.9897,21.9897,17.2388,
21.9897,21.9897,17.2388,
21.8984,21.8984,17.2388,
21.8077,21.9897,17.2388,
21.6275,21.8984,17.1705,
21.3607,21.8077,17.2388,
21.2727,21.8984,17.2388,
20.7537,21.8984,17.2388,
20.2501,21.8077,17.2388,
19.681,21.7174,17.2388,
19.0538,21.7174,17.2388,
18.45,21.7174,17.2388,
17.6556,21.7174,17.3075,
16.5686,21.6275,17.2388,
15.5552,21.5381,17.1705,
14.7811,21.5381,17.1705,
13.9379,21.5381,17.1024,
13.299,21.4492,17.1705,
12.8391,21.4492,17.1705,
12.4434,21.5381,17.1024,
12.1069,21.4492,17.1024,
11.8253,21.3607,17.0346,
11.6411,21.4492,17.1024,
11.5046,21.4492,17.1024,
11.3697,21.3607,17.1024,
11.2806,21.3607,17.1024,
11.148,21.4492,17.1024,
11.0169,21.3607,17.1024,
11.0169,21.3607,17.1024,
10.9303,21.3607,17.1024,
10.8443,21.3607,17.1024,
10.8015,21.4492,17.1024,
10.7589,21.4492,17.1024,
10.7164,21.4492,17.1024,
10.7164,21.4492,17.1024,
10.6741,21.4492,17.1024,
10.6319,21.4492,17.0346,
10.5899,21.3607,17.1024,
10.5899,21.3607,17.1024,
10.548,21.4492,17.1024,
10.548,21.3607,17.1024,
10.548,21.3607,17.1024,
10.5063,21.4492,17.1024,
10.5063,21.4492,17.0346,
10.5063,21.4492,17.0346,
10.4647,21.4492,17.1024,
10.4647,21.4492,17.1024,
10.4647,21.4492,17.0346,
10.5063,21.3607,17.1024,
10.4647,21.4492,17.0346,
